tree
version=v2
num_class=1
num_tree_per_iteration=1
label_index=0
max_feature_idx=9
objective=binary sigmoid:1
feature_names=H25_age H25_sex H25_bmi H25_dbp H25_sbp H25_lhrate H25_a1c H25_ht H25_dm H25_is_medicine
feature_infos=[18:74] [1:2] [0:65.599999999999994] [0:169] [0:238] [0.097560975609756101:8.8461538461538485] [2.7999999999999998:15.300000000000001] [0:1] [0:1] [0:2]
tree_sizes=2553 2603 2598 2614 2605 2610 2616 2620 2607 2621 2633 2639 2636 2621 2630 2643 2604 2629 2625 2615 2636 2640 2628 2630 2628

Tree=0
num_leaves=32
num_cat=0
split_feature=5 0 5 6 5 6 0 0 6 0 5 0 0 0 6 5 6 0 0 2 2 8 6 5 3 7 5 5 6 2 0
split_gain=2029.29 886.153 462.961 297.173 243.198 231.379 139.493 116.93 112.378 105.489 86.7432 84.2831 74.4627 67.0448 62.4802 52.9989 50.9073 35.3733 32.81 43.8545 32.1524 34.1643 31.7614 29.1391 26.2053 25.5444 24.7917 22.7401 20.2848 19.7847 19.1576
threshold=2.6540835707502377 52.500000000000007 3.7379000780640133 5.5500000000000007 1.9021999043519848 5.8500000000000005 46.500000000000007 55.500000000000007 5.9500000000000011 45.500000000000007 1.7467510548523209 56.500000000000007 53.500000000000007 47.500000000000007 5.9500000000000011 4.1384099616858245 6.4500000000000011 58.500000000000007 56.500000000000007 25.350000000000005 20.850000000000005 1.0000000180025095e-35 4.9500000000000011 3.2293374316939896 86.833333333333357 1.0000000180025095e-35 1.5024752475247527 3.1215816703621586 5.6500000000000012 30.950000000000003 41.500000000000007
decision_type=10 2 10 10 10 10 2 2 10 2 8 2 2 2 10 10 10 2 2 10 10 2 10 10 10 2 8 10 10 10 2
left_child=1 4 3 9 13 10 16 14 12 23 18 -7 15 -1 27 30 -6 25 -3 -20 -13 -22 -8 -2 -16 -11 -15 -5 -12 -28 -4
right_child=2 5 8 7 6 11 22 -9 -10 17 28 20 -14 26 24 -17 -18 -19 19 -21 21 -23 -24 -25 -26 -27 29 -29 -30 -31 -32
leaf_value=-2.579975323545205 -2.5408071759216186 -2.5504031544893557 -2.5017517358421468 -2.4957215110765643 -2.5590640997191154 -2.4776079900753238 -2.5472537138984594 -2.3757891238930622 -2.3106211860160553 -2.4950565932029001 -2.4988389714797958 -2.4803391850219527 -2.3176437903260014 -2.5681471533209499 -2.4462996525032565 -2.3958919988436267 -2.4616404394420122 -2.4101739908315469 -2.5218897943104417 -2.3946287059456322 -2.3535986939842815 -2.4957251263617501 -2.5093334806002252 -2.5066190024680717 -2.3784875682907747 -2.4152993320574523 -2.5449852787214384 -2.4590424976501035 -2.4625107854349793 -2.4118152536852704 -2.4442045400942578
leaf_count=22014 3067 1924 363 1499 10401 748 1031 677 460 2874 2881 134 237 3157 879 783 187 207 1128 95 587 80 3682 1290 327 146 2613 1141 721 27 603
internal_value=0 -0.357872 1.26331 0.953682 -0.578738 0.788621 -0.19023 1.73015 2.781 0.488158 0.4795 2.11829 2.35315 -0.792272 1.46115 2.04746 -0.434315 1.01194 0.0139277 0.50159 2.97763 3.32217 0.357764 0.0981185 2.1857 0.897813 -0.423807 1.11989 0.884553 -0.148361 1.41058
internal_count=65963 51410 14553 12107 43112 8298 15301 4523 2446 7584 6749 1549 1986 27811 3846 1749 10588 3227 3147 1223 801 667 4713 4357 1206 3020 5797 2640 3602 2640 966
shrinkage=1


Tree=1
num_leaves=32
num_cat=0
split_feature=5 0 5 0 0 5 6 6 6 5 0 3 5 9 6 2 3 6 6 5 6 0 0 9 2 2 5 9 9 0 5
split_gain=1780.18 735.987 399.982 306.309 240.578 161.464 117.683 111.212 110.593 92.6705 67.7863 59.7248 44.2238 44.1766 43.9177 42.681 42.2404 39.9759 39.7872 36.8918 35.6913 31.5605 29.3901 25.1255 34.2008 21.6221 20.8106 20.6645 20.2809 20.1416 18.5677
threshold=2.5371752349364294 47.500000000000007 3.5747340425531924 51.500000000000007 56.500000000000007 1.8104355716878404 5.8500000000000005 5.8500000000000005 5.5500000000000007 1.9346044191019247 59.500000000000007 87.833333333333357 4.5819892473118289 1.0000000180025095e-35 6.3500000000000005 25.350000000000005 95.833333333333357 5.5500000000000007 5.9500000000000011 3.0849260728452945 6.7500000000000009 43.500000000000007 45.500000000000007 1.0000000180025095e-35 20.850000000000005 28.950000000000003 1.4808909444985396 1.0000000180025095e-35 1.0000000180025095e-35 38.500000000000007 2.8299879566439183
decision_type=10 2 10 2 2 8 10 10 10 10 2 10 10 2 10 8 10 10 10 10 10 2 2 2 10 8 10 2 2 2 10
left_child=1 9 3 8 5 20 15 11 16 28 18 12 -4 19 29 -6 21 -7 -5 -10 26 -2 -13 24 -8 -24 -3 -17 -1 -11 -23
right_child=2 4 7 10 6 17 23 -9 13 14 -12 22 -14 -15 -16 27 -18 -19 -20 -21 -22 30 25 -25 -26 -27 -28 -29 -30 -31 -32
leaf_value=-0.044431860590526014 -0.0062995224965738065 -0.02849310309917898 0.066053518459661606 0.063876227639381264 0.027070069696463278 0.011783303714236379 0.034628177474764037 0.16867552374194042 0.025568602291274306 -0.038972422560630181 0.15407316889640532 0.094172738993720598 0.14516270960826835 0.11219594449545552 0.064921669257292383 0.11061431115285202 0.082635953250640784 0.043330814142109451 0.12360957952081153 0.0677457712918028 0.072779144490576042 0.0023170968258499716 0.2399474608345781 0.038655735441413125 0.15255844597734119 0.060928652284240194 -0.0078532867099015673 -0.037040459307797834 0.0014746980823260422 -0.017486728848886284 0.032035165340330747
leaf_count=22253 3896 4337 1987 1998 2240 3877 113 730 1971 2154 449 189 263 331 192 313 250 2290 480 1150 140 1327 145 127 502 39 3144 30 372 6912 1762
internal_value=0 -0.383177 1.03593 0.739547 0.249409 0.0215653 1.14503 2.15571 0.435027 -0.737726 1.7919 1.77489 1.53084 0.980393 -0.411891 0.742504 0.162264 0.473642 1.53009 0.83346 -0.357602 0.105064 3.13332 2.38619 2.67635 4.17229 -0.395404 1.93728 -0.873515 -0.452727 0.389085
internal_count=65963 48996 16967 13614 17113 13788 3325 3353 10687 31883 2927 2623 2250 3452 9258 2583 7235 6167 2478 3121 7621 6985 373 742 615 184 7481 343 22625 9066 3089
shrinkage=0.05


Tree=2
num_leaves=32
num_cat=0
split_feature=5 0 6 5 0 0 5 5 6 5 0 5 6 4 4 0 6 6 2 6 4 0 5 5 4 0 0 2 9 9 5
split_gain=1566.89 660.041 330.471 215.148 171.453 167.714 125.001 92.5571 83.2104 75.6694 61.3219 47.1993 44.6439 44.0629 39.1571 36.0507 33.7499 32.5707 32.0856 28.5429 26.6329 26.1481 25.9736 25.9417 23.8238 21.0059 20.7461 18.1114 19.2316 17.6323 19.6076
threshold=2.4785670545009189 48.500000000000007 5.8500000000000005 3.7379000780640133 56.500000000000007 45.500000000000007 1.8104355716878404 1.9182000669120109 5.8500000000000005 3.4382621951219519 55.500000000000007 2.9071920757967273 5.9500000000000011 154.33333333333334 149.16666666666671 52.500000000000007 4.6500000000000012 6.7500000000000009 25.350000000000005 5.5500000000000007 161.25000000000003 53.500000000000007 4.1384099616858245 2.6821789321789322 137.16666666666671 44.500000000000007 44.500000000000007 18.550000000000004 1.0000000180025095e-35 1.0000000180025095e-35 1.5893796992481206
decision_type=10 2 10 10 2 2 8 10 10 10 2 10 10 10 10 2 10 10 8 10 10 2 10 10 10 2 2 10 2 2 10
left_child=1 7 3 5 6 11 17 25 18 15 14 -2 26 21 16 20 -7 29 -6 -8 -4 22 -5 -18 -12 -1 -9 -10 -29 -3 -31
right_child=2 4 9 13 8 10 19 12 27 -11 24 -13 -14 -15 -16 -17 23 -19 -20 -21 -22 -23 -24 -25 -26 -27 -28 28 -30 30 -32
leaf_value=-0.045475375856229135 -0.010832162070603963 -0.020867081446772601 0.053376145586473883 0.0507822087261008 0.024237441148126721 0.005497831962010322 0.012720650791918123 -0.028550663859555403 -0.035654529242676584 0.13685797464171875 0.068369721581178544 0.019828242971894946 0.034557536901868045 0.22089745790673154 0.10568467555225203 0.10910231775459378 0.016338944672146829 0.071590805980147915 0.084335719134036716 0.042027813146664601 0.18523701239411638 0.13863728054976981 0.097191864996343219 0.051698409440552165 0.13399823916219844 -0.031634638466211486 -0.0081201805310094858 0.1176061231535023 0.034246941762758908 -0.010296980031215519 0.082964970645363956
leaf_count=17790 3752 5871 1387 901 2186 1164 3048 6307 26 914 830 3494 508 63 255 688 1029 127 321 1874 40 205 719 2586 239 5926 2673 572 122 231 115
internal_value=0 -0.389107 0.898675 0.663383 0.275613 0.485439 0.0442418 -0.705349 1.00757 1.9418 0.927181 0.0864079 -0.381626 1.76249 0.745931 1.53727 0.665102 -0.323285 0.660808 0.485118 1.17825 1.63666 1.4573 0.840334 1.69164 -0.840217 -0.44749 2.01013 2.10849 -0.366676 0.46976
internal_count=65963 47697 18266 15237 14493 13349 11266 33204 3227 3029 6103 7246 9488 1888 5034 2115 4779 6344 2507 4922 1427 1825 1620 3615 1069 23716 8980 720 694 6217 346
shrinkage=0.05


Tree=3
num_leaves=32
num_cat=0
split_feature=5 0 5 1 0 0 0 1 5 5 9 1 5 3 4 5 0 0 3 0 5 0 5 9 4 5 5 9 0 5 4
split_gain=1385.83 617.747 264.836 227.663 173.02 149.296 132.694 105.242 165.441 91.0134 81.9528 61.0152 56.4482 49.97 44.863 37.4416 35.3626 31.7375 31.639 31.3366 30.946 29.1172 28.4098 23.7504 22.9045 21.5505 21.296 21.1409 20.0112 18.4128 23.0858
threshold=2.4785670545009189 48.500000000000007 3.5411036036036037 1.5000000000000002 45.500000000000007 55.500000000000007 55.500000000000007 1.5000000000000002 1.8104355716878404 1.9182000669120109 1.0000000180025095e-35 1.5000000000000002 2.8468057366362456 87.833333333333357 145.83333333333334 4.5819892473118289 44.500000000000007 60.500000000000007 92.583333333333357 44.500000000000007 1.7783625730994153 42.500000000000007 2.9390847247990113 1.0000000180025095e-35 137.16666666666671 1.352192701664533 1.9689903846153849 1.0000000180025095e-35 44.500000000000007 2.115069356872636 97.833333333333357
decision_type=10 2 10 2 2 2 2 2 10 10 2 2 10 10 10 10 2 2 10 2 8 2 10 2 10 10 8 2 2 10 10
left_child=1 9 3 6 22 7 10 20 25 27 12 17 14 15 -2 16 -4 26 21 -11 -3 -14 -5 -22 -8 -9 -7 28 -1 -10 -31
right_child=2 5 13 4 -6 11 24 8 29 19 -12 -13 18 -15 -16 -17 -18 -19 -20 -21 23 -23 -24 -25 -26 -27 -28 -29 -30 30 -32
leaf_value=-0.045718130413006756 -0.0094161891638132999 -0.028240455814406863 0.041426336782273143 -0.0033052810800269145 0.13039735175424647 0.0027419103762306983 0.058579748844223956 -0.022880074837274209 0.05720755885763118 -0.026131566287321724 0.072884968377109061 0.076364862832505945 0.00098050080967229387 0.12487655157469871 0.067370245867065859 0.1202769542089013 0.082220696919489453 0.062927735486186243 0.069898246046541046 -0.001928885707142622 -0.0071143985062847789 0.028860958472178989 0.065892962450610756 0.044957728606560103 0.11473544138057241 0.01281499765516597 0.039248000018002091 0.0026430073197728898 -0.031785426834579987 -0.011104123257378385 0.11637465252775539
leaf_count=17569 4889 3164 1255 596 1125 1381 883 1204 678 6566 661 1194 2185 601 258 359 1362 604 393 2922 3176 3113 303 316 283 1392 817 418 5729 51 516
internal_value=0 -0.376447 0.822519 0.588684 1.71992 0.258671 0.403428 0.00887476 0.517126 -0.691472 0.270887 0.842296 0.187971 1.63335 -0.103021 1.4355 1.27317 0.548119 0.435781 -0.368798 -0.279053 0.356749 0.438328 -0.042986 1.4744 -0.0709912 0.338798 -0.82862 -0.845157 1.59804 2.09819
internal_count=65963 47697 18266 14689 2024 14493 12665 10497 3841 33204 11499 3996 10838 3577 5147 2976 2617 2802 5691 9488 6656 5298 899 3492 1166 2596 2198 23716 23298 1245 567
shrinkage=0.05


Tree=4
num_leaves=32
num_cat=0
split_feature=5 6 6 5 5 1 1 4 5 3 4 4 4 4 1 6 5 5 6 5 6 1 4 5 6 5 6 5 4 4 2
split_gain=1228.71 282.89 230.395 190.172 158.435 132.477 128.943 52.5045 50.8137 45.1607 40.4687 39.9057 38.2281 36.5098 35.9469 28.4525 23.8214 22.8154 21.6208 21.319 20.0349 19.2743 18.1202 17.047 17.0245 16.5657 14.9635 25.3135 14.6785 13.9309 25.6313
threshold=2.4785670545009189 5.8500000000000005 5.9500000000000011 1.7071068124474353 3.2293374316939896 1.5000000000000002 1.5000000000000002 137.16666666666671 4.1384099616858245 75.833333333333357 129.83333333333334 121.16666666666667 133.83333333333334 137.83333333333334 1.5000000000000002 4.9500000000000011 3.1839419978517722 2.8468057366362456 5.5500000000000007 3.2293374316939896 6.2500000000000009 1.5000000000000002 156.25000000000003 1.7946961714085006 5.4500000000000011 1.7545514730221783 7.1500000000000012 3.0466933139534889 155.16666666666671 122.25000000000001 25.250000000000004
decision_type=10 10 10 10 10 2 2 10 10 10 10 10 10 8 2 10 10 10 10 10 10 2 10 10 10 10 10 10 10 10 10
left_child=1 3 4 13 6 9 7 17 12 -5 18 20 21 24 16 -8 26 -2 -7 -16 -3 -6 -13 -22 -1 -20 -4 -28 -9 -17 -31
right_child=2 11 14 5 8 10 15 28 -10 -11 -12 22 -14 -15 19 29 -18 -19 25 -21 23 -23 -24 -25 -26 -27 27 -29 -30 30 -32
leaf_value=-0.040961394946750322 -0.0074533366778004873 -0.0056608941188394275 0.044544235593016207 -0.030726865225158273 0.0306212971784765 0.00034895965426024437 -0.012238709139652174 0.031029636805282281 0.087726055108733353 -0.0083499180652115979 0.052058368801631116 0.03997048676297154 0.073084510493318641 -0.0096914310749746727 0.099840893334271694 0.054028251399933926 0.093262959324621642 0.012781440661764504 -0.040276383001537963 0.19827425373818769 0.0029930394044649349 0.079843504570614468 0.10741336624930076 0.078376280939779011 -0.02795217836059426 0.037283144547125301 0.1195156232759518 -0.02939539287550505 0.082666202435268288 0.12345080625518956 0.04525952837560257
leaf_count=16841 4613 1265 830 6725 3014 3278 155 1151 878 7094 939 2115 1030 2047 248 810 949 3263 108 92 208 253 129 180 5685 1083 181 33 194 327 245
internal_value=0 -0.364079 0.755084 -0.462286 0.585604 -0.176963 0.317629 0.145926 1.06742 -0.38094 0.335834 0.583589 0.893791 -0.704627 1.69724 1.26762 1.51399 0.0252423 0.176006 2.68803 0.129904 0.697752 0.892476 0.831819 -0.752859 0.609412 1.12218 1.90943 0.793984 1.42113 1.84608
internal_count=65963 47697 18266 43800 15933 19227 10758 9221 5175 13819 5408 3897 4297 24573 2333 1537 1993 7876 4469 340 1653 3267 2244 388 22526 1191 1044 214 1345 1382 572
shrinkage=0.05


Tree=5
num_leaves=32
num_cat=0
split_feature=5 0 0 5 0 6 5 2 5 5 6 0 3 4 9 9 5 5 6 6 0 6 6 6 9 5 3 2 6 4 6
split_gain=1104.49 509.415 235.23 154.957 152.996 100.861 66.0646 55.899 53.7235 47.6601 42.8465 40.9554 33.3974 31.618 30.9526 29.7974 29.7048 27.8342 27.396 27.3551 26.709 23.9032 21.5774 21.2039 21.1325 21.1262 20.3169 25.9079 19.8824 17.0924 16.7688
threshold=2.3021061869240902 47.500000000000007 45.500000000000007 3.2293374316939896 55.500000000000007 5.5500000000000007 1.763299377475948 25.250000000000004 3.7379000780640133 1.6985214176995 6.1500000000000012 56.500000000000007 90.583333333333357 166.33333333333334 1.0000000180025095e-35 1.0000000180025095e-35 4.5819892473118289 3.0849260728452945 6.7500000000000009 5.6500000000000012 60.500000000000007 6.4500000000000011 5.4500000000000011 4.8500000000000005 1.0000000180025095e-35 2.8299879566439183 76.833333333333357 31.050000000000004 5.3500000000000005 131.83333333333334 5.2500000000000009
decision_type=10 2 2 10 2 10 8 8 10 10 10 2 10 8 2 2 10 10 10 10 2 10 8 10 2 10 10 10 10 10 10
left_child=1 9 3 15 6 8 18 20 23 -1 16 12 17 21 19 25 26 -7 -3 -9 -6 30 -22 -4 -25 -2 27 -5 -8 -10 -11
right_child=2 4 5 10 7 11 28 14 29 13 -12 -13 -14 -15 -16 -17 -18 -19 -20 -21 22 -23 -24 24 -26 -27 -28 -29 -30 -31 -32
leaf_value=-0.043974702861056481 -0.013347995821727019 -0.019455727854216006 0.0094850691842999213 0.0083644464052869526 0.017715392393265524 0.035846516746314727 -0.0024846742053565296 0.052554431486584979 0.055992106074834694 -0.037063771202595124 0.10172822415455328 0.091859582236587078 0.09646331443301237 0.12805098647021917 -0.0077396894984977736 0.054570961488404901 0.087169708359049747 0.06759638738918565 0.063802984881367292 0.13449663218272687 0.012809336358975127 0.039315780074735851 0.078327180564638041 0.029946453297905837 0.086380192552639221 0.0073893320398277888 0.044190242221121528 0.10685546254773544 0.022306704647691862 0.11817737882768893 -0.020743052942823602
leaf_count=17984 5361 6625 1802 1349 2255 2048 1956 239 365 5150 239 1078 469 35 94 244 217 1267 118 264 253 160 457 3535 199 2571 1339 73 2666 169 5382
internal_value=0 -0.403934 0.611543 0.22764 0.148098 0.957963 -0.0862745 0.778651 0.640406 -0.744183 0.831895 1.30219 1.12169 -0.532179 1.69773 -0.0771321 0.701388 0.99142 -0.349831 2.00526 0.558151 -0.547067 1.14226 0.519913 0.66954 -0.122462 0.586195 0.288268 0.245168 1.57202 -0.573967
internal_count=65963 43638 22325 11393 14927 10932 11365 3562 6070 28711 3217 4862 3784 10727 597 8176 2978 3315 6743 503 2965 10692 710 5536 3734 7932 2761 1422 4622 534 10532
shrinkage=0.05


Tree=6
num_leaves=32
num_cat=0
split_feature=5 0 0 5 1 5 0 1 0 0 5 5 0 0 1 4 2 5 5 2 2 5 0 9 9 3 8 3 2 0 3
split_gain=990.829 415.444 246.61 225.258 196.304 94.2525 94.1826 66.56 55.5041 52.5927 46.2877 38.1838 35.5223 34.7834 34.644 33.9099 33.3563 31.3123 28.7116 28.4927 26.2481 19.7563 18.9325 18.8423 17.5782 16.6318 16.5644 16.1713 15.8414 15.3641 14.4759
threshold=2.1456439393939397 49.500000000000007 47.500000000000007 3.1215816703621586 1.5000000000000002 3.3535539215686279 59.500000000000007 1.5000000000000002 44.500000000000007 55.500000000000007 1.8104355716878404 1.6039701257861638 53.500000000000007 42.500000000000007 1.5000000000000002 132.83333333333334 23.250000000000004 2.8468057366362456 4.1384099616858245 26.350000000000005 25.250000000000004 4.3879928315412196 30.500000000000004 1.0000000180025095e-35 1.0000000180025095e-35 92.833333333333357 1.0000000180025095e-35 60.833333333333336 21.950000000000003 55.500000000000007 89.833333333333357
decision_type=10 2 2 10 2 10 2 2 2 2 10 10 2 2 2 10 8 10 10 10 10 10 2 2 2 10 2 10 10 2 10
left_child=1 8 3 15 5 9 7 16 19 17 12 -10 -9 18 -13 22 -3 23 26 -1 -8 29 -2 -4 -15 -19 -5 -6 -14 30 -7
right_child=2 6 4 13 27 21 20 10 11 -11 -12 14 28 24 -16 -17 -18 25 -20 -21 -22 -23 -24 -25 -26 -27 -28 -29 -30 -31 -32
leaf_value=-0.043905403881552063 -0.042059689394400593 -0.020951803319668866 -0.0012893540202056023 0.014919269367754121 0.047095340107420898 0.039102440557837494 0.044755620737489371 -0.0090371627035499957 -0.034990164912381383 0.046875309577703368 0.060662694156250689 -0.021899568236750058 0.020108364073841575 0.05144449028003939 0.016549909465063507 0.013095533571515031 0.008915238432170897 0.026709333067339469 0.061541251462455621 -0.012227264481569966 0.11656636053296937 0.10755815688983202 -0.0091961318581622459 0.039409349151987176 0.11490418839949748 0.083891008721556068 0.11293451785447067 0.097489587056347804 0.071727161454141528 0.086149454327228314 0.087643929985080193
leaf_count=19448 744 3561 3232 2169 231 979 848 1533 4808 1742 784 2575 645 1858 1410 2493 2143 1378 415 1335 155 198 8190 366 110 145 32 1647 299 324 166
internal_value=0 -0.443678 0.499302 0.196304 0.888694 0.660815 0.202585 0.0651788 -0.713161 0.460669 0.496307 -0.443145 0.209887 0.795501 -0.160932 -0.122792 -0.18473 0.264489 0.530605 -0.836106 1.17906 1.30196 -0.237166 0.0705755 1.12178 0.667172 0.347935 1.83592 0.765057 1.1526 0.955404
internal_count=65963 39544 26419 16011 10408 8530 9968 8965 29576 6863 3261 8793 2477 4584 3985 11427 5704 5121 2616 20783 1003 1667 8934 3598 1968 1523 2201 1878 944 1469 1145
shrinkage=0.05


Tree=7
num_leaves=32
num_cat=0
split_feature=5 0 6 0 5 1 5 0 1 1 6 5 6 5 0 5 9 6 6 0 1 0 5 5 4 0 5 4 4 9 0
split_gain=894.989 449.873 185.051 116.84 92.122 76.7883 86.7793 76.0972 69.6288 59.2648 55.3498 47.3045 44.582 39.6129 38.2027 36.7746 32.2674 27.1935 25.7683 24.6452 24.4983 23.8589 22.5781 20.1018 19.6934 19.422 18.7437 17.6908 16.6197 16.5606 16.8487
threshold=2.2919871794871796 47.500000000000007 5.5500000000000007 55.500000000000007 3.5747340425531924 1.5000000000000002 1.7232405891980362 47.500000000000007 1.5000000000000002 1.5000000000000002 5.9500000000000011 1.6201265822784812 5.8500000000000005 3.2048368298368302 48.500000000000007 2.9954166666666668 1.0000000180025095e-35 5.9500000000000011 6.7500000000000009 30.500000000000004 1.5000000000000002 55.500000000000007 2.8468057366362456 2.358732462506048 150.25000000000003 58.500000000000007 1.2511261261261264 133.83333333333334 145.83333333333334 1.0000000180025095e-35 53.500000000000007
decision_type=10 2 10 2 10 2 10 2 2 2 10 8 10 10 2 10 2 10 10 2 2 2 10 10 10 2 10 10 10 2 2
left_child=1 11 4 5 7 16 26 19 25 10 13 -1 20 21 15 -11 18 24 -3 -2 -5 28 -21 -10 -13 -9 -7 -6 -4 30 -28
right_child=2 3 9 12 27 6 -8 8 23 14 -12 17 -14 -15 -16 -17 -18 -19 -20 22 -22 -23 -24 -25 -26 -27 29 -29 -30 -31 -32
leaf_value=-0.045008453847254278 -0.037383694831905581 -0.023329847047344934 0.00096565962318693175 0.0094953796743493454 0.035760228728042652 -0.026771753721398811 0.048464055110340992 0.010173817256549117 -0.0077954563715078411 0.012624712796806221 0.057064114209536138 -0.030511728394535583 0.066263160804153884 0.046338201797221479 0.096645584321590788 0.091614780489372771 0.025083971260813832 0.015750596079754597 0.065887124029171601 -0.010244347507412774 0.044936597703247344 0.047111920526556952 0.010726209506839036 0.084262305085972572 0.030404274109146995 0.052544773539522027 -0.0065838056646689239 0.071981061381129058 0.052503306281296819 0.094361028094498686 0.046242980270229772
leaf_count=14412 790 6165 2333 1909 1462 1160 1489 3214 76 506 2303 13427 737 1490 738 227 558 505 91 4629 887 414 2947 547 210 307 1502 417 189 62 260
internal_value=0 -0.382473 0.524735 0.128286 0.262283 -0.0823821 0.307756 0.130978 0.504067 0.902615 0.766649 -0.72093 0.662444 0.526601 1.48307 0.868184 -0.346148 -0.550528 -0.431089 -0.0914878 0.43046 0.2652 -0.0261012 1.48341 -0.589297 0.295133 -0.127284 0.898628 0.112553 0.123418 0.040596
internal_count=65963 43374 22589 14820 14389 11287 4473 12510 4144 8200 6729 28554 3533 4426 1471 733 6814 14142 6256 8366 2796 2936 7576 623 13637 3521 2984 1879 2522 1824 1762
shrinkage=0.05


Tree=8
num_leaves=32
num_cat=0
split_feature=5 0 6 5 0 6 1 5 0 0 1 1 5 5 0 0 1 4 2 0 3 1 0 4 4 6 1 6 5 0 0
split_gain=812.509 369.714 189.72 99.3247 83.8088 73.9065 66.9082 58.3533 56.2219 54.8497 53.2527 50.1781 35.5994 34.6922 31.3463 31.2344 30.0344 29.5727 28.6838 25.1187 24.0441 23.9802 23.5686 22.8505 21.005 19.4334 19.2951 18.4625 18.1135 17.8221 17.3877
threshold=2.1456439393939397 49.500000000000007 5.5500000000000007 3.2293374316939896 47.500000000000007 5.8500000000000005 1.5000000000000002 3.4096736596736599 46.500000000000007 44.500000000000007 1.5000000000000002 1.5000000000000002 1.6039701257861638 1.7467510548523209 39.500000000000007 53.500000000000007 1.5000000000000002 135.83333333333334 25.050000000000004 61.500000000000007 86.833333333333357 1.5000000000000002 59.500000000000007 161.25000000000003 138.16666666666671 7.8500000000000005 1.5000000000000002 6.4500000000000011 3.0672316384180798 56.500000000000007 30.500000000000004
decision_type=10 2 10 10 2 10 2 10 2 2 2 2 10 10 2 2 2 10 10 2 8 2 2 10 10 10 2 10 10 2 2
left_child=1 9 3 4 30 11 24 8 17 18 23 19 -11 15 -5 -13 -14 27 -1 20 -3 -9 25 29 -6 26 -7 -4 -8 -10 -2
right_child=2 5 7 14 6 22 28 21 10 12 -12 13 16 -15 -16 -17 -18 -19 -20 -21 -22 -23 -24 -25 -26 -27 -28 -29 -30 -31 -32
leaf_value=-0.043700925399661777 -0.038117043283260682 -0.020384697128973745 -0.0018390679002239002 0.0034876570706760738 0.0031574148653372956 0.0081001940814056407 0.069091288832617656 0.055290574739422726 0.021832664928465875 -0.033636921581835476 0.073885566739983186 -0.016129237933441856 -0.02049043975549646 0.046566911505988996 0.04079077753696822 0.02959830625323592 0.015392349987512439 0.043495393258319137 -0.017961678443474221 0.045056518216971181 0.011641766242502807 0.10842369947830457 0.083542863030576994 0.11402447963474525 0.039309659340614339 0.10853308228603938 0.055481781348367301 0.048127191312486946 -0.023679297454278346 0.04890877626868103 -0.0078921978967525282
leaf_count=18500 860 4038 2359 820 3183 756 710 1736 2369 4808 971 1295 2575 912 2744 938 1410 723 2283 219 1106 189 240 66 553 75 389 211 49 798 8078
internal_value=0 -0.418079 0.435632 0.189429 0.0235605 0.180225 0.397785 0.791499 0.638882 -0.687133 0.868296 0.0287167 -0.414545 0.396641 0.656518 0.109958 -0.142222 0.265374 -0.814952 -0.204121 -0.266855 1.22892 0.864624 0.650094 0.181834 0.628276 0.497259 0.0709428 1.24517 0.600901 -0.212626
internal_count=65963 39544 26419 16997 13433 9968 4495 9422 7497 29576 4204 8508 8793 3145 3564 2233 3985 3293 20783 5363 5144 1925 1460 3233 3736 1220 1145 2570 759 3167 8938
shrinkage=0.05


Tree=9
num_leaves=32
num_cat=0
split_feature=0 2 0 1 2 2 3 2 0 2 1 9 0 2 0 7 2 0 4 1 9 4 2 9 3 0 2 0 3 3 7
split_gain=545.26 258.796 120.482 65.8572 57.4807 52.8582 52.7924 40.8056 30.7118 30.1991 30.0259 28.3339 26.8526 22.3921 20.8395 20.4466 19.5043 19.2906 20.8483 17.8346 16.9966 15.901 15.7079 14.7657 14.6627 14.1423 12.5068 10.6539 10.3404 10.0953 10.9154
threshold=47.500000000000007 24.350000000000005 55.500000000000007 1.5000000000000002 22.050000000000004 21.650000000000002 94.833333333333357 20.950000000000003 52.500000000000007 30.950000000000003 1.5000000000000002 1.0000000180025095e-35 39.500000000000007 26.950000000000003 44.500000000000007 1.0000000180025095e-35 20.150000000000002 61.500000000000007 158.33333333333334 1.5000000000000002 1.0000000180025095e-35 148.16666666666671 22.050000000000004 1.0000000180025095e-35 82.583333333333357 34.500000000000007 20.550000000000004 53.500000000000007 91.833333333333357 87.833333333333357 1.0000000180025095e-35
decision_type=2 10 2 2 10 10 10 8 2 10 2 2 2 10 2 2 10 2 8 2 2 10 10 2 10 2 10 2 10 10 2
left_child=1 5 3 4 21 14 9 19 16 20 17 13 -7 -6 -1 -12 -5 18 -9 -4 25 -2 -10 -14 -18 -3 -21 -13 -15 -26 -31
right_child=2 6 7 8 11 12 -8 10 22 -11 15 27 23 28 -16 -17 24 -19 -20 26 -22 -23 -24 -25 29 -27 -28 -29 -30 30 -32
leaf_value=-0.038597471431152226 -0.018110054128895377 -0.020324335997893996 -0.0061516249685921523 0.0015715967074396255 0.0034129163384883699 -0.031653003975529878 0.051627202896225549 0.030767105758245358 0.032640157310734629 0.029939716600486277 0.076548244085086592 0.04935555922189578 -0.012058367690845707 0.020342397877502638 -0.02015525372271287 -0.014957494871121075 0.021448482932175716 0.0658809076890393 0.10042680669673323 0.041477485426312057 0.034134745986436961 0.044634828612866523 0.06943134040933184 0.040709690818624966 0.079795575490601414 0.0010196115144715924 -0.025703622363655355 0.0058545949277543311 0.058692282978653455 0.010096519230592403 0.10098345520562185
leaf_count=14296 3738 1446 734 1526 6257 3877 721 2870 891 1151 842 699 8416 1148 3508 57 2074 526 98 545 404 130 577 175 240 8287 75 202 217 200 36
internal_value=0 -0.307944 0.398567 0.237799 0.0890585 -0.535979 0.139278 0.789824 0.563341 0.070263 0.929094 0.241993 -0.336479 0.165786 -0.694348 1.41476 0.389895 0.783841 0.673303 0.261865 -0.00141823 -0.312203 0.983517 -0.214429 0.56924 -0.0367125 0.653042 0.79303 0.551162 1.10252 0.56544
internal_count=65963 42281 23682 17935 12391 30272 12009 5747 5544 11288 4393 8523 12468 7622 17804 899 4076 3494 2968 1354 10137 3868 1468 8591 2550 9733 620 901 1365 476 236
shrinkage=0.05


Tree=10
num_leaves=32
num_cat=0
split_feature=0 2 6 6 0 0 2 6 3 1 6 1 2 2 2 2 6 3 0 9 7 1 0 0 3 8 2 6 2 2 7
split_gain=491.352 242.012 142.118 77.5892 51.0874 48.3203 34.9879 33.3093 30.9065 29.2052 29.9709 26.8302 26.3593 24.9594 23.4739 23.4558 20.6994 18.5787 17.4058 16.2565 15.9406 16.0776 14.8223 13.9062 13.5567 13.4752 12.6228 11.8863 11.7059 11.4683 10.7244
threshold=47.500000000000007 23.950000000000003 5.5500000000000007 6.3500000000000005 56.500000000000007 40.500000000000007 27.250000000000004 5.9500000000000011 94.833333333333357 1.5000000000000002 5.9500000000000011 1.5000000000000002 34.650000000000013 20.950000000000003 20.850000000000005 22.150000000000002 5.4500000000000011 86.833333333333357 57.500000000000007 1.0000000180025095e-35 1.0000000180025095e-35 1.5000000000000002 52.500000000000007 61.500000000000007 88.833333333333357 1.0000000180025095e-35 24.950000000000003 6.8500000000000005 21.850000000000005 28.350000000000005 1.0000000180025095e-35
decision_type=2 10 10 10 2 2 10 10 10 2 10 2 10 10 10 8 10 10 2 2 2 2 2 2 10 2 10 10 10 10 2
left_child=1 5 6 8 9 27 11 13 12 10 17 15 16 -7 -6 24 19 -4 -17 -3 21 23 -11 25 -2 26 -16 -1 -12 -5 -13
right_child=2 3 4 29 14 7 -8 -9 -10 22 28 30 -14 -15 20 18 -18 -19 -20 -21 -22 -23 -24 -25 -26 -27 -28 -29 -30 -31 -32
leaf_value=-0.037353725670901977 -0.018106991464954234 -0.010949038853280031 -0.0014111619792895479 0.081721812506510977 0.017840917565559878 -0.031451809265824839 0.037250276273299396 0.028491727676766245 0.036475543637756791 0.029282850544916084 -0.0026054974108988644 0.014376323002660139 0.053740665810180055 -0.013753688455717528 0.032183680327532216 0.00095580999855590274 0.0069091017435207432 0.031355723203402047 0.028606448633132987 0.041855532473981813 0.015276427444285532 0.08507832670575384 0.056950389390042669 0.082088033100475591 0.01745280722169492 -0.031318259764534853 0.06606799457328498 0.066239296043688639 0.039049573788814573 0.037780971876188646 0.065434075737949238
leaf_count=13417 3374 7451 2397 272 476 6649 945 488 676 1560 234 3671 251 8159 594 4925 4335 637 722 195 196 441 847 263 416 46 423 23 1399 365 116
internal_value=0 -0.29688 0.372939 0.0982516 0.667441 -0.541583 0.124996 -0.382607 0.0201802 0.504461 0.344909 0.0716038 -0.0286394 -0.423028 1.02323 -0.0362416 -0.0571666 0.122892 0.105092 -0.186967 1.15188 1.2346 0.80625 1.05407 -0.277691 0.886005 0.955168 -0.739397 0.681408 1.13607 0.32647
internal_count=65963 42281 23682 13545 9513 28736 14169 15296 12908 7074 4667 13224 12232 14808 2439 9437 11981 3034 5647 7646 1963 1767 2407 1326 3790 1063 1017 13440 1633 637 3787
shrinkage=0.05


Tree=11
num_leaves=32
num_cat=0
split_feature=0 2 0 9 1 2 3 2 0 2 2 9 3 1 2 3 0 4 9 0 2 3 2 0 3 1 2 2 3 4 0
split_gain=444.574 208.746 117.732 52.8007 41.7996 49.3903 38.6232 37.9712 31.6805 30.7368 26.0771 24.4006 21.2452 19.6283 19.3242 18.521 15.3657 12.7293 12.3992 12.11 12.065 11.3704 11.3566 11.3939 10.6036 10.3474 10.7903 10.2044 9.5001 12.8059 9.06477
threshold=45.500000000000007 24.350000000000005 55.500000000000007 1.0000000180025095e-35 1.5000000000000002 22.050000000000004 94.833333333333357 21.650000000000002 51.500000000000007 25.250000000000004 26.350000000000005 1.0000000180025095e-35 76.833333333333357 1.5000000000000002 20.950000000000003 61.583333333333336 39.500000000000007 148.16666666666671 1.0000000180025095e-35 59.500000000000007 27.150000000000002 75.833333333333357 31.050000000000004 34.500000000000007 74.833333333333357 1.5000000000000002 22.950000000000003 21.150000000000002 77.583333333333357 127.83333333333336 60.500000000000007
decision_type=2 10 2 2 2 10 10 10 2 8 10 2 10 2 10 10 2 10 2 2 8 10 10 2 10 2 10 10 10 10 2
left_child=1 7 3 4 5 17 12 18 15 13 -7 19 22 14 -4 -6 -9 -2 21 20 24 -1 23 -3 -11 26 -5 -17 29 -14 -16
right_child=2 6 9 25 8 10 -8 16 -10 11 -12 -13 28 -15 30 27 -18 -19 -20 -21 -22 -23 -24 -25 -26 -27 -28 -29 -30 -31 -32
leaf_value=-0.039739214034775011 -0.018646750949253228 -0.029585542717404958 -0.0058897251630045146 -0.00058723508170432448 -0.012788344426179417 0.0012498529639868804 0.046697637333920905 -0.030189284201071379 0.034817867128690554 -0.015394829138505484 0.021756987828705221 0.00087117396985028801 0.010522519646852035 0.04265405718227027 0.019915581140644727 0.0037259523611310958 -0.013213629343141931 0.038257504221369712 0.026684906904409361 0.082287541044273591 0.066938324232440644 -0.024198417165969013 0.022207985633307455 -0.0054857942941635967 0.042057740288114875 0.064987325102377078 0.037448291569496618 0.022965707544566574 0.0078061132792200871 0.084838886885599971 0.042320204221024643
leaf_count=12451 4804 1056 734 305 1224 7888 563 3877 1972 86 2389 181 220 1280 1861 1930 6636 126 126 339 383 3048 346 3433 318 288 1009 2043 4356 126 565
internal_value=0 -0.341797 0.292222 0.164036 0.112362 0.00167051 0.0954246 -0.571931 0.343138 0.680218 0.133467 1.06058 0.0310535 0.540247 0.392505 0.173406 -0.381475 -0.336576 -0.719697 1.20955 0.980738 -0.732235 -0.154393 -0.213039 0.593155 0.738234 0.603353 0.292926 0.202798 0.798346 0.520366
internal_count=65963 36238 29725 23978 22376 15207 10100 26138 7169 5747 10277 1307 9537 4440 3160 5197 10513 4930 15625 1126 787 15499 4835 4489 404 1602 1314 3973 4702 346 2426
shrinkage=0.05


Tree=12
num_leaves=32
num_cat=0
split_feature=5 5 6 1 6 5 6 9 5 1 1 5 3 7 5 2 6 5 6 6 1 3 3 6 2 6 2 5 3 2 6
split_gain=670.208 151.451 120.872 93.1358 71.0267 53.6451 43.923 41.0315 30.268 29.1325 29.1263 26.8028 24.7188 23.5215 20.86 19.5752 18.1925 17.2653 16.1717 15.993 15.1404 16.3785 13.0652 12.506 12.4865 12.4529 11.3842 11.3705 10.9829 13.6743 10.1914
threshold=2.115069356872636 3.2293374316939896 5.5500000000000007 1.5000000000000002 5.9500000000000011 1.5971185737976785 6.3500000000000005 1.0000000180025095e-35 2.6821789321789322 1.5000000000000002 1.5000000000000002 4.1384099616858245 73.833333333333357 1.0000000180025095e-35 1.4649525057320669 21.950000000000003 5.2500000000000009 2.4014925373134335 9.9500000000000011 5.8500000000000005 1.5000000000000002 75.833333333333357 96.583333333333357 6.3500000000000005 25.550000000000004 4.7500000000000009 22.050000000000004 1.7545514730221783 81.833333333333357 25.650000000000002 5.2500000000000009
decision_type=10 10 10 2 10 10 10 2 10 2 2 10 10 2 10 10 10 10 8 10 2 10 10 10 10 10 8 10 10 10 10
left_child=2 3 5 4 7 24 14 8 16 11 12 19 -7 -9 15 -4 -2 -5 -6 26 -16 27 -18 -11 -1 -19 -3 -22 -28 -30 -12
right_child=1 9 6 17 18 10 -8 13 -10 23 30 -13 -14 -15 20 -17 22 25 -20 -21 21 -23 -24 -25 -26 -27 28 -29 29 -31 -32
leaf_value=-0.037187051274859904 -0.019676407622349332 0.048259966269844495 -0.030772321029941957 0.019382114809289194 0.030398475404481019 -0.038332289405487358 0.035447499423454376 0.17759358786973811 0.0070979281112555541 0.061904734664392259 -0.014035228663074235 0.055125983674885831 -0.014428906912336753 0.032517602537940817 -0.0088636075410096857 0.0026936392303638958 -0.0043106530266357884 -0.010047352473269964 0.11395757067466211 0.045923933962977052 -0.014818703457950499 0.035681539994647717 0.04407573303855377 0.13693883689504358 -0.01194587763217831 0.045375511244538404 0.013123907183746312 0.016680691318729294 0.051136214282406639 0.017073315604116079 0.0072436918690775816
leaf_count=16826 4356 485 2313 1701 1665 3555 779 25 5807 449 1766 1035 4549 589 2636 1055 4572 146 46 875 899 620 160 38 963 2000 2099 782 532 647 1993
internal_value=0 0.373988 -0.403582 0.208985 0.0845068 -0.550552 -0.0220083 -0.0106224 -0.0556992 0.776643 -0.337938 0.707509 -0.484753 0.816291 -0.121888 -0.384072 -0.202287 0.671116 0.668941 0.592025 0.0284046 0.24605 -0.0435002 1.43443 -0.713421 0.851752 0.484403 0.0325196 0.415159 0.649915 -0.044632
internal_count=65963 27227 38736 21067 17220 29652 9084 15509 14895 6160 11863 5673 8104 614 8305 3368 9088 3847 1711 4638 4937 2301 4732 487 17789 2146 3763 1681 3278 1179 3759
shrinkage=0.05


Tree=13
num_leaves=32
num_cat=0
split_feature=5 0 5 0 1 0 0 5 1 5 0 1 1 2 3 9 2 2 0 5 2 2 0 9 2 2 0 5 2 2 5
split_gain=609.177 233.845 158.583 136.831 75.3326 55.2967 48.1292 44.6235 35.617 30.0727 26.6739 25.9818 24.318 27.8276 22.6292 22.4507 20.6833 19.7171 18.5184 16.6605 15.4007 14.5146 13.4156 12.8918 18.4776 11.5567 11.3457 11.3193 11.3089 11.1951 11.3238
threshold=1.9689903846153849 47.500000000000007 2.8299879566439183 47.500000000000007 1.5000000000000002 54.500000000000007 55.500000000000007 3.7379000780640133 1.5000000000000002 1.4808909444985396 34.500000000000007 1.5000000000000002 1.5000000000000002 27.450000000000003 92.583333333333357 1.0000000180025095e-35 33.650000000000013 24.650000000000002 39.500000000000007 1.5430335097001766 22.550000000000004 22.550000000000004 39.500000000000007 1.0000000180025095e-35 28.050000000000004 26.950000000000003 40.500000000000007 1.352192701664533 23.650000000000002 25.150000000000002 2.5607908351810797
decision_type=10 2 10 2 2 2 2 10 2 8 2 2 2 10 10 2 10 10 2 8 10 8 2 2 10 10 2 8 10 10 10
left_child=1 15 3 10 6 9 -5 8 14 -3 -2 21 13 -11 16 19 18 -13 -4 -1 -20 -7 -10 -22 -25 -12 -9 -17 -14 -8 -31
right_child=2 5 7 4 -6 11 29 26 22 12 25 17 28 -15 -16 27 -18 -19 20 -21 23 -23 -24 24 -26 -27 -28 -29 -30 30 -32
leaf_value=-0.044493951818756559 -0.036601372435601694 -0.024937923458211345 -0.0060112454651161879 -0.0011804256827442916 0.044602078121388 -0.010456673214102484 0.021460476561661709 0.027280706468565959 0.0028110130117752962 -0.019089597344355974 -0.010407898412483733 0.02598063932825902 0.025029428390024613 0.054003208563407817 0.045738548010736069 -0.039817108268617521 0.070943135017359646 0.084285712867232854 0.035825171098495256 -0.031596321536433505 0.01150390957433761 0.018636259353075026 0.055792145438698239 0.067924305295147355 -0.010310765860458536 0.0069592577274999404 0.051015820311483578 0.032937209833711754 -0.013006764223880037 0.032241132566549431 0.079782892276734532
leaf_count=12586 1632 3867 1259 4581 1924 1145 1099 621 164 2400 8752 964 1262 176 636 125 155 136 1175 10268 4378 991 835 197 92 1649 1825 266 297 350 156
internal_value=0 -0.444031 0.30861 0.0907236 0.39579 -0.0260134 0.188189 0.589569 0.467477 -0.224529 -0.216149 0.332679 -0.00510926 -0.255474 0.383787 -0.748376 0.32322 0.718538 0.293195 -0.770061 0.364632 0.0887298 0.988571 0.281538 0.868626 -0.144924 0.915628 0.217633 0.342185 0.62677 0.9752
internal_count=65963 34483 31480 20143 8110 11238 6186 11337 8891 8002 12033 3236 4135 2576 7892 23245 7256 1100 7101 22854 5842 2136 999 4667 289 10401 2446 391 1559 1605 506
shrinkage=0.05


Tree=14
num_leaves=32
num_cat=0
split_feature=5 0 5 0 1 0 0 5 6 1 1 6 5 4 0 5 6 3 3 4 0 4 7 0 4 3 7 3 0 0 6
split_gain=554.659 223.265 138.069 123.902 81.3871 50.9692 50.4735 37.7129 33.8791 30.1546 29.2071 25.6343 23.9739 21.7353 21.5425 20.3268 20.2181 19.6215 19.2714 17.2405 16.7276 15.4027 13.2916 12.6599 12.3628 12.2734 13.2256 11.8905 11.4546 11.223 11.2049
threshold=1.9689903846153849 47.500000000000007 2.8299879566439183 44.500000000000007 1.5000000000000002 59.500000000000007 55.500000000000007 3.7379000780640133 7.9500000000000011 1.5000000000000002 1.5000000000000002 5.8500000000000005 1.4413674560733387 126.83333333333336 56.500000000000007 1.5430335097001766 5.1500000000000012 102.83333333333336 92.583333333333357 162.25000000000003 42.500000000000007 137.16666666666671 1.0000000180025095e-35 50.500000000000007 140.83333333333334 59.833333333333336 1.0000000180025095e-35 73.833333333333357 54.500000000000007 39.500000000000007 5.4500000000000011
decision_type=10 2 10 2 2 2 2 10 10 2 2 10 10 8 2 8 10 10 10 10 2 10 2 2 10 10 2 10 2 2 8
left_child=1 15 3 16 6 8 11 9 10 18 13 22 14 -3 -12 -1 -2 27 20 28 -4 -8 -5 -15 -18 -7 30 -17 -9 -11 -27
right_child=2 5 7 4 -6 25 21 19 -10 29 12 -13 -14 23 -16 17 24 -19 -20 -21 -22 -23 -24 -25 -26 26 -28 -29 -30 -31 -32
leaf_value=-0.043503583603244161 -0.028222260897841467 -0.027282054617902625 0.0033470472333803191 -0.0099489990303077477 0.038233094475922956 -0.032329738762794304 0.019868322468431118 0.035913709951222728 0.098033958920103415 0.0026742232890006111 -0.018563414061245936 0.021438414808911295 0.017001545316165941 -0.023356652664889586 0.044392165664636142 -0.036298988542297163 -0.010802216271489725 0.080211836257428393 0.04204976707824027 0.11070067171006209 0.020623852322845672 0.053899499795863053 0.025064475019762333 0.0054204079944814194 0.023096252037880603 0.015689552302448138 -0.023343966021480457 -0.019910891414055946 0.064748051786442204 0.050982565892266823 0.059659684294057047
leaf_count=12784 3538 3363 2669 5674 2597 58 1213 2138 65 164 1955 1011 2146 916 147 6648 5006 51 636 49 4587 392 321 1832 391 244 72 3762 259 835 440
internal_value=0 -0.430953 0.289943 0.085847 0.300476 -0.024847 0.115411 0.548326 -0.114657 0.436487 -0.138117 -0.0435628 0.094164 -0.321896 -0.226952 -0.736177 -0.308062 -0.584858 0.359384 0.842967 0.303323 0.582582 -0.150183 -0.0670369 -0.15487 0.707246 0.809698 -0.602399 0.799212 0.907255 0.936191
internal_count=65963 34483 31480 20143 11208 11238 8611 11337 10424 8891 10359 7006 4248 6111 2102 23245 8935 10461 7892 2446 7256 1605 5995 2748 5397 814 756 10410 2397 999 684
shrinkage=0.05


Tree=15
num_leaves=32
num_cat=0
split_feature=5 0 5 0 1 0 6 6 5 5 6 6 9 1 2 0 9 4 0 5 2 5 4 1 6 6 6 6 4 0 4
split_gain=505.447 213.356 122.624 123.705 56.2538 48.4274 28.7125 28.2013 26.0756 25.3701 21.7896 20.8622 20.5217 19.1783 23.2195 18.9295 18.6321 17.0798 16.4009 15.9255 15.6479 14.2811 14.305 13.2934 13.0522 11.3342 11.114 11.08 10.8218 10.6335 10.609
threshold=1.9621447336995461 47.500000000000007 3.2293374316939896 47.500000000000007 1.5000000000000002 54.500000000000007 5.9500000000000011 6.3500000000000005 1.4808909444985396 2.6688596491228078 5.8500000000000005 5.4500000000000011 1.0000000180025095e-35 1.5000000000000002 27.450000000000003 55.500000000000007 1.0000000180025095e-35 132.83333333333334 35.500000000000007 1.5430335097001766 25.250000000000004 2.6821789321789322 155.16666666666671 1.5000000000000002 7.4500000000000011 7.4500000000000011 5.1500000000000012 5.5500000000000007 97.833333333333357 44.500000000000007 158.33333333333334
decision_type=10 2 10 2 2 2 10 10 8 10 10 10 2 2 10 2 2 10 2 8 10 10 8 2 10 8 10 10 10 2 10
left_child=1 12 3 7 6 8 15 9 24 18 17 -7 19 14 -10 16 21 26 -2 -1 25 -5 -23 -12 -3 -13 -4 -11 -6 -21 -20
right_child=2 5 10 4 28 11 -8 -9 13 27 23 20 -14 -15 -16 -17 -18 -19 30 29 -22 22 -24 -25 -26 -27 -28 -29 -30 -31 -32
leaf_value=-0.043628661586971901 -0.034789247483299458 -0.025275278148210491 0.0074807624372235622 -0.0099831773205577463 -0.00039425435786825263 -0.0010947294608711047 0.032123345661285406 0.033373476819840438 -0.018156803756993894 -0.0027150597948143616 0.040814790622519678 0.015631932676248073 0.010294332626591322 0.014650314798285491 0.048166087475261049 0.02087987340929482 0.036603817112854625 0.04022154025818564 -0.011329342264598804 -0.034508611376374003 0.056029864209873576 0.0078063751414918061 0.10817766994480869 0.083225214886179913 0.07226016800765879 0.099997438876115841 0.026061791365601675 0.016577751428901843 0.041185602581325649 -0.015476217222618098 0.047270086561506677
leaf_count=12586 1600 3841 1230 3247 152 1492 1222 416 2356 3459 1125 1392 388 1542 173 1618 335 1256 8517 8219 288 1524 23 124 26 27 2425 1259 2112 1901 88
internal_value=0 -0.421247 0.270685 0.14092 0.391815 -0.0242409 0.240847 -0.111811 -0.214703 -0.148899 0.626137 0.307942 -0.728317 -0.00917561 -0.240723 0.138837 0.0179381 0.520672 -0.276434 -0.750408 0.534544 -0.0483298 0.212639 0.923047 -0.475575 0.368851 0.404301 0.0650844 0.773735 -0.610699 -0.208669
internal_count=65963 34231 31732 25572 10233 11137 7969 15339 7938 14923 6160 3199 23094 4071 2529 6747 5129 4911 10205 22706 1707 4794 1547 1249 3867 1419 3655 4718 2264 10120 8605
shrinkage=0.05


Tree=16
num_leaves=32
num_cat=0
split_feature=5 5 6 1 6 6 4 3 5 6 5 2 1 4 6 3 2 2 2 5 4 4 1 3 1 4 5 2 5 5 6
split_gain=461.292 133.484 75.2316 66.3768 60.3428 39.1763 34.0677 27.2148 25.1324 23.3549 20.9008 19.6838 18.5221 17.6725 17.3954 15.7911 13.9838 13.2571 13.0647 12.393 11.0784 10.965 14.56 10.8848 10.3367 10.2845 11.4514 10.039 11.5973 11.3222 10.1047
threshold=1.8104355716878404 2.6821789321789322 5.7500000000000009 1.5000000000000002 5.8500000000000005 5.5500000000000007 133.83333333333334 75.833333333333357 3.5747340425531924 10.050000000000002 1.3594627808988766 24.550000000000004 1.5000000000000002 128.83333333333334 5.2500000000000009 94.833333333333357 17.050000000000004 23.150000000000002 19.250000000000004 3.5411036036036037 134.83333333333334 126.83333333333336 1.5000000000000002 59.583333333333336 1.5000000000000002 156.25000000000003 1.7150375939849625 23.550000000000004 3.1215816703621586 3.2521186440677972 5.6500000000000012
decision_type=10 10 10 2 10 10 8 10 10 8 8 10 2 10 10 10 8 10 8 10 10 10 2 10 2 10 8 10 10 10 10
left_child=2 3 6 4 7 8 10 17 15 -6 -1 21 19 16 -12 18 -5 -2 -3 20 27 -4 -23 -10 -20 26 -13 28 -7 30 -30
right_child=1 5 11 13 9 12 -8 -9 23 -11 14 25 -14 -15 -16 -17 -18 -19 24 -21 -22 22 -24 -25 -26 -27 -28 -29 29 -31 -32
leaf_value=-0.039740385152304658 -0.028675981857489086 0.055934430309470366 -0.014227611974629113 0.083420868702358306 0.017814013369782396 0.014190390331885724 -0.0085972583088452063 -0.0033849491380278139 -0.027559645071251374 0.13414669214798131 -0.033252454417274507 0.035697897721098291 0.049827335097015944 0.033217252186615052 -0.016094519729770919 0.042121400636616534 0.0094615751216950532 -0.01011234384185623 0.0025535980903609369 0.03718327439669003 0.034409403751775196 -0.0085397564250884097 0.048630205813708471 0.030874505985016815 0.024602636186039431 0.10450583812324506 -0.018205817503133832 0.0085244608418565161 0.013823549514466139 0.030267933666035685 0.13456474019259052
leaf_count=10314 4225 149 1642 80 1803 434 3517 7838 68 30 7320 506 790 1240 5530 296 4290 2839 5641 1408 927 368 243 1811 593 35 141 1655 28 147 55
internal_value=0 0.221843 -0.468284 0.0184224 -0.11544 0.443464 -0.559414 -0.21931 0.289211 0.416337 -0.63043 0.10483 0.62351 0.339183 -0.506913 0.173764 0.218794 -0.416076 0.130236 0.545244 0.42705 -0.0964212 0.311913 0.574882 0.104297 0.596596 0.466013 0.300689 0.636259 1.16043 2.04315
internal_count=65963 36347 29616 22345 16735 14002 26681 14902 8558 1833 23164 2935 5444 5610 12850 6679 4370 7064 6383 4654 3246 2253 611 1879 6234 682 647 2319 664 230 83
shrinkage=0.05


Tree=17
num_leaves=32
num_cat=0
split_feature=5 0 0 5 5 0 0 6 6 4 5 9 3 6 5 5 3 9 6 9 0 6 0 6 0 3 5 5 4 5 6
split_gain=421.956 155.153 127.395 108.065 50.7414 37.4207 31.1963 26.6952 23.7439 21.2426 19.6586 19.4507 19.318 17.5407 17.2533 15.7208 14.8255 14.0149 12.9046 13.2099 11.7085 10.3219 10.2316 10.1654 9.57845 9.41754 8.96633 8.91495 8.83401 8.82903 8.30184
threshold=1.8104355716878404 52.500000000000007 44.500000000000007 2.9071920757967273 2.6821789321789322 44.500000000000007 51.500000000000007 5.4500000000000011 5.1500000000000012 154.33333333333334 1.3594627808988766 1.0000000180025095e-35 98.333333333333357 6.1500000000000012 4.9154761904761921 3.5411036036036037 76.833333333333357 1.0000000180025095e-35 6.3500000000000005 1.0000000180025095e-35 59.500000000000007 6.8500000000000005 66.500000000000014 5.9500000000000011 58.500000000000007 76.833333333333357 2.3021061869240902 2.7063894523326577 136.83333333333334 1.352192701664533 6.2500000000000009
decision_type=10 2 2 10 10 2 2 10 10 10 8 2 10 10 10 10 10 2 10 2 2 10 2 10 2 10 10 10 10 8 8
left_child=1 5 3 8 6 11 17 -3 26 15 -7 -1 -12 14 25 24 21 23 30 -20 28 -10 -22 -4 -6 -5 -2 -26 -9 -13 -8
right_child=2 7 4 13 9 10 18 20 16 -11 12 29 -14 -15 -16 -17 -18 -19 19 -21 22 -23 -24 -25 27 -27 -28 -29 -30 -31 -32
leaf_value=-0.040836387341052299 -0.038654103534415313 -0.0081508631820857852 -0.0026607818107900207 0.0027056413565838683 0.018171678960294427 -0.033098345032284426 0.019451085278063406 0.0059922318850939875 -0.018351864186000738 0.060918390229548064 -0.014023685106537578 -0.032073219630033858 0.079681755700775195 0.04649876950302597 0.064046589373310425 0.035584298015769608 0.002443971843651345 0.029481186424557396 0.060257420339737869 0.0035391949552290546 0.04993319187505138 0.054540189789044936 -0.023021755168133692 0.021501163372599868 0.1111960637911043 0.018275009238350012 -0.018889938035597593 0.033051842656735421 0.037450011700882045 0.052824549245422382 -0.0014494599236343632
leaf_count=16048 2546 2105 6367 2287 5027 4135 3986 1295 4365 290 5033 80 70 283 99 1826 2659 448 254 128 362 41 41 506 22 1976 2111 448 319 128 678
internal_value=0 -0.454745 0.209255 -0.0635636 0.365787 -0.633229 0.213935 0.161696 -0.325385 0.54249 -0.416535 -0.792616 -0.242998 0.31535 0.250395 0.505544 -0.178323 0.0438416 0.393668 0.876462 0.420203 -0.338069 0.84264 -0.00499516 0.412137 0.208314 -0.577157 0.764257 0.260575 0.465456 0.338574
internal_count=65963 29616 36347 16367 19980 25494 12367 4122 11722 7613 9238 16256 5103 4645 4362 7323 7065 7321 5046 382 2017 4406 403 6873 5497 4263 4657 470 1614 208 4664
shrinkage=0.05


Tree=18
num_leaves=32
num_cat=0
split_feature=5 0 0 5 5 0 0 6 6 2 5 4 3 6 2 5 6 6 2 2 6 0 2 4 4 5 7 3 2 6 4
split_gain=386.123 146.193 112.959 98.345 44.1447 36.9109 27.4836 24.174 19.5701 19.5574 18.8927 18.0105 17.0429 15.5816 14.7193 13.6548 11.1248 10.2889 10.7418 10.24 14.4357 9.99753 11.2962 9.96257 9.92731 9.86225 9.50231 9.46808 9.14963 9.13581 8.59582
threshold=1.8104355716878404 52.500000000000007 44.500000000000007 2.8299879566439183 2.6821789321789322 44.500000000000007 51.500000000000007 5.8500000000000005 5.1500000000000012 26.350000000000005 1.3594627808988766 154.33333333333334 98.333333333333357 5.2500000000000009 38.650000000000013 3.7379000780640133 6.3500000000000005 4.0500000000000007 33.550000000000004 31.350000000000005 6.1500000000000012 59.500000000000007 24.950000000000003 118.16666666666667 123.83333333333336 2.115069356872636 1.0000000180025095e-35 78.833333333333357 19.150000000000002 5.5500000000000007 137.83333333333334
decision_type=10 2 2 10 10 2 2 10 10 10 8 10 10 10 10 10 10 10 10 10 10 2 10 10 10 10 2 10 10 10 8
left_child=1 5 3 8 6 9 29 21 -2 -1 -7 15 -12 27 25 17 -8 23 28 20 -15 30 -23 -6 -22 -10 -18 -5 -19 -4 -3
right_child=2 7 4 13 11 10 16 -9 14 -11 12 -13 -14 19 -16 -17 26 18 -20 -21 24 22 -24 -25 -26 -27 -28 -29 -30 -31 -32
leaf_value=-0.04137359700778076 -0.028572006443684086 -0.010000413287284562 -0.0030243423810263834 -0.0077957098643562112 0.029045511997060958 -0.03242501401266247 0.015874906223154194 0.032997477411325707 -0.022628211990902189 -0.0036854070326277225 -0.013494634532657057 0.055865260232523556 0.072184536731037863 0.0123401055980259 0.094322791039094148 0.035486441768341329 0.048516425141600539 0.063094553383007276 0.068079572981206857 0.042428060878892636 0.084725465926706434 0.0092657929387816081 0.073328273943542563 -0.0057202439130686665 0.023918805566202794 -0.0051371532860883381 -0.015290596963728391 0.015952544995218278 0.020546417618607472 0.010565735623206793 0.016007243864555192
leaf_count=15452 4472 2422 4950 1333 331 4135 4664 652 2432 804 5033 290 70 2567 30 1245 328 105 93 344 80 458 58 735 121 4245 54 743 4814 2371 532
internal_value=0 -0.441625 0.197466 -0.0607148 0.343171 -0.61975 0.201683 0.152775 -0.33348 -0.781763 -0.403373 0.506108 -0.233275 0.271609 -0.194651 0.472081 0.368666 0.40275 0.454345 0.404161 0.329082 0.00332988 0.404302 0.0980586 0.986566 -0.212863 0.810529 0.0311083 0.432118 0.041632 -0.0970645
internal_count=65963 29616 36347 16367 19980 25494 12367 4122 11179 16256 9238 7613 5103 5188 6707 7323 5046 6078 5012 3112 2768 3470 516 1066 201 6677 382 2076 4919 7321 2954
shrinkage=0.05


Tree=19
num_leaves=32
num_cat=0
split_feature=5 0 0 5 1 5 0 0 1 6 5 2 2 6 9 0 5 6 6 3 5 6 4 2 5 6 5 2 3 2 3
split_gain=353.322 137.714 100.218 89.5539 55.5132 54.7159 36.35 28.2139 27.4646 21.412 20.7636 20.5762 19.1184 18.7684 23.5066 18.3707 18.1288 17.6881 16.6803 15.0936 13.7654 14.1145 13.6712 13.7277 12.6372 11.1611 10.4253 10.3044 9.44759 9.43014 10.7963
threshold=1.8104355716878404 52.500000000000007 44.500000000000007 2.9071920757967273 1.5000000000000002 2.5847605224963721 44.500000000000007 55.500000000000007 1.5000000000000002 5.1500000000000012 3.5747340425531924 21.850000000000005 26.350000000000005 5.8500000000000005 1.0000000180025095e-35 58.500000000000007 1.3594627808988766 7.1500000000000012 5.8500000000000005 98.333333333333357 4.5819892473118289 6.1500000000000012 129.83333333333334 37.850000000000001 2.4014925373134335 5.4500000000000011 3.0259784075573548 17.050000000000004 101.58333333333336 30.950000000000003 73.833333333333357
decision_type=10 2 2 10 2 10 2 2 2 10 10 8 10 10 2 2 8 10 8 10 10 10 10 8 10 8 10 10 10 10 10
left_child=1 6 3 9 5 7 12 13 11 -2 15 -3 -1 14 -4 17 -8 28 -10 -18 21 29 -11 -24 27 -13 -19 -6 -7 -5 -31
right_child=2 8 4 20 24 10 16 -9 18 22 -12 25 -14 -15 -16 -17 19 26 -20 -21 -22 -23 23 -25 -26 -27 -28 -29 -30 30 -32
leaf_value=-0.040878871193262618 -0.02748315430431485 -0.025161360882628665 -0.014461762301430614 0.0058274745586766458 0.094695348118068817 0.0082305352298797634 -0.031748964214506979 0.017597004188797009 0.014558052156282378 -0.014059065895930312 0.032033576515786311 -0.014413047731667229 -0.0035176512566996707 0.015755708199081224 0.032901361342088715 0.038839623460216993 -0.012979645090191639 0.08645748665221055 0.056407929356746184 0.06572000322212096 0.044038180597166993 0.039810625943420448 0.003038240698355238 0.098128272332515629 0.039508073343454207 0.01918489097449701 0.018952391228864402 0.021439636837147249 0.049627405458958787 0.083118795621292929 0.017420697371217066
leaf_count=15452 4657 1188 5558 3829 42 5196 4135 1569 1253 5295 1627 524 804 852 319 479 5033 82 263 70 219 257 1737 33 1615 894 86 2455 100 70 270
internal_value=0 -0.42865 0.186449 -0.0578912 0.322208 0.225515 -0.606239 0.00129163 0.144652 -0.303027 0.391993 -0.102279 -0.770755 -0.127123 -0.219317 0.291845 -0.39042 0.228262 0.491042 -0.223856 0.280135 0.228959 -0.163835 0.125366 0.618593 0.169641 1.06225 0.459778 0.188039 0.16916 0.643016
internal_count=65963 29616 36347 16367 19980 15868 25494 8298 4122 11722 7570 2606 16256 6729 5877 5943 9238 5464 1516 5103 4645 4426 7065 1770 4112 1418 168 2497 5296 4169 340
shrinkage=0.05


Tree=20
num_leaves=32
num_cat=0
split_feature=5 0 0 5 1 5 0 0 5 6 6 9 9 0 6 2 1 5 3 1 5 5 2 4 3 5 6 2 2 4 2
split_gain=323.417 131.85 89.0554 81.874 48.1373 48.3953 35.6388 25.2658 17.9899 17.6012 16.9832 21.151 15.9745 15.9188 15.3816 14.9894 14.6901 15.3675 13.8951 13.6432 12.7465 12.5633 11.7459 11.6765 11.0271 10.8116 10.6341 10.5737 9.951 9.49459 9.43184
threshold=1.8104355716878404 47.500000000000007 44.500000000000007 2.8299879566439183 1.5000000000000002 2.5847605224963721 56.500000000000007 55.500000000000007 3.5747340425531924 5.1500000000000012 5.8500000000000005 1.0000000180025095e-35 1.0000000180025095e-35 58.500000000000007 7.1500000000000012 24.950000000000003 1.5000000000000002 1.2511261261261264 76.833333333333357 1.5000000000000002 1.5430335097001766 4.5819892473118289 38.650000000000013 139.25000000000003 76.833333333333357 2.4014925373134335 6.1500000000000012 22.650000000000002 21.950000000000003 146.25000000000003 31.050000000000004
decision_type=10 2 2 10 2 10 2 2 10 10 10 2 2 2 10 8 2 10 10 2 8 10 10 10 10 10 8 10 10 10 10
left_child=1 12 3 9 5 7 16 10 13 -2 11 -4 20 14 -7 19 23 27 21 28 -1 30 29 -3 -22 -6 -21 -18 -8 -11 -5
right_child=2 6 4 18 25 8 15 -9 -10 22 -12 -13 -14 -15 -16 -17 17 -19 -20 26 24 -23 -24 -25 -26 -27 -28 -29 -30 -31 -32
leaf_value=-0.041665708789664108 -0.027178133516755049 -0.024340040035458775 -0.013917144553422365 -0.002354439261011915 0.021484859539817561 0.0088725746799909726 -0.022721141008778711 0.016503613743353279 0.029831726564943359 -0.011716787983745217 0.014791148850906575 0.030506736877793612 0.011418983560759072 0.036009200784281846 0.049005847240974454 0.046341345505721943 -0.030208402263539488 0.0077641293068982237 0.02021561112073627 0.019569147550359628 -0.033640803168073156 0.045879948024952405 0.079424057463654316 0.0079555190273630869 -0.010947515624651891 0.036608328195644545 0.090882228664691644 0.024041590923363464 0.013001013857883959 0.024074203110296257 0.037841822296219116
leaf_count=12586 4472 3695 5558 2504 2497 5296 507 1569 1627 6434 852 319 326 479 168 245 1044 2199 2453 475 5592 98 30 524 1784 1615 39 169 431 243 133
internal_value=0 -0.415883 0.176223 -0.0551432 0.302948 0.212766 -0.0667239 0.00119837 0.367722 -0.310758 -0.121506 -0.210426 -0.700984 0.274653 0.215281 0.330615 -0.216741 -0.0252299 0.242387 0.17559 -0.724309 0.0695809 -0.179447 -0.393702 -0.55405 0.575662 0.553764 -0.430051 -0.0980016 -0.196847 0.008303
internal_count=65963 29616 36347 16367 19980 15868 9328 8298 7570 11179 6729 5877 20288 5943 5464 1697 7631 3412 5188 1452 19962 2735 6707 4219 7376 4112 514 1213 938 6677 2637
shrinkage=0.05


Tree=21
num_leaves=32
num_cat=0
split_feature=5 0 0 5 1 5 0 0 0 5 9 5 5 6 9 0 1 5 6 2 6 1 3 4 2 5 6 2 6 4 2
split_gain=295.933 125.859 79.209 74.4131 41.8349 42.8361 32.2625 22.6405 17.2393 15.844 15.7882 15.7437 15.6579 15.3709 19.0527 13.8548 13.6461 14.0806 13.3601 12.9435 12.8439 12.1279 11.7196 11.1454 9.83042 9.32836 9.13014 9.11679 9.08133 8.82809 8.73025
threshold=1.8104355716878404 47.500000000000007 44.500000000000007 2.8299879566439183 1.5000000000000002 2.5847605224963721 56.500000000000007 55.500000000000007 34.500000000000007 1.3920243773184953 1.0000000180025095e-35 2.1456439393939397 3.5747340425531924 5.8500000000000005 1.0000000180025095e-35 58.500000000000007 1.5000000000000002 1.2511261261261264 7.1500000000000012 24.950000000000003 5.2500000000000009 1.5000000000000002 76.833333333333357 133.83333333333334 22.650000000000002 2.4014925373134335 7.2500000000000009 21.950000000000003 6.1500000000000012 167.33333333333334 17.050000000000004
decision_type=10 2 2 10 2 10 2 2 2 8 2 10 10 10 2 2 2 10 10 8 10 2 10 10 10 10 10 10 8 10 10
left_child=1 9 3 8 5 7 16 13 -2 -1 22 -10 15 14 -4 18 23 24 29 21 -5 27 -11 -3 -18 30 -25 -8 -23 -7 -6
right_child=2 6 4 20 25 12 19 -9 11 10 -12 -13 -14 -15 -16 -17 17 -19 -20 -21 -22 28 -24 26 -26 -27 -28 -29 -30 -31 -32
leaf_value=-0.042867998988476042 -0.034523763586719568 -0.02612128647569489 -0.013386967191203157 0.00055486030547769762 0.083711086734885504 0.0075458458996687933 -0.022022945859690255 0.015491743305785325 -0.023555406069907914 -0.034600878327304511 0.029209612509949676 -0.004454199217699766 0.027827487217135273 0.013896776361357697 0.028343204352768991 0.033458781336867631 -0.029511502837843175 0.0073291866133942526 0.045239748458999945 0.04281502175242078 0.017311305797421652 0.01833741040760465 -0.014536225488402128 -0.0055900435850963102 0.022511760484190839 0.033998014430660223 0.079218697557332546 0.012242713222651219 0.082769797829492231 0.061167162594129548 0.018661658518984894
leaf_count=9555 2110 3136 5558 2076 42 5250 507 1569 3635 7987 184 5434 1627 852 319 479 1044 2199 168 245 3112 475 2562 1061 169 1615 22 431 39 46 2455
internal_value=0 -0.403303 0.166537 -0.0525639 0.284961 0.200776 -0.0636492 0.00111489 -0.299447 -0.688592 -0.551661 -0.221539 0.345149 -0.116109 -0.20182 0.258478 -0.208104 -0.0241237 0.202953 0.311434 0.228416 0.166428 -0.586297 -0.380865 -0.416842 0.536402 -0.0249925 -0.0937501 0.518003 0.167426 0.40167
internal_count=65963 29616 36347 16367 19980 15868 9328 8298 11179 20288 10733 9069 7570 6729 5877 5943 7631 3412 5464 1697 5188 1452 10549 4219 1213 4112 1083 938 514 5296 2497
shrinkage=0.05


Tree=22
num_leaves=32
num_cat=0
split_feature=5 0 0 5 1 5 0 0 5 4 0 5 2 1 5 2 0 4 1 2 3 5 2 0 0 4 9 3 1 4 0
split_gain=270.703 120.024 70.6451 67.789 36.4939 37.9892 29.2005 20.3001 16.2959 15.8518 13.7235 13.655 12.8031 12.6523 12.9204 12.541 12.0887 11.496 11.4841 15.0893 11.3929 11.2364 11.1562 10.8889 10.795 10.5351 10.1865 9.91383 9.06045 8.9366 11.5369
threshold=1.8104355716878404 47.500000000000007 44.500000000000007 2.9071920757967273 1.5000000000000002 2.5847605224963721 56.500000000000007 55.500000000000007 2.1456439393939397 132.83333333333334 31.500000000000004 3.5747340425531924 30.150000000000002 1.5000000000000002 1.2697520955947923 36.95000000000001 58.500000000000007 163.33333333333334 1.5000000000000002 21.950000000000003 85.833333333333357 1.5364086249558151 22.650000000000002 30.500000000000004 45.500000000000007 133.83333333333334 1.0000000180025095e-35 92.833333333333357 1.5000000000000002 133.25000000000003 65.500000000000014
decision_type=10 2 2 10 2 10 2 2 10 10 2 10 10 2 10 10 2 10 2 8 10 8 10 2 2 10 2 10 2 10 2
left_child=1 9 3 8 5 7 13 12 -2 21 -10 16 20 25 22 -12 27 23 19 -8 -4 -1 -15 -5 -22 -3 -23 -7 -25 -6 -31
right_child=2 6 4 17 29 11 18 -9 10 -11 15 -13 -14 14 -16 -17 -18 -19 -20 -21 24 26 -24 28 -26 -27 -28 -29 -30 30 -32
leaf_value=-0.042363476761810209 -0.025431117385182545 -0.025418725699431457 -0.011958032967031983 -0.014813691288448665 0.021085457225440037 0.0070524654847781212 -0.021335873707543151 0.014553634108372911 -0.034357392552214643 -0.013443862393156099 -0.0056822111001192587 0.025996562513590723 0.034130952515187434 -0.028972932783511492 0.0072217891978280692 0.078410051821801677 0.031149782663727889 0.070341650753707213 0.030602394378802369 0.018572946661590362 0.057954944779913524 -0.02951203461681462 0.024357688214589383 0.010650159696126347 0.001900173374879275 -0.0011374042626519762 0.041737087579842513 0.027698305754455105 0.036003877408688344 0.039834495760074612 -0.030672272019276459
leaf_count=11338 4527 3136 5072 421 3199 4951 507 1569 921 2194 6237 1627 207 1088 2144 37 479 45 573 617 135 6684 180 3837 1315 1083 72 513 342 879 34
internal_value=0 -0.39088 0.157425 -0.0502544 0.268327 0.189606 -0.0606236 0.00104003 -0.27166 -0.676084 -0.157044 0.324352 -0.110925 -0.199644 -0.023067 -0.0932688 0.243544 0.236052 0.293593 0.0770308 -0.146418 -0.733712 -0.39076 0.214449 0.136776 -0.368119 -0.561397 0.191564 0.260552 0.500808 0.732205
internal_count=65963 29616 36347 16367 19980 15868 9328 8298 11722 20288 7195 7570 6729 7631 3412 6274 5943 4645 1697 1124 6522 18094 1268 4600 1450 4219 6756 5464 4179 4112 913
shrinkage=0.05


Tree=23
num_leaves=32
num_cat=0
split_feature=0 2 6 2 4 4 6 0 3 6 1 9 7 2 9 2 6 6 0 0 6 4 0 2 1 2 3 7 4 2 2
split_gain=174.371 100.554 68.018 23.7756 21.3511 20.4009 18.7351 18.3463 17.6635 15.1697 14.9196 14.858 12.3236 12.2823 12.9177 13.0533 12.2316 11.3247 9.10315 8.68249 9.23217 9.3853 8.04261 7.81033 7.77465 8.90491 7.63338 9.314 7.47866 7.45913 7.38278
threshold=44.500000000000007 24.350000000000005 5.5500000000000007 20.350000000000005 132.83333333333334 154.33333333333334 5.2500000000000009 59.500000000000007 76.833333333333357 9.9500000000000011 1.5000000000000002 1.5000000000000002 1.0000000180025095e-35 29.050000000000004 1.0000000180025095e-35 25.550000000000004 5.4500000000000011 5.9500000000000011 48.500000000000007 47.500000000000007 5.2500000000000009 127.16666666666667 46.500000000000007 15.15 1.5000000000000002 21.450000000000003 85.833333333333357 1.0000000180025095e-35 131.83333333333334 31.050000000000004 20.050000000000004
decision_type=2 10 10 10 8 10 10 2 10 10 2 2 2 10 2 8 8 10 2 2 10 10 2 8 2 10 10 2 10 10 10
left_child=1 3 4 23 13 7 26 9 29 10 17 -10 -9 14 19 -16 22 30 28 -2 -21 24 -15 -1 25 -22 27 -5 -12 -3 -4
right_child=2 8 5 6 -6 -7 -8 12 11 -11 18 -13 -14 16 15 -17 -18 -19 -20 20 21 -23 -24 -25 -26 -27 -28 -29 -30 -31 -32
leaf_value=0.061067845260996081 -0.012953235288728533 -0.010317774077986912 -0.025715111806248483 -0.029803626233955122 0.0098126285065894339 0.042573331794889299 -0.0095235626970572116 0.035352974726355652 0.0080891557327070658 0.071917996170148865 -0.0018901677755040478 0.092527063583317221 -0.014309715217410562 0.00039761413836788997 0.042859474103799859 -0.023298108365934374 -0.0052292319108376848 0.014739463102723572 0.02460117127110777 -0.0082089727610057013 -0.027428850089600106 0.021774419340718616 0.079418769721976659 -0.035737367769400889 0.0079005024049199502 -0.00086610363270380971 -0.00049377825223982782 0.05799791378418926 0.031256964774729772 0.016516189838289477 0.0034202734824760744
leaf_count=39 5298 4076 370 7352 5064 488 6501 890 4525 68 1073 36 99 57 315 98 155 2416 2295 5319 699 683 98 9185 1746 1484 555 38 238 316 4387
internal_value=0 -0.268841 0.148186 -0.474791 0.00300479 0.318197 -0.363598 0.287696 0.0408896 0.240959 0.228683 0.187283 0.61687 -0.0712258 -0.0894765 0.495933 0.552063 0.143345 0.396648 -0.11049 -0.0525524 0.060921 1.15221 -0.703081 -0.00831178 -0.160415 -0.533953 -0.57931 0.123255 -0.150217 0.0355578
internal_count=65963 32623 33340 23670 21016 12324 14446 11836 8953 10847 10779 4561 989 15952 15642 413 310 7173 3606 15229 9931 4612 155 9224 3929 2183 7945 7390 1311 4392 4757
shrinkage=0.05


Tree=24
num_leaves=32
num_cat=0
split_feature=5 0 5 0 0 1 0 4 0 2 0 5 4 2 4 3 1 5 1 6 1 2 4 5 6 6 6 2 2 2 6
split_gain=241.217 108.201 58.7875 64.7007 27.9488 20.989 19.8649 20.3536 19.7048 17.8036 16.9863 15.393 14.0385 13.6019 13.5167 12.2898 12.0426 11.793 13.2994 11.4781 11.0536 10.7281 10.4007 10.3492 10.294 10.2762 10.2686 10.0461 10.0885 9.66667 10.3978
threshold=1.8104355716878404 46.500000000000007 2.6821789321789322 48.500000000000007 54.500000000000007 1.5000000000000002 30.500000000000004 134.83333333333334 38.500000000000007 25.250000000000004 61.500000000000007 4.3879928315412196 136.83333333333334 22.550000000000004 165.33333333333334 62.833333333333336 1.5000000000000002 1.278584768624196 1.5000000000000002 5.6500000000000012 1.5000000000000002 21.950000000000003 130.83333333333334 3.7379000780640133 6.1500000000000012 5.3500000000000005 7.1500000000000012 23.650000000000002 22.250000000000004 23.350000000000005 5.1500000000000012
decision_type=10 2 10 2 2 2 2 10 2 10 2 10 10 8 10 10 2 8 2 10 2 8 10 10 8 10 10 10 10 10 10
left_child=1 9 3 8 14 10 -4 11 25 -1 15 13 -10 19 17 -5 21 22 -19 -8 -15 -6 -3 -9 -18 -2 -17 28 -20 -12 -31
right_child=2 4 6 5 16 -7 7 23 12 -11 29 -13 -14 20 -16 26 24 18 27 -21 -22 -23 -24 -25 -26 -27 -28 -29 -30 30 -32
leaf_value=-0.036597813769529086 -0.036279270500988683 -0.035374372266921264 -0.017173317383155914 -0.038141191405803604 -0.017991662987419506 0.021945198780400271 0.013992083848358275 0.020173078651294689 -0.0094433317253646218 -0.0086192186223289467 0.0059900523017350684 0.033243640368445314 0.010373152620681822 0.0047046942172624916 0.062211033872824645 0.0019457352689514985 0.016496877600405992 -0.018447253838381136 0.0031286870121653276 0.039570462090489623 0.023065414623980252 0.010673854517685891 -0.0017365993235694708 0.038947754203265315 0.066310141497144967 -0.0063653540044971346 0.037340769769740323 -0.026229286794630841 0.043610976858557665 -0.027955704995845234 0.070491648626512887
leaf_count=17745 2324 2019 612 241 794 2039 1892 2477 9681 1576 130 461 1548 6835 69 5212 848 2780 1547 458 696 934 628 571 74 865 154 332 270 21 130
internal_value=0 -0.375189 0.1466 0.00853174 -0.0835852 0.213191 0.284785 0.305209 -0.196303 -0.673739 0.0925053 0.23388 -0.122109 0.200839 -0.246124 0.0402679 0.188809 -0.26851 -0.152591 0.414544 0.137813 -0.00372982 -0.531091 0.497548 0.453707 -0.541754 0.0728449 0.0729179 0.197069 0.738434 1.15915
internal_count=65963 29616 36347 22345 10295 7927 14002 13390 14418 19321 5888 10342 11229 9881 7645 5607 2650 7576 4929 2350 7531 1728 2647 3048 922 3189 5366 2149 1817 281 151
shrinkage=0.05


end of trees

feature importances:
H25_lhrate=162
H25_age=158
H25_a1c=118
H25_bmi=102
H25_sex=65
H25_sbp=64
H25_dbp=53
H25_is_medicine=39
H25_ht=11
H25_dm=3

parameters:
[boosting: gbdt]
[objective: binary]
[metric: binary]
[tree_learner: serial]
[device_type: cpu]
[data: ]
[valid: ]
[num_iterations: 100]
[learning_rate: 0.05]
[num_leaves: 32]
[num_threads: 0]
[max_depth: -1]
[min_data_in_leaf: 20]
[min_sum_hessian_in_leaf: 1]
[bagging_fraction: 0.4]
[bagging_freq: 0]
[bagging_seed: 3]
[feature_fraction: 0.8]
[feature_fraction_seed: 2]
[early_stopping_round: 0]
[max_delta_step: 0]
[lambda_l1: 0]
[lambda_l2: 1]
[min_gain_to_split: 0]
[drop_rate: 0.1]
[max_drop: 50]
[skip_drop: 0.5]
[xgboost_dart_mode: 0]
[uniform_drop: 0]
[drop_seed: 4]
[top_rate: 0.2]
[other_rate: 0.1]
[min_data_per_group: 100]
[max_cat_threshold: 32]
[cat_l2: 10]
[cat_smooth: 10]
[max_cat_to_onehot: 4]
[top_k: 20]
[monotone_constraints: ]
[feature_contri: ]
[forcedsplits_filename: ]
[refit_decay_rate: 0.9]
[verbosity: 0]
[max_bin: 255]
[min_data_in_bin: 3]
[bin_construct_sample_cnt: 200000]
[histogram_pool_size: -1]
[data_random_seed: 1]
[output_model: LightGBM_model.txt]
[snapshot_freq: -1]
[input_model: ]
[output_result: LightGBM_predict_result.txt]
[initscore_filename: ]
[valid_data_initscores: ]
[pre_partition: 0]
[enable_bundle: 1]
[max_conflict_rate: 0]
[is_enable_sparse: 1]
[sparse_threshold: 0.8]
[use_missing: 1]
[zero_as_missing: 0]
[two_round: 0]
[save_binary: 0]
[enable_load_from_binary_file: 1]
[header: 0]
[label_column: ]
[weight_column: ]
[group_column: ]
[ignore_column: ]
[categorical_feature: ]
[predict_raw_score: 0]
[predict_leaf_index: 0]
[predict_contrib: 0]
[num_iteration_predict: -1]
[pred_early_stop: 0]
[pred_early_stop_freq: 10]
[pred_early_stop_margin: 10]
[convert_model_language: ]
[convert_model: gbdt_prediction.cpp]
[num_class: 1]
[is_unbalance: 0]
[scale_pos_weight: 1]
[sigmoid: 1]
[boost_from_average: 1]
[reg_sqrt: 0]
[alpha: 0.9]
[fair_c: 1]
[poisson_max_delta_step: 0.7]
[tweedie_variance_power: 1.5]
[max_position: 20]
[label_gain: ]
[metric_freq: 1]
[is_provide_training_metric: 0]
[eval_at: ]
[num_machines: 1]
[local_listen_port: 12400]
[time_out: 120]
[machine_list_filename: ]
[machines: ]
[gpu_platform_id: -1]
[gpu_device_id: -1]
[gpu_use_dp: 0]

end of parameters

pandas_categorical:[]
