tree
version=v2
num_class=1
num_tree_per_iteration=1
label_index=0
max_feature_idx=9
objective=binary sigmoid:1
feature_names=H25_age H25_sex H25_bmi H25_dbp H25_sbp H25_lhrate H25_a1c H25_ht H25_dm H25_is_medicine
feature_infos=[18:74] [1:2] [0:65.599999999999994] [0:169] [0:238] [0.18181818181818185:8.8461538461538485] [2.7999999999999998:15.300000000000001] [0:1] [0:1] [0:2]
tree_sizes=2556 2581 2589 2604 2615 2597 2604 2620 2604 2634 2612 2639 2637 2634 2621 2625 2629 2628 2622 2620 2630 2618 2636 2645 2637

Tree=0
num_leaves=32
num_cat=0
split_feature=5 0 0 5 5 5 0 5 0 9 6 6 6 2 6 0 6 0 5 0 5 6 5 3 5 3 6 3 9 0 9
split_gain=2245.63 846.489 579.346 325.855 220.123 210.444 141.906 112.809 105.751 100.316 100.146 80.415 72.0351 69.3177 62.0485 61.3012 59.0731 56.7642 48.1988 45.2059 41.7722 39.1326 35.5349 34.708 32.385 30.6496 26.0886 24.4731 21.9707 21.2678 23.28
threshold=2.5929064657878222 47.500000000000007 44.500000000000007 3.5431677018633545 1.8129166666666665 4.0548048048048058 56.500000000000007 1.9346044191019247 56.500000000000007 1.0000000180025095e-35 6.0500000000000007 5.8500000000000005 5.8500000000000005 24.950000000000003 7.2500000000000009 55.500000000000007 6.4500000000000011 38.500000000000007 2.9780193236714982 37.500000000000007 4.3907741251325563 6.7500000000000009 2.744889445139759 79.833333333333357 3.1259920634920637 93.833333333333357 5.8500000000000005 92.833333333333357 1.0000000180025095e-35 51.500000000000007 1.0000000180025095e-35
decision_type=10 2 2 10 8 10 2 10 2 2 10 10 10 10 10 2 10 2 10 2 10 10 10 10 10 10 10 10 2 2 2
left_child=1 7 5 8 6 10 21 -1 9 14 17 29 20 26 24 -13 19 -2 -19 -9 -5 -3 -12 -7 27 -20 -8 -4 -17 30 -6
right_child=2 4 3 12 11 23 13 16 -10 -11 22 15 -14 -15 -16 28 -18 18 25 -21 -22 -23 -24 -25 -26 -27 -28 -29 -30 -31 -32
leaf_value=-2.5799639724183652 -2.5492348521435098 -2.5535700044268568 -2.4955527667479398 -2.4107422771732825 -2.5208310575530821 -2.4480969893204176 -2.5175206182734473 -2.5793760789924964 -2.3964645834725506 -2.3832340251088358 -2.5593859430793513 -2.4855371209847368 -2.3012754299026223 -2.3908986665432987 -2.3226560605330349 -2.3815102994606208 -2.4545321530830453 -2.5349423928736465 -2.5000690067861537 -2.5503244108129257 -2.3134539020024567 -2.4471632461186297 -2.406246783156353 -2.352947147166315 -2.4564368104726206 -2.4127449142514035 -2.4445062099978467 -2.4356839035500042 -2.5038374987726231 -2.4945661906442909 -2.4435488942344223
leaf_count=23337 2446 7046 3099 1093 2853 423 1082 2662 889 460 61 836 501 219 82 403 193 1907 2095 7552 220 115 343 253 1557 148 204 268 72 3408 137
internal_value=0 -0.397792 1.25745 1.96729 0.317289 0.499701 -0.102022 -0.744788 1.55179 1.34558 0.299808 0.78795 3.39876 0.962486 1.18127 1.64936 -0.411962 0.183959 0.456419 -0.452544 2.86312 -0.327259 2.11838 2.51917 1.11761 0.835492 0.605567 0.898922 2.73541 0.608065 0.369255
internal_count=65964 50119 15845 8169 16375 7676 8666 33744 6355 5466 7000 7709 1814 1505 5006 1311 10407 6596 4150 10214 1313 7161 404 676 4924 2243 1286 3367 475 6398 2990
shrinkage=1


Tree=1
num_leaves=32
num_cat=0
split_feature=5 0 0 5 5 5 0 5 6 0 6 2 9 6 0 0 0 6 5 6 6 5 3 0 3 0 5 5 5 9 6
split_gain=1952.07 792.385 444.608 217.331 190.686 165.511 130.435 111.375 80.9055 78.8501 58.9812 55.3362 54.7158 52.0134 50.4969 46.5621 43.8638 41.7319 41.2119 39.2024 30.2828 27.2797 26.3883 23.9256 23.8232 21.9572 21.1809 21.1477 20.5469 19.7358 23.253
threshold=2.5929064657878222 47.500000000000007 44.500000000000007 3.5431677018633545 1.8373546511627907 4.0548048048048058 56.500000000000007 1.9346044191019247 6.0500000000000007 51.500000000000007 5.8500000000000005 24.950000000000003 1.0000000180025095e-35 6.4500000000000011 38.500000000000007 55.500000000000007 37.500000000000007 5.7500000000000009 2.9780193236714982 6.7500000000000009 7.1500000000000012 2.744889445139759 87.833333333333357 38.500000000000007 93.833333333333357 58.500000000000007 2.8189269746646803 1.3834474885844752 4.5900360144057624 1.0000000180025095e-35 5.6500000000000012
decision_type=10 2 2 10 8 10 2 10 10 2 10 10 2 10 2 2 2 8 10 10 10 10 10 2 10 2 10 10 10 2 8
left_child=1 7 5 9 6 8 19 -1 14 12 -6 -8 26 16 -2 -12 -9 22 -16 27 25 -10 28 -7 -20 -11 -4 -3 -5 30 -13
right_child=2 4 3 17 10 23 11 13 21 20 15 29 -14 -15 18 -17 -18 -19 24 -21 -22 -23 -24 -25 -26 -27 -28 -29 -30 -31 -32
leaf_value=-0.044107128110948433 -0.013383430735429176 -0.028588744866999506 0.024852013534735002 0.081625362515248892 0.029012357336676193 0.056720524705344756 0.028377595582146233 -0.043506542172067508 -0.023490504991614126 0.07911471592221396 0.043986247563092024 0.060483835573243418 0.12607498826045627 0.072152094690390495 0.00035983864006311158 0.11763973668341166 -0.014442893893627984 0.16999300621475599 0.032492932436348057 0.083997397884239544 0.18853386060379124 0.1103548480999266 0.17811081038498516 0.13322255351901227 0.10616808868376221 0.12570483318853537 0.055517482194729365 -0.007633136037797101 0.17258922603301619 -0.00866085108994109 0.19387264414266658
leaf_count=23337 2446 3292 1239 722 6167 239 1324 2662 61 1880 812 90 288 193 1907 463 7552 835 2095 120 103 343 167 437 148 466 2379 3963 90 31 113
internal_value=0 -0.384821 1.13099 1.71833 0.297268 0.464494 -0.0848541 -0.731116 0.281051 1.37997 0.738715 0.893527 1.04179 -0.398588 0.17338 1.45863 -0.438635 2.79983 0.425426 -0.304166 1.89687 1.8419 2.22558 2.15915 0.766677 1.78809 0.905064 -0.343392 1.89922 2.4567 2.84364
internal_count=65964 50119 15845 8169 16375 7676 8933 33744 7000 6355 7442 1558 3906 10407 6596 1275 10214 1814 4150 7375 2449 404 979 676 2243 2346 3618 7255 812 234 203
shrinkage=0.05


Tree=2
num_leaves=32
num_cat=0
split_feature=5 0 0 5 4 0 5 5 6 5 6 5 0 6 6 4 6 0 5 6 6 2 9 0 6 2 5 0 4 5 2
split_gain=1717.51 647.056 416.616 206.635 173.151 151.905 114.491 109.908 81.8517 78.4972 71.5842 67.9208 62.3072 43.7812 37.8557 37.5025 36.4077 29.9123 27.998 27.4995 26.4383 26.1574 25.5905 25.0563 25.0362 22.8988 24.0377 22.6284 25.1965 21.5061 20.2291
threshold=2.4451951951951956 47.500000000000007 45.500000000000007 3.3267268445839879 136.83333333333334 55.500000000000007 1.8373546511627907 3.5042372881355939 5.8500000000000005 1.9346044191019247 6.1500000000000012 3.0064102564102568 40.500000000000007 5.9500000000000011 6.7500000000000009 137.16666666666671 5.8500000000000005 37.500000000000007 4.146087398373985 5.8500000000000005 5.9500000000000011 24.950000000000003 1.0000000180025095e-35 38.500000000000007 5.6500000000000012 19.550000000000004 2.9417420814479645 55.500000000000007 147.25000000000003 4.3907741251325563 20.250000000000004
decision_type=10 2 2 10 10 2 8 10 10 10 10 10 2 10 10 10 10 2 10 10 8 8 2 2 8 8 10 2 10 10 10
left_child=1 9 3 10 7 6 14 16 21 -1 15 27 29 17 -3 23 25 -11 20 -14 -9 -7 30 -2 -23 -4 -27 28 -6 -5 -10
right_child=2 5 4 12 11 8 -8 18 22 13 -12 -13 19 -15 -16 -17 -18 -19 -20 -21 -22 24 -24 -25 -26 26 -28 -29 -30 -31 -32
leaf_value=-0.043568827504172722 -0.024949233267249807 -0.018178458486103759 0.1011927635088945 0.021539742560323042 0.042768914064264571 0.019948556124830513 0.022306049788289154 0.061347182758889451 0.020942773462107947 -0.045073748368719246 0.08339867713745254 0.15502785535368033 0.072170002056660659 0.038251286191547329 0.082903702650180738 0.034230966095239138 0.077784312087974747 -0.017679890288316312 0.1417032638725218 0.13718003071836085 0.12449540054959929 0.032668406385769636 0.013570408271561231 0.00071539423179817717 0.12226643789694117 0.026235381040804071 0.054268841169888393 0.1313478470134278 0.11229844597425782 0.085582956732394785 0.12011868573852205
leaf_count=23337 2174 6863 191 1239 517 2344 4627 619 81 2121 312 885 1173 402 108 846 1038 5926 387 258 302 289 113 4036 161 2696 1665 262 270 182 540
internal_value=0 -0.420106 0.912015 0.379943 1.46752 0.215867 -0.00141291 1.19432 0.879497 -0.750386 0.0307977 2.40105 1.19949 -0.428829 -0.322953 -0.0552444 0.955147 -0.494192 2.06723 1.71406 1.69336 0.567297 1.90177 -0.159851 1.35848 0.806709 0.747864 1.72637 1.36818 0.628547 2.16777
internal_count=65964 46912 19052 10220 8832 15126 11598 6898 3528 31786 7368 1934 2852 8449 6971 7056 5590 8047 1308 1431 921 2794 734 6210 450 4552 4361 1049 787 1421 621
shrinkage=0.05


Tree=3
num_leaves=32
num_cat=0
split_feature=5 0 0 1 5 5 0 5 1 5 1 4 4 3 0 5 5 0 0 4 9 5 5 0 4 5 4 9 9 0 4
split_gain=1522.85 572.871 366.783 219.548 197.407 155.122 134.189 84.0303 95.6138 72.8787 67.7214 65.5372 50.1605 48.5975 46.7257 38.7715 35.4049 34.8026 31.1816 28.5514 28.4065 26.303 24.5055 24.1503 22.8477 21.1529 20.4884 20.1824 20.024 19.9075 19.7044
threshold=2.4012987012987019 47.500000000000007 44.500000000000007 1.5000000000000002 3.2314560439560442 3.4361305361305368 54.500000000000007 1.8373546511627907 1.5000000000000002 1.9346044191019247 1.5000000000000002 137.83333333333334 135.83333333333334 93.833333333333357 48.500000000000007 4.0548048048048058 4.0548048048048058 37.500000000000007 38.500000000000007 142.16666666666671 1.0000000180025095e-35 2.7596296296296301 2.1134219554030884 58.500000000000007 167.33333333333334 2.8189269746646803 97.833333333333357 1.0000000180025095e-35 1.0000000180025095e-35 39.500000000000007 119.33333333333336
decision_type=10 2 2 2 10 10 2 8 2 10 2 10 10 10 2 10 10 2 2 8 2 10 8 2 8 10 10 2 2 2 10
left_child=1 9 5 4 11 13 7 28 27 -1 -8 20 15 18 -5 -6 29 -11 -2 -18 23 -20 -10 25 -19 30 -24 -9 -3 -7 -4
right_child=2 6 3 14 12 16 10 8 22 17 -12 -13 -14 -15 -16 -17 19 24 21 -21 -22 -23 26 -25 -26 -27 -28 -29 -30 -31 -32
leaf_value=-0.043027278649124631 -0.02115640540617655 -0.020047227237309367 -0.016358714764219056 0.071437610668902696 0.059384207411099135 0.010178264547183109 0.01883391435964055 -0.005836639395463499 0.037085361134335214 -0.044068437039111258 0.067208701733074361 0.068136404731174979 0.12426506560772527 0.063327224704094104 0.14076597427700027 0.11317613267284728 0.071531058156738297 -0.014387964383990226 -0.011100901431297303 0.18504811867146242 0.070399193044883457 0.018066824889408847 -0.019402681932669644 0.063606421193243681 0.1311881938024354 0.029147628381534674 0.10380282754816335 0.048151444906621058 0.025519180473831019 0.054286141220074462 0.016672332657168758
leaf_count=23337 2707 6106 1046 490 1706 612 2761 2597 663 1998 1505 1164 689 361 1137 458 612 5809 2045 64 316 2405 47 300 26 1661 458 240 365 834 1445
internal_value=0 -0.421459 0.806751 1.24375 1.02462 0.258788 0.178948 -0.0616554 0.349998 -0.744165 0.718057 0.631005 1.72343 -0.0137261 2.4322 1.45141 1.09404 -0.416889 -0.0872948 1.71508 0.435888 0.1028 1.23488 0.354897 -0.267905 0.276388 1.84343 -0.0184226 -0.346352 0.741772 0.0567917
internal_count=65964 45912 20052 10412 8785 9640 14742 10476 4005 31170 4266 5932 2853 7518 1627 2164 2122 7833 7157 676 4768 4450 1168 4452 5835 4152 505 2837 6471 1446 2491
shrinkage=0.05


Tree=4
num_leaves=32
num_cat=0
split_feature=5 5 6 6 1 5 4 4 6 6 1 3 5 4 5 5 4 3 4 3 3 4 5 1 4 5 7 6 3 1 1
split_gain=1365.43 301.28 192.124 177.86 141.688 96.1085 91.7685 81.8195 68.5159 55.3043 53.6937 49.4862 36.2093 34.6105 34.4524 32.0514 31.8561 27.0511 26.0843 22.8004 21.7147 21.0337 20.7186 20.1591 18.3313 18.0307 17.7551 17.5904 16.8717 15.5349 15.4665
threshold=2.2720779220779228 3.2314560439560442 5.6500000000000012 5.9500000000000011 1.5000000000000002 1.5426150121065378 137.16666666666671 135.83333333333334 6.8500000000000005 5.6500000000000012 1.5000000000000002 73.833333333333357 4.9493589743589759 134.83333333333334 1.8466063348416295 2.8345771144278609 128.83333333333334 73.833333333333357 131.83333333333334 92.833333333333357 94.833333333333357 101.25000000000001 1.8373546511627907 1.5000000000000002 157.25000000000003 4.0548048048048058 1.0000000180025095e-35 5.7500000000000009 95.833333333333357 1.5000000000000002 1.5000000000000002
decision_type=10 10 10 10 2 10 10 10 10 8 2 10 10 10 10 10 10 10 8 10 10 10 10 2 10 10 2 8 10 2 2
left_child=2 3 5 4 6 18 15 9 13 12 11 -7 26 22 -12 17 -16 -2 -1 -5 29 -6 -4 25 27 -11 -3 -8 -13 -9 -24
right_child=1 7 8 19 21 10 24 20 -10 23 14 28 -14 -15 16 -17 -18 -19 -20 -21 -22 -23 30 -25 -26 -27 -28 -29 -30 -31 -32
leaf_value=-0.042784843203142339 -0.021650376403164001 0.029501233101270605 -0.015734772987155216 0.063193235788312208 0.0088911344391108451 -0.039826338593542884 0.022615829909104847 0.074865280298532191 0.070713500775374472 0.057058169194917907 -0.017378549963663583 -0.017053495362940683 0.13798570103146765 0.02861993875295582 0.0030152873091982462 0.012494884355683161 0.05789633117090727 0.0013724651674121098 -0.020611800232133715 0.12449889743798999 0.13236757442603736 0.059090048319948199 -0.0051265257628867293 0.12998427137378862 0.085833133102834344 0.093975141987562349 0.11689523733078151 0.06576181455125607 0.023302906970393444 0.14123517032587013 0.029625080902660989
leaf_count=15340 3491 2559 3497 1535 339 5732 1236 864 470 1505 3127 6033 74 1248 2125 3424 451 3976 2557 200 377 2144 1077 155 239 483 57 395 400 110 744
internal_value=0 0.672686 -0.453329 0.400744 0.261859 -0.577028 0.0990094 1.29065 0.12383 1.0699 -0.373652 -0.522498 0.725315 0.012165 -0.0564079 -0.0396449 0.26739 -0.183546 -0.790991 1.42861 1.98413 1.05259 -0.128346 1.46112 0.822731 1.35436 0.642076 0.674451 -0.288178 1.68343 0.186991
internal_count=65964 23163 42801 16979 15244 35765 12761 6184 7036 4833 17868 12165 2690 6566 5703 10891 2576 7467 17897 1735 1351 2483 5318 2143 1870 1988 2616 1631 6433 974 1821
shrinkage=0.05


Tree=5
num_leaves=32
num_cat=0
split_feature=5 0 0 5 5 0 6 5 6 2 4 5 5 4 0 6 6 9 9 0 6 0 4 5 4 0 2 6 2 3 0
split_gain=1223.38 486.442 330.498 151.948 113.968 112.916 65.4893 62.4126 58.3929 46.2036 45.2534 42.2601 42.0557 39.5045 35.2012 31.931 31.7883 28.9762 28.062 26.9073 25.4305 24.9114 21.9278 25.5505 21.7084 21.2964 20.9903 20.7435 20.3933 16.8278 15.3501
threshold=2.2720779220779228 47.500000000000007 44.500000000000007 2.9780193236714982 3.2314560439560442 55.500000000000007 5.9500000000000011 1.6681957186544345 6.1500000000000012 21.350000000000005 138.83333333333334 1.7975437010247139 4.2522727272727279 135.83333333333334 39.500000000000007 7.2500000000000009 5.4500000000000011 1.0000000180025095e-35 1.0000000180025095e-35 34.500000000000007 6.4500000000000011 51.500000000000007 166.33333333333334 2.5816067653276957 137.83333333333334 37.500000000000007 30.950000000000003 5.7500000000000009 25.250000000000004 99.583333333333357 60.500000000000007
decision_type=10 2 2 10 10 2 10 8 10 8 10 10 10 10 2 10 8 2 2 2 10 2 10 10 10 2 10 8 8 10 2
left_child=1 11 3 19 6 7 10 15 12 -7 21 -1 14 27 -5 -3 -11 28 -9 -2 25 -4 -12 -24 -21 -13 29 -6 30 -16 -18
right_child=2 5 4 8 13 9 -8 18 -10 16 22 20 -14 -15 26 -17 17 -19 -20 24 -22 -23 23 -25 -26 -27 -28 -29 -30 -31 -32
leaf_value=-0.043260845617992982 -0.035923129179257239 -0.020077454268948573 0.016481696226790354 -0.0027186265978071107 0.048801125168898292 0.0076544899005069559 0.072165109750654627 0.0075197744700704608 0.1012430532568942 0.01904356908850513 0.054325529380252952 -0.045204154734985104 0.072972056220680717 0.10269939438640296 0.024314320021384381 0.1026008272691968 0.042763433766206373 -0.0043737221370663331 0.060713171078542176 -0.011197812689746603 0.04918071366183429 0.039498463017317451 0.013298561996215827 0.20667502932823739 0.026187828509115163 -0.021722138839932341 0.093812779203147928 0.079657880810474924 0.11037226664477018 0.11602776411868997 0.10267093978726399
leaf_count=20599 1586 5506 4132 1668 1390 1208 1293 4526 266 663 1096 2265 395 793 1968 49 575 152 338 4404 129 2317 32 43 600 6258 143 994 355 43 178
internal_value=0 -0.439671 0.622027 0.135415 0.990473 0.13789 0.767619 -0.0671074 0.616806 0.723736 0.631955 -0.75891 0.499478 1.4827 0.366344 -0.364823 1.05715 1.36808 0.23321 -0.260806 -0.522414 0.506227 1.23507 2.86059 -0.125881 -0.553629 0.650653 1.25669 1.55702 0.548293 1.17644
internal_count=65964 42801 23163 11073 12090 13550 8913 10419 4483 3131 7620 29251 4217 3177 3822 5555 1923 1260 4864 6590 8652 6449 1171 75 5004 8523 2154 2384 1108 2011 753
shrinkage=0.05


Tree=6
num_leaves=32
num_cat=0
split_feature=5 0 0 5 1 5 0 5 1 1 4 2 5 5 0 2 5 0 0 9 0 2 0 5 4 4 4 4 5 5 2
split_gain=1098.1 460.631 278.121 134.78 131.205 125.157 100.43 55.3535 81.7114 48.6987 44.1318 44.0698 42.7896 42.0495 38.9164 32.5622 31.2181 29.4453 28.1649 26.9223 25.5391 25.3984 23.9843 19.8046 19.48 19.09 18.648 18.5581 17.9411 16.1865 17.0076
threshold=2.2720779220779228 47.500000000000007 44.500000000000007 2.9780193236714982 1.5000000000000002 3.0466933139534889 54.500000000000007 1.4941852603110213 1.5000000000000002 1.5000000000000002 122.33333333333336 30.550000000000004 2.1134219554030884 1.7975437010247139 38.500000000000007 22.750000000000004 3.5753787878787886 55.500000000000007 48.500000000000007 1.0000000180025095e-35 34.500000000000007 24.950000000000003 37.500000000000007 4.0548048048048058 137.83333333333334 141.16666666666671 149.16666666666671 166.33333333333334 2.4012987012987019 2.8646358222629416 23.150000000000002
decision_type=10 2 2 10 2 10 2 8 2 2 10 10 8 10 2 8 10 2 2 2 2 10 2 10 10 10 10 10 10 10 10
left_child=1 13 3 20 5 10 7 -3 19 15 -4 14 -10 -1 -5 -8 25 26 -6 -9 -2 -11 -15 -16 -22 -7 -12 -24 -20 30 -19
right_child=2 6 4 11 18 16 9 8 12 21 17 -13 -14 22 23 -17 -18 29 28 -21 24 -23 27 -25 -26 -27 -28 -29 -30 -31 -32
leaf_value=-0.042738132685071449 -0.035244547525920232 -0.024219047550499181 0.0023751711574069075 -0.0051914398204663988 0.050501185359188655 0.038576717538481436 -0.006150185865756443 -0.015868621404729572 0.023152093702549833 0.045206435718179089 0.019518624500854488 0.070483780178243804 0.09372721806909011 -0.04439514083430976 0.025716962629293273 0.034890602581135181 0.074300900444842125 0.027714796538307308 0.050792309366349944 0.038509218943618591 -0.010744631841795367 0.11115247540742652 -0.020085427072547735 0.065088493561507324 0.024365066901778035 0.079470706746997299 0.064451967360520515 0.11064011187280175 0.1031767697528371 0.0093627443762037132 0.092669144942670229
leaf_count=20599 1586 3775 2589 1325 628 1978 1287 3435 1823 1223 2710 598 311 2273 2191 1205 1522 172 262 308 4404 183 6354 369 600 309 267 25 1137 121 395
internal_value=0 -0.426342 0.57658 0.128046 0.905001 0.743564 0.130354 -0.0942741 0.126712 0.603354 0.413792 0.572528 0.711728 -0.746128 0.427604 0.295329 1.16714 0.651468 1.65746 -0.213129 -0.250789 1.12643 -0.508139 0.659439 -0.120278 0.907395 0.488609 -0.384354 1.89976 1.25151 1.48947
internal_count=65964 42801 23163 11073 12090 10063 13550 9652 5877 3898 6254 4483 2134 29251 3885 2492 3809 3665 2027 3743 6590 1406 8652 2560 5004 2287 2977 6379 1399 688 567
shrinkage=0.05


Tree=7
num_leaves=32
num_cat=0
split_feature=5 0 0 5 1 5 0 6 5 1 6 6 5 5 4 5 0 6 5 0 0 1 0 6 6 4 4 0 4 6 4
split_gain=986.934 435.729 235.719 119.561 103.832 103.485 88.3615 51.6062 50.9999 71.892 43.7868 43.3657 41.8165 34.241 32.847 31.4503 27.8325 27.8163 24.7766 24.2156 23.5154 22.9882 21.2455 19.4809 17.8096 17.4967 17.2164 15.9299 15.3873 14.776 14.3063
threshold=2.2720779220779228 47.500000000000007 44.500000000000007 2.9780193236714982 1.5000000000000002 3.0466933139534889 54.500000000000007 5.9500000000000011 1.4941852603110213 1.5000000000000002 6.1500000000000012 5.6500000000000012 1.7975437010247139 2.1134219554030884 122.33333333333336 4.2522727272727279 39.500000000000007 7.2500000000000009 3.5753787878787886 34.500000000000007 37.500000000000007 1.5000000000000002 48.500000000000007 6.4500000000000011 7.1500000000000012 137.83333333333334 124.16666666666667 55.500000000000007 141.16666666666671 7.4500000000000011 146.25000000000003
decision_type=10 2 2 10 2 10 2 10 8 2 10 10 10 8 10 10 2 10 10 2 2 2 2 10 10 10 10 2 10 10 10
left_child=1 12 3 19 5 7 8 14 29 17 15 21 -1 -11 -4 16 -5 26 28 -2 -14 -8 -6 30 -9 -21 -10 -16 -7 -3 -22
right_child=2 6 4 10 22 18 11 24 9 13 -12 -13 20 -15 27 -17 -18 -19 -20 25 23 -23 -24 -25 -26 -27 -28 -29 -30 -31 -32
leaf_value=-0.042210515671711302 -0.034563629661673943 -0.024960736765159083 -0.0045002954762485203 -0.0031382304973223045 0.046100695771697224 0.035540789597683406 0.00018405115359129969 0.041915295238741178 -0.026091429013130486 0.021567717853048302 0.084205999692738287 0.051398491483585523 -0.043914116734469405 0.082738204602610388 0.017252086349506111 0.060993417095672887 0.027815934523346342 0.084531935314340778 0.066841292356421292 -0.010305880712058213 -0.022277079172053075 0.036361460373539649 0.083898387224385015 0.048184441879976184 0.098891673963438731 0.022705285749192654 7.9823576674740971e-05 0.048492854857007946 0.071340438854467586 0.082537914437976145 0.029901809935897763
leaf_count=20599 1586 3751 2311 1668 628 1978 1677 696 1857 1823 266 1365 2273 311 2539 395 2154 74 1522 4404 6058 856 1399 121 167 600 1812 541 309 24 200
internal_value=0 -0.413245 0.535431 0.120881 0.830072 0.686403 0.123077 0.386737 -0.0901059 0.11971 0.531661 0.559395 -0.733237 0.656641 0.245029 0.429101 0.31314 -0.204407 1.06116 -0.241065 -0.493881 0.260707 1.47681 -0.371323 1.09665 -0.114897 -0.260425 0.472135 0.832377 -0.470279 -0.408415
internal_count=65964 42801 23163 11073 12090 10063 13550 6254 9652 5877 4483 3898 29251 2134 5391 4217 3822 3743 3809 6590 8652 2533 2027 6379 863 5004 3669 3080 2287 3775 6258
shrinkage=0.05


Tree=8
num_leaves=32
num_cat=0
split_feature=5 0 0 5 1 5 0 6 5 1 6 0 1 4 5 0 2 6 9 2 6 4 5 2 0 2 6 6 3 0 3
split_gain=892.9 362.219 226.182 124.074 90.318 106.126 89.9706 47.3877 41.8074 48.7877 37.1973 34.8564 31.5225 30.1541 29.7068 28.401 27.1036 25.9545 25.3061 25.1483 21.5223 21.2778 21.9894 20.889 19.2838 22.5176 18.9025 18.6617 17.9235 17.7157 17.6517
threshold=2.143650793650794 46.500000000000007 44.500000000000007 2.8932370820668702 1.5000000000000002 3.0466933139534889 55.500000000000007 5.8500000000000005 1.4941852603110213 1.5000000000000002 6.1500000000000012 38.500000000000007 1.5000000000000002 138.16666666666671 4.0548048048048058 48.500000000000007 25.550000000000004 6.7500000000000009 1.0000000180025095e-35 22.850000000000005 5.9500000000000011 135.83333333333334 4.0548048048048058 21.350000000000005 35.500000000000007 30.950000000000003 6.0500000000000007 7.4500000000000011 100.25000000000001 52.500000000000007 76.833333333333357
decision_type=10 2 2 10 2 10 2 10 8 2 10 2 2 10 10 2 10 10 2 8 8 10 10 10 2 10 8 10 8 2 10
left_child=1 16 3 11 5 7 8 13 27 17 14 -2 19 -4 18 -6 -1 -10 24 -8 -13 22 -7 -14 -5 30 -25 -3 -18 -11 -26
right_child=2 6 4 10 15 21 12 -9 9 29 -12 20 23 -15 -16 -17 28 -19 -20 -21 -22 -23 -24 26 25 -27 -28 -29 -30 -31 -32
leaf_value=-0.041076248578637432 -0.032990004976094216 -0.024040890424939277 0.0029253544182473953 -0.013063603503773183 0.034853891469812007 0.034535860984765555 -0.0062177455582015 0.043204907505717066 -0.014260008491470836 0.014075414589182723 0.072795668069116179 -0.011161967450257593 0.027179018604446332 0.035006523595706655 0.048373986987734763 0.072850153645818691 -0.019612703673894227 0.064911299493260077 0.094764397659607411 0.035083077392504845 0.02094313163613485 0.066912878616641899 0.068430027366579813 0.055890962975085029 -0.0011318970884714326 0.069617794778480804 0.13657739020271814 0.087017630987191757 0.090257341432364815 0.051762386114777653 0.026822691129608906
leaf_count=23459 2841 4613 5234 1057 818 2441 990 1296 3762 1777 289 3832 552 984 619 1698 2252 109 90 825 949 910 458 373 1538 196 87 29 49 554 1283
internal_value=0 -0.443849 0.451022 0.0656764 0.718547 0.586303 0.0372508 0.318928 -0.144605 0.0526175 0.458886 -0.284429 0.570627 0.176776 0.369715 1.25015 -0.77597 -0.21973 0.241594 0.28147 -0.0893815 0.969423 0.827153 1.03718 0.19357 0.327455 1.52683 -0.450816 -0.327908 0.476478 0.239514
internal_count=65964 39431 26533 12694 13839 11323 13671 7514 10844 6202 5072 7622 2827 6218 4783 2516 25760 3871 4164 1815 4781 3809 2899 1012 4074 3017 460 4642 2301 2331 2821
shrinkage=0.05


Tree=9
num_leaves=32
num_cat=0
split_feature=0 2 2 0 0 1 9 3 0 4 2 4 4 3 2 0 4 2 4 1 2 1 2 4 9 3 9 2 2 2 1
split_gain=627.836 200.681 151.542 78.8317 76.8639 57.5258 52.0458 43.9619 36.0892 32.2632 29.9782 27.9965 27.0692 26.1701 20.3336 18.3355 17.8297 17.2733 16.4045 15.9561 14.1822 13.8011 12.9615 12.7436 12.3884 12.0476 11.9748 18.8709 10.856 10.3654 14.9924
threshold=44.500000000000007 23.950000000000003 23.250000000000004 55.500000000000007 52.500000000000007 1.5000000000000002 1.0000000180025095e-35 76.833333333333357 39.500000000000007 132.16666666666671 21.650000000000002 163.33333333333334 128.83333333333334 92.583333333333357 31.050000000000004 31.500000000000004 166.33333333333334 29.750000000000004 137.16666666666671 1.5000000000000002 21.350000000000005 1.5000000000000002 30.350000000000005 112.33333333333336 1.0000000180025095e-35 55.833333333333336 1.0000000180025095e-35 27.350000000000005 23.550000000000004 20.350000000000005 1.5000000000000002
decision_type=2 10 10 2 2 2 2 10 2 10 10 10 10 10 10 2 10 10 8 2 10 2 10 10 2 10 2 10 10 10 2
left_child=1 8 4 6 12 18 9 14 -1 17 -10 22 -2 23 15 -3 -11 19 -6 -4 25 28 -9 -12 -17 -7 27 -5 -8 -14 -31
right_child=2 7 3 26 5 20 21 11 10 16 13 -13 29 -15 -16 24 -18 -19 -20 -21 -22 -23 -24 -25 -26 -27 -28 -29 -30 30 -32
leaf_value=-0.041178385136385387 -0.0095378320079387655 -0.039462077211005253 0.0046556511275187779 0.049703293023234014 -3.4337525968816142e-05 -0.018676064308686156 0.11714461658047626 0.0050340113238219568 -0.033833568113809054 0.02948232433102185 -0.031708313102940949 0.086868842234364252 -0.0073707970681557546 0.063676633242817623 0.028450408450196168 -0.011466893931005875 0.092400909100967266 0.043752795189865933 0.030718730304755911 0.027085325000339472 0.062259628711247177 0.097716012102192482 0.029074988557778948 -0.0078273199521090141 0.060959976114447534 0.036951979211593752 0.021985062253683282 0.084939067390069678 0.042016063165539672 0.0095770237448108905 0.047615099720930393
leaf_count=12578 9598 1192 5198 1661 2718 124 49 4098 6748 3087 1335 122 790 146 367 3941 105 415 645 1251 652 169 845 3098 65 1370 264 459 899 1513 462
internal_value=0 -0.420472 0.33461 0.591044 0.0939994 0.42487 0.457659 0.00542885 -0.656587 0.371427 -0.486372 0.249453 -0.089005 -0.238207 -0.246982 -0.317376 0.644978 0.228917 0.125197 0.179705 0.85033 1.10443 0.196969 -0.299454 -0.196293 0.646953 1.09118 1.16796 0.937423 0.23577 0.373379
internal_count=65964 34535 31429 13557 17872 5509 11173 10630 23905 10056 11327 5065 12363 4579 5565 5198 3192 6864 3363 6449 2146 1117 4943 4433 4006 1494 2384 2120 948 2765 1975
shrinkage=0.05


Tree=10
num_leaves=32
num_cat=0
split_feature=0 2 6 2 6 0 1 0 9 0 0 3 2 0 2 3 6 6 7 3 6 1 0 6 2 6 2 2 3 1 1
split_gain=570.05 190.207 169.555 76.1033 58.5198 45.9367 37.2865 36.1896 38.4416 35.7452 30.8273 33.6101 30.617 26.5067 24.8824 20.3243 20.2819 18.1703 16.4689 16.468 14.3647 18.0753 15.3989 13.5232 13.0475 12.2363 12.017 13.0021 13.5842 13.5499 11.8207
threshold=44.500000000000007 23.950000000000003 5.8500000000000005 23.250000000000004 6.0500000000000007 52.500000000000007 1.5000000000000002 55.500000000000007 1.0000000180025095e-35 38.500000000000007 56.500000000000007 91.833333333333357 21.850000000000005 35.500000000000007 30.950000000000003 92.833333333333357 5.5500000000000007 6.3500000000000005 1.0000000180025095e-35 104.16666666666667 3.7500000000000004 1.5000000000000002 51.500000000000007 5.5500000000000007 35.150000000000013 7.4500000000000011 22.050000000000004 22.550000000000004 78.833333333333357 1.5000000000000002 1.5000000000000002
decision_type=2 10 10 10 10 2 2 2 2 2 2 10 10 2 10 10 8 10 2 8 10 2 2 10 10 10 10 10 10 2 2
left_child=1 9 3 5 13 23 -7 8 20 -1 11 17 -11 24 16 -14 -15 26 30 -18 -5 -22 -23 -2 -3 -13 -4 28 -28 -29 -12
right_child=2 4 10 7 -6 6 -8 -9 -10 12 18 25 15 14 -16 -17 19 -19 -20 -21 21 22 -24 -25 -26 -27 27 29 -30 -31 -32
leaf_value=-0.041971585267427419 -0.010370263585014357 -0.024798716615653971 -0.0010565790882749496 0.029147242047934764 0.045000192334238735 0.0013260017069495803 0.03297327595519247 0.041735862434566659 0.054299770531837314 -0.033253087405196599 0.056775886340853635 0.058491460118211193 -0.01476837364384128 -0.011534424891952423 0.036478701294777247 0.052684470507864116 0.0078628867684161288 0.045109129571523778 0.00019867672223497826 0.10666331594198686 0.004258535483191165 0.014486792833509926 0.054161278140591899 0.0056886802908506263 0.03896357819221169 0.12628399348401842 0.031652120510090344 0.012069470563448009 0.15241293207369308 0.047075612311734634 0.093506950823342858
leaf_count=10867 8882 2766 725 1276 675 2880 1844 1588 614 8242 693 381 4649 3766 551 147 2733 984 87 35 5588 1119 369 2506 104 66 86 1023 35 405 278
internal_value=0 -0.407365 0.313853 0.185824 0.00519426 0.0121597 0.293828 0.404148 0.30896 -0.642753 0.846608 0.691818 -0.495323 -0.0864693 0.0317861 -0.241801 -0.0418984 0.562447 1.27176 0.202741 0.240716 0.177825 0.521332 -0.133454 -0.432611 1.44043 0.383559 0.530918 1.5757 0.4421 1.37375
internal_count=65964 34535 31429 26666 10630 16112 4724 10554 8966 23905 4763 3705 13038 9955 7085 4796 6534 3258 1058 2768 8352 7076 1488 11388 2870 447 2274 1549 121 1428 971
shrinkage=0.05


Tree=11
num_leaves=32
num_cat=0
split_feature=0 2 2 0 0 1 3 9 0 2 4 4 4 3 0 2 2 4 4 1 4 2 1 3 9 2 2 0 2 1 2
split_gain=517.898 180.081 115.359 60.5248 55.6324 43.0047 38.0085 36.9437 35.3884 27.9201 26.6361 24.1704 21.9573 20.8113 17.9068 17.6831 14.4444 14.2801 14.2349 12.3772 12.2642 11.0255 10.4907 10.1801 10.1424 9.58706 9.58113 9.33316 9.04449 12.6876 8.80496
threshold=44.500000000000007 23.950000000000003 23.250000000000004 52.500000000000007 55.500000000000007 1.5000000000000002 76.833333333333357 1.0000000180025095e-35 39.500000000000007 21.650000000000002 132.16666666666671 128.83333333333334 163.33333333333334 92.583333333333357 36.500000000000007 31.050000000000004 29.750000000000004 166.33333333333334 137.16666666666671 1.5000000000000002 112.33333333333336 21.350000000000005 1.5000000000000002 55.833333333333336 1.0000000180025095e-35 27.750000000000004 30.350000000000005 30.500000000000004 20.350000000000005 1.5000000000000002 23.550000000000004
decision_type=2 10 10 2 2 2 10 2 2 10 10 10 10 10 2 10 10 10 8 2 10 10 2 10 2 10 10 2 10 2 10
left_child=1 8 3 11 7 18 14 10 -1 -10 16 -2 26 20 -3 24 19 -12 -5 -4 -11 23 30 -7 -16 -21 -8 -28 -13 -30 -9
right_child=2 6 4 5 -6 21 12 22 9 13 17 28 -14 -15 15 -17 -18 -19 -20 25 -22 -23 -24 -25 -26 -27 27 -29 29 -31 -32
leaf_value=-0.040074993635221698 -0.0089429362266996749 -0.027463726400728861 0.0037996595857183904 -0.0004413324387324557 0.045754361520180836 -0.019180593408069539 0.0048390369757867263 0.098738484816499134 -0.032455272637193451 -0.030618757776110006 0.026011953890187574 -0.0068691254311381055 0.074553790962875996 0.053573721698447277 -0.0091040751205178436 0.046036024881834219 0.038712289131067085 0.08019972326758168 0.027834859387404067 0.0285811002066447 -0.0067849429938473607 0.052859004256703784 0.081089267985734348 0.031450013282722761 0.058328420073462783 -0.018981045879034524 -0.02495022922665259 0.031297674674038704 0.0090637217109547606 0.043528260748114049 0.034841362564939818
leaf_count=12578 9598 2140 5198 2718 2384 124 4098 49 6748 1335 3087 790 122 146 3179 189 415 105 645 1123 3098 652 169 1370 57 128 108 737 1513 462 899
internal_value=0 -0.394486 0.29477 0.0836863 0.511985 0.370537 0.00499886 0.399976 -0.628888 -0.457972 0.326706 -0.0813744 0.228712 -0.217802 -0.233247 -0.0688307 0.197854 0.569686 0.109181 0.152724 -0.276216 0.723644 0.922766 0.548263 -0.146503 0.463561 0.180836 0.503133 0.223536 0.349992 0.781387
internal_count=65964 34535 31429 17872 13557 5509 10630 11173 23905 11327 10056 12363 5065 4579 5565 3425 6864 3192 3363 6449 4433 2146 1117 1494 3236 1251 4943 845 2765 1975 948
shrinkage=0.05


Tree=12
num_leaves=32
num_cat=0
split_feature=5 5 6 1 6 5 9 1 3 3 6 5 5 3 5 3 6 1 5 2 9 5 2 3 6 3 3 9 5 6 1
split_gain=731.414 154.058 112.815 81.8574 66.9291 63.5956 45.0117 38.5165 38.4426 38.3217 28.2562 28.7067 25.744 20.1275 19.2543 18.7988 17.6717 16.9703 16.2287 15.9118 13.6355 12.207 12.7253 12.0663 11.9773 11.14 10.8716 10.8537 10.8164 9.41974 9.38897
threshold=2.1134219554030884 3.2314560439560442 5.8500000000000005 1.5000000000000002 5.9500000000000011 1.5104211897524971 1.0000000180025095e-35 1.5000000000000002 74.833333333333357 69.833333333333357 5.8500000000000005 4.9493589743589759 1.8466063348416295 76.833333333333357 2.4012987012987019 73.833333333333357 5.6500000000000012 1.5000000000000002 2.6534536891679754 30.650000000000002 1.0000000180025095e-35 2.8345771144278609 19.750000000000004 93.833333333333357 5.4500000000000011 61.583333333333336 93.833333333333357 1.0000000180025095e-35 2.8345771144278609 6.3500000000000005 1.5000000000000002
decision_type=10 10 10 2 10 10 2 2 10 10 8 10 10 10 10 8 8 2 10 8 2 10 8 10 8 10 10 2 10 10 2
left_child=2 3 5 4 6 15 9 8 27 21 11 20 -9 -4 25 -1 28 23 -8 -20 30 -2 -23 -12 -17 -5 -6 -7 -11 -19 -3
right_child=1 10 13 14 26 7 18 12 -10 16 17 -13 -14 -15 -16 24 -18 29 19 -21 -22 22 -24 -25 -26 -27 -28 -29 -30 -31 -32
leaf_value=-0.039983829187686892 -0.025175262389002157 0.023676310147484107 -0.00093304230674093813 -0.012244413939289482 0.028943455899731175 -0.038396461178616892 0.017381515159125432 -0.013975763613557336 -0.012154140227916761 -0.0064212109864855765 0.043525880805553363 0.091504389877811426 0.012881284799111473 0.030948879549616316 0.041846269412558271 -0.033929285393297412 0.013739636751391948 0.06692746470386346 0.085153347388554276 -0.022651507171273674 0.069824091470944746 0.076171558092389235 -0.0064170021727505758 0.078250011046523807 -0.014988097839673923 0.024292889976118295 0.06651167881367262 0.032191466302181324 0.0093087223229285938 0.14916704582223461 0.049980421670639423
leaf_count=12260 3146 3540 1469 348 1440 5609 353 4091 5425 5361 1691 132 2184 1168 2175 3396 3668 107 220 34 141 58 905 204 2951 1366 179 72 1902 37 332
internal_value=0 0.384956 -0.428157 0.218956 0.102406 -0.502049 0.0131295 -0.326032 -0.478696 -0.0340434 0.786447 0.62729 -0.0725708 0.291243 0.647926 -0.690653 0.0732163 1.05501 0.865261 1.41521 0.569402 -0.37045 -0.0129173 0.968547 -0.500714 0.352309 0.683772 -0.742409 -0.0355528 1.92538 0.526927
internal_count=65964 27339 38625 21155 17266 35988 15647 17381 11106 15040 6184 4145 6275 2637 3889 18607 10931 2039 607 254 4013 4109 963 1895 6347 1714 1619 5681 7263 144 3872
shrinkage=0.05


Tree=13
num_leaves=32
num_cat=0
split_feature=5 0 0 5 1 0 0 5 3 5 1 0 1 5 5 5 2 3 2 1 3 0 0 2 2 3 5 9 2 5 9
split_gain=663.391 281.809 138.685 109.282 66.8219 62.8292 58.3477 35.6383 33.9051 32.4943 26.9891 25.9795 25.9355 23.0822 21.7946 21.6311 19.5517 19.5246 18.9763 17.0621 14.7426 15.0372 14.5294 14.3175 13.2768 12.4195 12.0773 11.5149 11.1291 11.0006 10.4791
threshold=2.1134219554030884 46.500000000000007 38.500000000000007 3.2314560439560442 1.5000000000000002 54.500000000000007 47.500000000000007 2.8646358222629416 92.833333333333357 1.3514998514998515 1.5000000000000002 55.500000000000007 1.5000000000000002 2.8189269746646803 4.0548048048048058 1.620471409864688 23.250000000000004 102.83333333333336 21.850000000000005 1.5000000000000002 95.833333333333357 55.500000000000007 60.500000000000007 24.550000000000004 23.150000000000002 68.833333333333357 2.7731560891938254 1.0000000180025095e-35 20.150000000000002 3.5753787878787886 1.0000000180025095e-35
decision_type=10 2 2 10 2 2 2 10 10 8 2 2 2 10 10 8 10 10 8 2 10 2 2 10 10 10 10 2 10 10 2
left_child=1 15 7 4 8 9 26 -2 11 -3 16 13 18 25 19 -1 -11 30 -7 20 21 -5 -20 -19 -13 -4 -6 -27 -14 -9 -17
right_child=2 5 3 14 6 12 -8 29 -10 10 -12 24 28 -15 -16 17 -18 23 22 -21 -22 -23 -24 -25 -26 27 -28 -29 -30 -31 -32
leaf_value=-0.04352823879085628 -0.031679729733511512 -0.027447289426075307 -0.017068970798078717 0.024413422668837476 -0.0020081497933439698 -0.015949575878231301 0.050930090790771224 -0.0073663528285323153 0.034353939846833235 -0.024275421229628738 0.012559756867798 0.0044751007279940523 0.014939179322482864 0.015038969043640099 0.056695123444211043 -0.031454208037458416 0.0033593664306611061 -0.032917363244612224 0.0097214254382954404 0.062811353654490379 0.061611103338082757 0.056579392083135553 0.055354907255165779 0.13417874010308922 0.037467786981036581 -0.0013165316521536071 0.034343984060664891 0.025949258042748721 0.046983429965299223 0.02180005157162053 0.020838881796535626
leaf_count=14089 2894 3151 1824 3099 1283 850 1747 1286 1179 2426 2690 499 487 3195 1096 10981 1645 27 1096 361 242 306 211 30 812 6167 324 424 791 601 151
internal_value=0 -0.414979 0.360787 0.450801 0.301352 -0.00157034 0.698276 -0.295404 0.185325 -0.183947 -0.0401295 0.125177 0.3722 0.0611697 0.806014 -0.742774 -0.247634 -0.593353 0.126811 0.693187 0.623785 0.561694 0.363052 1.43362 0.528758 -0.0494548 0.142358 0.0218565 0.723116 0.0757211 -0.61046
internal_count=65964 38625 27339 22558 17454 13347 3354 4781 14100 9912 6761 12921 3435 11610 5104 25278 4071 11189 2157 4008 3647 3405 1307 57 1311 8415 1607 6591 1278 1887 11132
shrinkage=0.05


Tree=14
num_leaves=32
num_cat=0
split_feature=5 0 0 5 0 0 1 5 6 5 1 1 5 6 6 5 4 3 4 5 4 6 4 0 6 0 3 0 5 1 6
split_gain=601.964 268.264 122.985 93.6822 59.4279 56.3897 42.1981 33.4607 32.6643 30.5737 23.3012 22.3376 21.7428 19.3993 19.0223 18.2341 17.6043 17.3951 15.4226 14.5572 15.1129 13.9788 13.444 13.0003 12.5904 12.5497 12.7687 12.2022 12.3748 11.9522 11.6927
threshold=2.1134219554030884 46.500000000000007 38.500000000000007 3.2314560439560442 49.500000000000007 54.500000000000007 1.5000000000000002 2.8646358222629416 5.9500000000000011 1.2822021116138766 1.5000000000000002 1.5000000000000002 1.5352824014795847 6.3500000000000005 7.8500000000000005 4.0548048048048058 154.33333333333334 76.833333333333357 130.83333333333334 2.7861904761904763 148.25000000000003 5.5500000000000007 124.16666666666667 52.500000000000007 7.1500000000000012 58.500000000000007 68.833333333333357 53.500000000000007 1.7085970464135023 1.5000000000000002 5.6500000000000012
decision_type=10 2 2 10 2 2 2 10 8 8 2 2 8 10 10 10 10 10 10 10 10 8 10 2 10 2 10 2 8 2 8
left_child=1 12 7 4 8 9 16 -2 19 18 14 30 -1 15 22 -5 24 -14 -3 20 -4 -13 -11 -17 25 26 -6 28 -12 -15 -7
right_child=2 5 3 13 6 11 -8 -9 -10 10 27 21 17 29 -16 23 -18 -19 -20 -21 -22 -23 -24 -25 -26 -27 -28 -29 -30 -31 -32
leaf_value=-0.044060902721822198 -0.030985556972386738 -0.039077417800334691 -0.0073369549856322673 0.028840006852073143 -0.016625567208945591 -0.0060261324591491007 0.047022016457544835 0.003588018769785907 0.022663543767437649 -0.025490023250234941 -0.0059307483014066076 0.013544638520720241 -0.035274239806510184 0.054466237081703985 0.079652579436805218 0.04198370847766475 0.058017677918833867 -0.016219935538370766 -0.0012829775422045662 0.010845069855590804 0.034537789007532037 0.047458189520370328 -0.0030276219952233879 0.082156890287383946 0.054196829262846413 0.033194403552483029 0.01295636924558681 0.046940893668414377 0.019977681609398001 0.1264806550133328 0.019457691389756254
leaf_count=12302 2894 1956 6174 3705 510 1255 1357 1887 2502 2229 1654 583 9612 378 42 826 203 3364 635 2506 245 695 2055 160 145 597 3215 251 1090 35 902
internal_value=0 -0.402211 0.338399 0.421432 0.28304 -0.00164362 0.52037 -0.284718 0.112508 -0.176391 -0.0546829 0.348743 -0.730425 0.745146 -0.246441 0.68349 0.355538 -0.598739 -0.585623 0.000595557 -0.103458 0.668544 -0.28361 0.996494 0.305143 0.265586 0.185873 0.200737 0.119004 1.26936 0.12001
internal_count=65964 38625 27339 22558 17454 13347 6027 4781 11427 9912 7321 3435 25278 5104 4326 4691 4670 12976 2591 8925 6419 1278 4284 986 4467 4322 3725 2995 2744 413 2157
shrinkage=0.05


Tree=15
num_leaves=32
num_cat=0
split_feature=5 0 0 5 0 0 1 5 5 4 5 1 0 2 1 6 2 6 2 2 2 4 2 1 5 0 6 5 0 9 5
split_gain=546.667 255.176 109.284 81.7524 50.6208 46.0417 51.9587 31.3954 28.6849 26.9496 23.7488 26.0164 22.2395 21.8179 21.1433 19.7894 18.7213 17.2762 16.1909 16.5352 14.8496 14.8385 14.708 17.0845 13.7781 13.5841 13.5817 13.3878 13.2705 16.4133 12.5243
threshold=2.1134219554030884 46.500000000000007 38.500000000000007 2.8189269746646803 54.500000000000007 47.500000000000007 1.5000000000000002 2.8646358222629416 1.2822021116138766 163.33333333333334 3.5042372881355939 1.5000000000000002 55.500000000000007 25.550000000000004 1.5000000000000002 5.2500000000000009 23.250000000000004 5.9500000000000011 19.950000000000003 34.45000000000001 23.550000000000004 130.83333333333334 20.950000000000003 1.5000000000000002 1.5183501683501686 43.500000000000007 6.3500000000000005 4.9493589743589759 57.500000000000007 1.0000000180025095e-35 2.46841755319149
decision_type=10 2 2 10 2 2 2 10 8 10 10 2 2 10 2 8 10 8 8 10 10 10 8 2 8 2 8 10 2 2 10
left_child=1 13 7 5 8 17 12 -2 21 10 11 18 -7 24 16 -6 -10 -4 -5 -20 -14 -3 23 -17 -1 -26 27 -12 -24 -30 -22
right_child=2 4 3 9 15 6 -8 -9 14 -11 26 -13 20 -15 -16 22 -18 -19 19 -21 30 -23 28 -25 25 -27 -28 -29 29 -31 -32
leaf_value=-0.044636277702161019 -0.030290647395304855 -0.038475783662349765 -0.0069769110279209109 0.070593085382878118 -0.012360161633248379 0.0017086700909440874 0.041846667067490545 0.0033996059255512866 -0.023316026382603439 0.080150834523137093 0.029360208801803372 0.046185955156952188 0.0049928068186894234 -0.014632690680899375 0.0094657864268851873 -0.02318556440674371 0.0033146951540138666 0.015889822576298413 0.015088232960169751 0.075744777160754992 0.01921004210730631 -0.0012219075633317759 0.015210125404467385 0.022527445522975531 -0.036902793859750371 -0.017217234488136574 0.054481024914172449 0.069178150508539024 0.049657925650074292 -0.020070152611950151 0.061913881678597807
leaf_count=11451 2894 1956 5632 146 636 3420 1425 1887 2606 152 2305 774 481 2215 2995 454 1720 1387 5369 86 303 635 902 552 9206 2406 639 139 800 91 300
internal_value=0 -0.389679 0.317793 0.394571 -0.00165438 0.195217 0.384726 -0.274247 -0.169046 0.587687 0.56228 0.441557 0.184856 -0.717989 -0.0520296 0.327031 -0.236693 -0.0365713 0.357005 0.328375 0.553098 -0.571592 0.437429 0.0904113 -0.76575 -0.649757 0.75138 0.648248 0.600571 0.858245 0.836114
internal_count=65964 38625 27339 22558 13347 12948 5929 4781 9912 9610 9458 6375 4504 25278 7321 3435 4326 7019 5601 5455 1084 2591 2799 1006 23063 11612 3083 2444 1793 891 603
shrinkage=0.05


Tree=16
num_leaves=32
num_cat=0
split_feature=5 6 5 5 1 6 3 6 1 3 5 4 5 4 4 1 2 6 3 6 6 5 7 2 6 5 5 2 1 5 4
split_gain=496.761 94.1664 92.1938 56.5186 43.1233 37.4574 34.7306 32.2063 32.2011 35.7848 25.7186 23.433 22.3149 22.0985 19.5067 14.5623 14.2008 14.8322 13.9721 12.0803 10.8521 10.5869 12.4151 10.4501 12.7874 10.3246 13.9281 12.5372 10.2997 11.1748 9.95042
threshold=2.1134219554030884 5.8500000000000005 2.8189269746646803 1.5104211897524971 1.5000000000000002 5.8500000000000005 73.833333333333357 6.1500000000000012 1.5000000000000002 74.833333333333357 4.5900360144057624 137.83333333333334 1.8466063348416295 133.83333333333334 130.25000000000003 1.5000000000000002 19.350000000000005 5.6500000000000012 61.583333333333336 9.4500000000000011 9.3500000000000032 3.5431677018633545 1.0000000180025095e-35 21.950000000000003 5.7500000000000009 3.1259920634920637 2.8932370820668702 29.250000000000004 1.5000000000000002 2.9595918367346945 157.25000000000003
decision_type=10 10 10 10 2 10 10 10 2 10 10 8 10 10 10 2 8 8 10 10 8 10 2 10 10 10 10 8 2 10 10
left_child=1 3 4 11 5 6 -2 10 9 -5 13 23 -10 15 20 16 -4 21 -6 -7 -3 22 -18 -1 -25 26 -19 -28 -9 -30 -8
right_child=2 14 7 8 18 19 30 28 12 -11 -12 -13 -14 -15 -16 -17 17 25 -20 -21 -22 -23 -24 24 -26 -27 27 -29 29 -31 -32
leaf_value=-0.038745773960700329 -0.019715106367238285 -0.0010119727424838421 0.072118625964689737 -0.035077907602104857 -0.0029643426703820667 0.019072116445534738 0.0013569257174276088 0.040281631545734595 -0.012456014390585066 -0.010037499124754158 0.054031746072017273 -0.006425233401930134 0.012746979156908596 0.031249486397551554 0.033736715880557454 0.033730114817752087 -0.0025994086320196602 0.039018104795242294 0.026196650194774948 0.089463659328157835 0.088429266607859006 0.017039124209082674 0.060308827117391196 -0.028053096445482414 0.029825781689123362 0.02706366842070488 -0.015699923453598868 0.05419691135607705 0.015101479337449148 0.099703915422271805 0.0371916035560775
leaf_count=12308 4555 1765 104 5681 610 1424 6290 869 4091 5425 372 1478 2184 2455 846 795 3060 272 2586 47 26 1182 62 4657 164 1651 612 71 38 90 194
internal_value=0 -0.377411 0.298722 -0.450646 0.0986939 -0.0119829 -0.104287 0.488724 -0.282701 -0.429816 0.428505 -0.64145 -0.0503959 0.391897 0.275248 0.299822 0.24716 0.228625 0.427852 0.445092 0.029772 0.102713 -0.0129577 -0.696865 -0.51075 0.411186 0.108605 -0.14664 0.923766 1.57465 0.0577538
internal_count=65964 38625 27339 35988 15706 12510 11039 11633 17381 11106 10636 18607 6275 10264 2637 7809 7014 6910 3196 1471 1791 4304 3122 17129 4821 2606 955 683 997 128 6484
shrinkage=0.05


Tree=17
num_leaves=32
num_cat=0
split_feature=5 0 0 5 5 6 0 0 3 4 0 5 3 6 9 5 0 9 6 0 0 6 9 4 5 3 5 9 6 4 3
split_gain=451.919 168.99 137.106 105.13 45.9033 39.5909 28.3503 21.6178 20.7898 19.8749 19.666 18.7243 18.6798 17.2466 14.896 13.2628 12.4494 11.9419 17.5953 13.3294 11.09 11.0415 17.0403 10.6044 10.6326 9.96715 9.28694 10.4849 9.1983 8.64815 13.5291
threshold=1.8622844827586207 47.500000000000007 44.500000000000007 2.8189269746646803 2.6688596491228078 5.8500000000000005 34.500000000000007 59.500000000000007 93.833333333333357 155.16666666666671 51.500000000000007 3.5753787878787886 82.833333333333357 5.5500000000000007 1.0000000180025095e-35 4.9493589743589759 52.500000000000007 1.0000000180025095e-35 7.2500000000000009 59.500000000000007 65.500000000000014 6.3500000000000005 1.0000000180025095e-35 143.16666666666671 2.143650793650794 59.833333333333336 1.1299350649350652 1.0000000180025095e-35 7.3500000000000005 122.33333333333336 84.833333333333357
decision_type=10 2 2 10 10 10 2 2 10 10 2 10 10 10 2 10 2 2 10 2 2 10 2 10 10 10 8 2 10 10 10
left_child=1 12 3 6 10 7 -2 26 11 15 -4 13 -1 14 -5 17 -7 18 19 -6 -18 29 -23 24 -8 -9 -3 -28 -19 -12 -31
right_child=2 5 4 8 9 16 23 25 -10 -11 21 -13 -14 -15 -16 -17 20 28 -20 -21 -22 22 -24 -25 -26 -27 27 -29 -30 30 -32
leaf_value=-0.039566632848204629 -0.039101667071592634 -0.026087036049012982 0.0048563230514192743 -0.007259687392687667 0.019918907815981133 0.0024049884696433575 -0.024877185979827087 -0.043873262213843738 0.047599976072502347 0.058715306449268645 0.0079242408033111163 0.024241771190320987 -0.016183210270575683 0.020289226397613602 0.087945890854354059 0.067809996217036886 0.044385820429999612 0.052133403193865051 0.067870198375912558 0.049208090027899817 -0.044598621153317142 0.064759255512991623 -0.0062558865332069894 0.016125728921337779 -0.0082433390747188653 0.033295438296469547 -0.0098581047759581895 0.026447376787959932 0.0069143459533548626 0.033929280320228176 0.0091253629131449257
leaf_count=19675 2709 1546 6436 2630 6075 494 2897 45 328 292 1709 1575 2233 1095 33 96 586 429 126 284 23 212 98 413 5063 431 5816 282 88 1262 983
internal_value=0 -0.454698 0.224694 -0.054757 0.393286 -0.0512807 -0.340225 -0.162841 0.281029 0.553116 0.234595 0.218941 -0.738639 0.0664695 -0.105285 0.516622 0.528623 0.49721 0.458425 0.431882 0.79177 0.391685 0.888087 -0.231269 -0.271094 0.511096 -0.22505 -0.157894 0.87729 0.337989 0.464001
internal_count=65964 31131 34833 16743 18090 9223 11082 8120 5661 7390 10700 5333 21908 3758 2663 7098 1103 7002 6485 6359 609 4264 310 8373 7960 476 7644 6098 517 3954 2245
shrinkage=0.05


Tree=18
num_leaves=32
num_cat=0
split_feature=5 0 0 5 5 6 0 0 3 5 2 0 4 0 5 2 0 4 0 4 4 5 6 2 0 5 7 5 2 6 2
split_gain=413.373 161.632 121.397 95.6133 39.9753 35.3012 27.2856 20.1209 18.5518 18.3142 17.6277 17.2988 16.9627 13.4391 12.8339 12.6624 11.0477 11.0183 14.6601 10.9646 10.7666 10.4219 9.91358 9.76659 11.0549 9.3526 9.21198 9.06664 9.02588 14.7408 10.4886
threshold=1.8622844827586207 47.500000000000007 44.500000000000007 2.8189269746646803 2.6688596491228078 5.8500000000000005 34.500000000000007 55.500000000000007 80.833333333333357 4.0548048048048058 28.050000000000004 51.500000000000007 155.16666666666671 30.500000000000004 3.5431677018633545 27.050000000000004 49.500000000000007 121.83333333333336 53.500000000000007 153.25000000000003 131.83333333333334 1.2648830616583984 7.1500000000000012 20.250000000000004 63.500000000000007 1.5352824014795847 1.0000000180025095e-35 2.143650793650794 22.550000000000004 5.6500000000000012 30.950000000000003
decision_type=10 2 2 10 10 10 2 2 10 10 8 2 10 2 10 10 2 10 2 8 10 8 10 10 2 8 2 10 8 10 10
left_child=1 8 3 6 11 7 -2 21 -1 13 -9 -4 14 -5 16 27 -6 18 -7 -11 28 -3 -13 -19 -25 -10 -23 -8 29 -15 -30
right_child=2 5 4 9 12 17 15 10 25 19 -12 22 -14 20 -16 -17 -18 23 -20 -21 -22 26 -24 24 -26 -27 -28 -29 30 -31 -32
leaf_value=-0.039499950100046761 -0.038533707266662776 -0.027260171738111977 0.0045952294086628624 -0.019222730750805776 0.012078419380252475 -0.029498379147157229 -0.025667886951147318 0.004265427978396517 -0.031150039463318527 0.028543756539169629 0.088473985035449398 0.016769635755481006 0.054043729883603508 0.012293390680333124 0.033241869412216185 0.0068064879676863815 0.025865222711402604 -0.016682540504338695 0.031228617168451697 0.099025133624061235 0.024317871307538413 -0.010852478361247553 0.056216799463805936 0.049627824721087219 -0.043564291451787654 -0.0040518195678649191 0.029664893652937618 -0.0094269624549215419 -0.0022381522031589603 0.082374671561435547 0.03593828803667231
leaf_count=18914 2709 2085 6436 583 2484 269 2727 1632 1674 647 47 4148 292 638 1734 1214 2880 85 203 29 1142 4163 116 526 20 1320 193 4432 2350 93 179
internal_value=0 -0.441598 0.211954 -0.0523091 0.368711 -0.0490653 -0.328463 -0.155977 -0.7266 0.26452 0.162645 0.22093 0.516204 0.175947 0.482539 -0.222108 0.399926 0.491983 0.0652369 0.673365 0.232702 -0.279706 0.366871 0.749478 0.888881 -0.371532 -0.171833 -0.296753 0.120908 0.480404 0.026495
internal_count=65964 31131 34833 16743 18090 9223 11082 8120 21908 5661 1679 10700 7390 4985 7098 8373 5364 1103 472 676 4402 6441 4264 631 546 2994 4356 7159 3260 731 2529
shrinkage=0.05


Tree=19
num_leaves=32
num_cat=0
split_feature=5 0 0 5 1 5 6 6 0 0 4 3 5 3 6 0 5 2 9 5 1 2 4 0 0 2 9 2 4 0 4
split_gain=378.085 155.177 107.539 87.0296 47.1759 54.2517 38.2494 30.4084 26.2261 20.9721 20.8445 16.5961 15.3129 14.7105 14.5653 14.4194 14.3163 13.2863 12.899 12.6019 12.1817 11.6371 11.5772 12.1053 11.4703 14.8046 11.3227 10.5957 10.4151 10.3852 18.6073
threshold=1.8622844827586207 45.500000000000007 44.500000000000007 2.8189269746646803 1.5000000000000002 3.0466933139534889 5.7500000000000009 7.1500000000000012 34.500000000000007 58.500000000000007 122.33333333333336 93.833333333333357 3.5753787878787886 93.833333333333357 5.5500000000000007 55.500000000000007 1.5265507518796995 22.450000000000003 1.0000000180025095e-35 2.8646358222629416 1.5000000000000002 27.050000000000004 109.83333333333336 39.500000000000007 50.500000000000007 24.850000000000005 1.0000000180025095e-35 21.450000000000003 130.25000000000003 59.500000000000007 103.33333333333336
decision_type=10 2 2 10 2 10 10 10 2 2 10 10 10 10 10 2 8 8 2 10 2 10 10 2 2 10 2 8 10 2 10
left_child=1 13 3 8 5 7 9 10 -2 16 29 12 14 -1 18 -12 -3 22 -5 -17 -14 -10 -16 -24 -8 -26 -18 -9 -6 -4 -31
right_child=2 6 4 11 28 -7 24 27 21 -11 15 -13 20 -15 17 19 26 -19 -20 -21 -22 -23 23 -25 25 -27 -28 -29 -30 30 -32
leaf_value=-0.039168056379864091 -0.037959054693115814 -0.021491442141655402 -0.0090149587123704075 -0.007122925123407663 0.026152798038212501 0.025545735221909213 -0.0041429358760263994 -0.031950835972872564 -0.014291821204427636 0.018186060032384706 0.0047049194901386225 0.041685932324423254 0.01821509214826569 0.012501771244997212 -0.0042367593492308644 0.029772944972664486 -0.00728144771979673 0.011108920407043928 0.078884874096306346 -0.018103878451395494 0.077814695954310745 0.0064326099171763615 -0.015150224743563251 0.12602348836129146 0.013180827701707788 0.05321095766690967 0.041769984302110867 0.05654173835258957 0.042897597457789351 0.14169783390661794 0.0072495391733730461
leaf_count=18999 2709 5724 4104 2630 2815 3809 755 26 7159 622 4754 328 1505 297 46 993 3437 955 33 116 70 1214 25 69 860 288 149 253 1038 22 160
internal_value=0 -0.428682 0.200009 -0.049902 0.345893 0.255513 -0.100597 0.104827 -0.316967 -0.220716 0.0653025 0.249369 0.193531 -0.762925 0.0552726 0.187525 -0.284041 0.361601 -0.104107 0.480299 0.429504 -0.213247 1.31588 1.95207 0.343494 0.518966 -0.0907079 0.972324 0.62713 -0.134846 0.565037
internal_count=65964 31131 34833 16743 18090 14237 11835 10428 11082 9932 10149 5661 5333 19296 3758 5863 9310 1095 2663 1109 1575 8373 140 94 1903 1148 3586 279 3853 4286 182
shrinkage=0.05


Tree=20
num_leaves=32
num_cat=0
split_feature=5 0 0 5 1 5 0 1 0 6 3 5 5 0 3 5 2 4 6 6 2 2 4 0 9 6 3 2 4 2 3
split_gain=345.756 148.885 95.3603 79.2373 40.765 47.7786 35.8947 26.6537 25.1828 19.5723 16.8128 15.9991 15.6518 15.4436 14.1313 14.0734 13.2217 13.1519 13.5978 12.875 10.6846 9.89119 9.87452 9.54878 10.6297 13.968 9.25795 9.14604 9.12612 9.06697 9.05394
threshold=1.8622844827586207 45.500000000000007 44.500000000000007 2.8189269746646803 1.5000000000000002 2.628801843317973 53.500000000000007 1.5000000000000002 34.500000000000007 8.6500000000000004 73.833333333333357 1.3583497606308084 3.5753787878787886 30.500000000000004 93.833333333333357 4.0548048048048058 27.350000000000005 128.83333333333334 5.9500000000000011 5.6500000000000012 27.050000000000004 26.350000000000005 97.833333333333357 55.500000000000007 1.0000000180025095e-35 6.7500000000000009 76.833333333333357 23.850000000000005 166.33333333333334 23.050000000000004 76.833333333333357
decision_type=10 2 2 10 2 10 2 2 2 10 10 8 10 2 10 10 10 10 10 8 10 10 10 2 2 10 10 8 10 10 10
left_child=1 14 3 8 5 9 11 19 -2 10 -4 17 23 -5 21 30 -9 -3 -19 -8 26 -1 -6 24 25 -7 -10 -26 -13 -16 -15
right_child=2 6 4 13 22 12 7 16 20 -11 -12 28 -14 15 29 -17 -18 18 -20 -21 -22 -23 -24 -25 27 -27 -28 -29 -30 -31 -32
leaf_value=-0.040120830069344762 -0.037377670629696574 -0.034944633559998349 -0.013791544502411711 -0.01583421339332176 0.00018167649894322975 0.007385128945319547 -0.017802703800630468 0.022150428820075452 -0.019781370224740285 0.081499116437600133 0.0052887132626650221 -0.0072292156028508541 0.030408399460002102 0.0023756488867319359 -0.030917923132466264 0.032837122655179268 0.08513297747503841 -0.013036478242497894 0.069192893045727136 0.011179556847196208 0.0060812329818776718 -0.013229207186008743 0.03099989157586663 0.028556057786407553 0.068405428881362224 0.052505055288432238 -0.0036442476277558575 0.020654719232778382 0.073430785475069565 0.045477877723063415 0.017681635551892942
leaf_count=18082 2709 2665 2264 650 269 3905 1185 1232 4711 50 5171 4926 1522 2328 146 609 58 864 64 804 1214 917 3584 823 91 113 2448 298 37 151 2074
internal_value=0 -0.415853 0.188872 -0.0475211 0.324824 0.240742 -0.0961009 0.190249 -0.305669 0.0243566 0.00387524 -0.27193 0.395972 0.235358 -0.75154 0.289062 0.544112 -0.518612 -0.0744142 -0.0867727 -0.204594 -0.772412 0.583098 0.305868 0.243273 0.186933 -0.275107 0.646 -0.124427 0.235839 0.207261
internal_count=65964 31131 34833 16743 18090 14237 11835 3279 11082 7485 7435 8556 6752 5661 19296 5011 1290 3593 928 1989 8373 18999 3853 5230 4407 4018 7159 389 4963 297 4402
shrinkage=0.05


Tree=21
num_leaves=32
num_cat=0
split_feature=5 0 0 5 1 5 6 0 6 0 0 5 4 4 9 4 5 2 0 6 2 3 1 1 5 4 4 6 3 6 2
split_gain=316.092 142.727 86.1414 52.3421 46.8089 37.6697 32.7014 28.9953 22.8755 19.6012 18.4815 15.7727 15.3966 14.5989 14.1166 14.0406 13.203 12.4854 12.269 11.6501 14.5907 11.5916 11.5316 11.301 10.8475 10.3744 10.3631 13.8615 10.316 12.7132 10.5819
threshold=1.8622844827586207 45.500000000000007 40.500000000000007 2.8189269746646803 1.5000000000000002 2.5929064657878222 5.7500000000000009 55.500000000000007 6.4500000000000011 48.500000000000007 54.500000000000007 3.6960403726708084 132.83333333333334 131.16666666666671 1.0000000180025095e-35 124.16666666666667 1.3348484848484852 28.050000000000004 37.500000000000007 6.1500000000000012 26.450000000000003 73.833333333333357 1.5000000000000002 1.5000000000000002 1.3514998514998515 160.25000000000003 141.16666666666671 5.6500000000000012 92.583333333333357 6.0500000000000007 23.650000000000002
decision_type=10 2 2 10 2 10 10 2 10 2 2 10 10 10 2 10 8 8 2 10 8 10 2 2 8 10 10 8 10 8 8
left_child=1 14 5 4 7 18 10 8 12 -6 16 22 -4 19 21 -10 26 -12 -2 -7 -21 -1 28 -18 -16 -9 -3 -28 -5 30 -30
right_child=2 6 3 11 9 13 -8 25 15 -11 17 -13 -14 -15 24 -17 23 -19 -20 20 -22 -23 -24 -25 -26 -27 27 -29 29 -31 -32
leaf_value=-0.042451200427003739 -0.03582630070936902 -0.032395328552463014 -0.01060625871330402 0.012169815482528507 0.0063735043524483399 -0.0068949924569656623 0.015708160816972034 0.01624673564109573 0.070042572851403861 0.028912606777229562 0.0012982089345008169 0.030785043421620431 0.0053032126567234411 0.01972106129746564 -0.041083834057364418 0.011116731398225754 -0.018941523197119087 0.071782926848006981 -0.012583518897625719 0.12385701521654657 0.0029088638922183437 -0.027573438599959806 0.031936455935892838 0.002127033467921089 0.056721521321630053 0.079499018011565753 -0.012585510383543455 0.10633318344256154 0.052923901027880332 0.055842081894149735 0.0038205955741409097
leaf_count=13619 3065 3002 8041 5190 2165 3183 1903 1524 126 2025 1902 1942 2664 966 98 281 2658 46 2150 24 54 5434 795 2082 145 43 202 40 103 187 305
internal_value=0 -0.403192 0.178377 0.258606 0.128468 -0.181343 -0.0917041 0.00646089 -0.0756047 0.409463 -0.205246 0.423645 -0.119151 0.043841 -0.740044 0.594913 -0.320174 0.0845915 -0.488337 -0.0880097 0.9172 -0.758537 0.346226 -0.182828 0.402452 0.376813 -0.564258 0.289728 0.294092 0.609654 0.322849
internal_count=65964 31131 34833 25391 16869 9442 11835 12679 11112 4190 9932 8522 10705 4227 19296 407 7984 1948 5215 3261 78 19053 6580 4740 243 1567 3244 242 5785 595 408
shrinkage=0.05


Tree=22
num_leaves=32
num_cat=0
split_feature=5 0 0 5 0 1 0 1 5 2 5 2 4 4 0 0 5 4 4 1 4 4 3 9 4 5 9 5 3 5 9
split_gain=289.377 189.365 60.4259 35.2875 34.8299 27.6532 26.8616 31.0094 24.8721 23.3321 22.1941 15.8755 15.1025 14.8926 13.6666 12.8175 12.54 12.0125 11.4759 9.534 9.58361 16.2306 9.41567 9.30076 8.89158 8.7526 8.53391 9.33219 8.5058 12.7914 8.32283
threshold=2.1134219554030884 45.500000000000007 38.500000000000007 3.381385281385282 52.500000000000007 1.5000000000000002 47.500000000000007 1.5000000000000002 1.5024752475247527 26.350000000000005 2.55829054666264 21.850000000000005 121.83333333333336 137.83333333333334 57.500000000000007 57.500000000000007 1.6352146263910972 84.500000000000014 125.83333333333336 1.5000000000000002 132.83333333333334 133.25000000000003 76.833333333333357 1.0000000180025095e-35 150.33333333333334 3.5753787878787886 1.0000000180025095e-35 1.8790491118077328 71.833333333333357 1.8869446135118688 1.0000000180025095e-35
decision_type=10 2 2 10 2 2 2 2 8 10 10 10 10 10 2 2 8 8 10 2 10 10 10 2 10 10 2 8 10 10 2
left_child=1 9 10 6 8 11 13 12 -3 16 -2 -6 -8 23 24 18 -1 -18 -13 20 -10 -22 -19 -4 -5 -12 27 -11 -29 -30 -17
right_child=2 4 3 14 5 -7 7 -9 19 26 25 15 -14 -15 -16 30 17 22 -20 -21 21 -23 -24 -25 -26 -27 -28 28 29 -31 -32
leaf_value=-0.042060325774595453 -0.034945003340373218 -0.023061338216573246 -0.0018878036529852511 0.019846439030008878 -0.018346629076844281 0.02371205762380782 -0.0011313906426097531 0.029937603492125049 -0.015179974392440513 -0.028816290975299946 -0.0098817735705585535 -0.02357897334135222 0.014851873111348902 0.017389742933326961 0.051126622942869751 0.031224687927264905 0.092459461261305706 -0.034444784211270757 0.010305572345689797 0.0087874428409787011 0.094833418765558203 0.00083985190628047652 -0.015231401049916611 0.02716245860916296 0.044704087919026303 0.013435848989227762 0.051180545382594693 -0.03033989244662625 0.092820560215900905 0.0040244179442119757 -0.024047236757710255
leaf_count=12758 1886 4603 8467 3510 1355 2021 2452 1814 2487 776 2294 569 4187 1414 238 547 30 6984 763 2077 65 743 2099 266 210 601 87 196 112 280 73
internal_value=0 -0.311391 0.213306 0.265702 -0.0174027 0.188658 0.193183 0.307163 -0.188479 -0.670722 -0.240082 -0.0272707 0.192885 0.0547571 0.479851 0.154519 -0.720924 -0.575005 -0.0665124 -0.0194789 -0.165107 0.193098 -0.58832 -0.0111846 0.43468 -0.0563553 -0.0929157 -0.206488 0.205938 0.549195 0.499665
internal_count=65964 38625 27339 22558 15303 5328 18600 8453 9975 23322 4781 3307 6639 10147 3958 1952 21871 9113 1332 5372 3295 808 9083 8733 3720 2895 1451 1364 588 392 620
shrinkage=0.05


Tree=23
num_leaves=32
num_cat=0
split_feature=0 2 6 3 4 9 0 6 2 6 4 2 0 6 2 1 9 4 6 1 0 0 3 3 9 3 3 2 1 3 2
split_gain=203.702 99.796 56.6077 34.7348 23.2374 19.2742 18.3063 17.3008 14.4788 14.5714 14.3419 12.8107 12.7065 12.5672 11.9693 11.2959 15.8422 11.1183 12.9982 13.642 10.6481 10.1345 10.0079 9.70611 9.11467 8.99991 9.97 9.0041 10.0226 8.97401 8.77322
threshold=44.500000000000007 21.850000000000005 5.5500000000000007 76.833333333333357 131.83333333333334 1.0000000180025095e-35 56.500000000000007 6.0500000000000007 26.450000000000003 6.1500000000000012 132.83333333333334 29.650000000000002 29.500000000000004 6.3500000000000005 34.95000000000001 1.5000000000000002 1.0000000180025095e-35 161.25000000000003 7.1500000000000012 1.5000000000000002 48.500000000000007 41.500000000000007 75.833333333333357 92.833333333333357 1.0000000180025095e-35 87.583333333333357 92.833333333333357 30.950000000000003 1.5000000000000002 70.250000000000014 21.350000000000005
decision_type=2 10 8 10 10 2 2 8 10 10 10 10 2 10 10 2 2 10 8 2 2 2 10 10 2 10 10 8 2 8 8
left_child=1 12 5 8 6 10 13 14 9 21 11 -2 -1 15 -5 16 -4 18 19 -6 -17 -3 24 -9 -14 27 -27 28 -12 -11 -20
right_child=2 3 4 7 17 -7 -8 23 -10 29 25 -13 22 -15 -16 20 -18 -19 30 -21 -22 -23 -24 -25 -26 26 -28 -29 -30 -31 -32
leaf_value=-0.048411784104399336 -0.0057217383345637453 -0.025044369628274901 -0.0024998957765805731 -0.0031213343127167279 0.010008061215222842 0.025345399596877722 0.023723780745238121 0.012733765983175242 0.00025111029926321152 0.078502305305471462 0.0047944681220381813 0.037727869173900155 -0.032412083175351922 0.025047526971048707 0.044264490849223834 -0.0021025758313611819 0.036564333508555667 0.048193288265158347 -0.0026019188447698144 0.031625908616485288 0.02117618655386275 -0.0080917154830857201 -0.014091392271030779 0.046493909647619736 0.052249808316732982 -0.016453769903111717 0.0098392980715002257 0.079213248174569928 0.031806068472317962 -0.01516726113214702 0.039288363793790124
leaf_count=2953 11788 6547 5419 5404 2285 724 1568 1564 2166 55 1300 160 10364 650 143 1179 270 274 179 858 1586 2395 2621 229 54 712 899 41 553 40 984
internal_value=0 -0.282305 0.165401 -0.103263 0.295807 0.00404994 0.202322 0.0854173 -0.27477 -0.366815 -0.0277742 -0.0963407 -0.623813 0.131806 -0.0273876 0.0869495 -0.00303009 0.463545 0.420227 0.322141 0.271478 -0.395058 -0.555334 0.385065 -0.634452 0.156671 -0.0227342 0.31974 0.273411 0.825578 0.694713
internal_count=65964 34535 31429 18543 15252 16177 10672 7340 11203 9037 15453 11948 15992 9104 5547 8454 5689 4580 4306 3143 2765 8942 13039 1793 10418 3505 1611 1894 1853 95 1163
shrinkage=0.05


Tree=24
num_leaves=32
num_cat=0
split_feature=5 0 0 5 1 6 5 6 6 0 0 0 4 3 3 0 5 5 0 5 4 2 4 9 9 5 0 4 6 0 2
split_gain=258.068 123.304 65.9826 50.1398 35.7655 26.8746 26.7119 22.9983 18.7028 18.2818 18.1218 15.8521 14.4093 14.0242 13.6442 13.5761 11.5641 11.4631 11.1213 10.8285 9.66544 12.5378 9.50976 9.46904 9.43881 8.91379 8.80214 8.76921 8.42048 8.37109 8.40442
threshold=1.8622844827586207 45.500000000000007 38.500000000000007 2.6534536891679754 1.5000000000000002 5.7500000000000009 2.55829054666264 8.6500000000000004 5.5500000000000007 55.500000000000007 43.500000000000007 58.500000000000007 161.25000000000003 68.833333333333357 73.833333333333357 51.500000000000007 1.620471409864688 1.5265507518796995 52.500000000000007 3.3545026881720434 147.25000000000003 20.050000000000004 121.83333333333336 1.0000000180025095e-35 1.0000000180025095e-35 2.1630280018984345 53.500000000000007 141.16666666666671 5.0500000000000007 30.500000000000004 28.550000000000004
decision_type=10 2 2 10 2 10 10 10 8 2 2 2 10 10 10 2 8 8 2 10 10 10 10 2 2 10 2 10 10 2 10
left_child=1 14 6 4 7 11 -2 9 15 13 -6 17 -10 -4 -1 19 -16 27 -14 -5 21 -17 26 -19 -18 -15 -7 -3 -25 30 -8
right_child=2 5 3 8 10 22 29 -9 12 -11 -12 -13 18 25 16 20 24 23 -20 -21 -22 -23 -24 28 -26 -27 -28 -29 -30 -31 -32
leaf_value=-0.040722230487466385 -0.032483611450789561 -0.022505580489055942 -0.022127550565973524 -0.0010340569196528992 -0.0090274764296926976 -0.019286077906092727 -0.031435357085239417 0.071832158773792829 0.020168010248988205 0.012505598239762342 0.019959699529847046 0.014977774712998626 0.079217807359877435 -0.012083029993559181 -0.034052727717489926 0.081562755945137524 -0.012653918689069824 -0.006744656116539737 0.013200124868801431 0.0148272500917064 0.060976871092729493 0.014312562310143813 0.023457561002654122 -0.037926983101696843 0.069307350234077691 0.00086406053996077633 0.017307023105644876 0.0072966624400150754 0.056463014395112247 0.0048116309502766776 0.0085348469879555078
leaf_count=13691 3329 5260 2289 2997 1155 578 711 68 6502 1341 3106 622 97 3390 3586 49 1967 3437 50 1432 85 870 1020 30 52 5178 305 464 119 1927 257
internal_value=0 -0.37531 0.157252 0.207011 0.062054 -0.0920085 -0.282489 -0.0525537 0.334836 -0.0702943 0.30771 -0.196983 0.428157 -0.136715 -0.709361 0.194878 -0.485964 -0.254943 1.12339 0.110105 0.473383 0.37247 0.269622 -0.0829697 -0.176929 -0.0720611 -0.0289993 -0.390972 0.743584 -0.0450216 -0.360093
internal_count=65964 31131 34833 28609 16527 11835 6224 12266 12082 12198 4261 9932 6649 10857 19296 5433 5605 9310 147 4429 1004 919 1903 3586 2019 8568 883 5724 149 2895 968
shrinkage=0.05


end of trees

feature importances:
H25_lhrate=168
H25_age=159
H25_a1c=104
H25_sbp=87
H25_bmi=86
H25_sex=63
H25_dbp=63
H25_is_medicine=41
H25_ht=4

parameters:
[boosting: gbdt]
[objective: binary]
[metric: binary]
[tree_learner: serial]
[device_type: cpu]
[data: ]
[valid: ]
[num_iterations: 100]
[learning_rate: 0.05]
[num_leaves: 32]
[num_threads: 0]
[max_depth: -1]
[min_data_in_leaf: 20]
[min_sum_hessian_in_leaf: 1]
[bagging_fraction: 0.4]
[bagging_freq: 0]
[bagging_seed: 3]
[feature_fraction: 0.8]
[feature_fraction_seed: 2]
[early_stopping_round: 0]
[max_delta_step: 0]
[lambda_l1: 0]
[lambda_l2: 1]
[min_gain_to_split: 0]
[drop_rate: 0.1]
[max_drop: 50]
[skip_drop: 0.5]
[xgboost_dart_mode: 0]
[uniform_drop: 0]
[drop_seed: 4]
[top_rate: 0.2]
[other_rate: 0.1]
[min_data_per_group: 100]
[max_cat_threshold: 32]
[cat_l2: 10]
[cat_smooth: 10]
[max_cat_to_onehot: 4]
[top_k: 20]
[monotone_constraints: ]
[feature_contri: ]
[forcedsplits_filename: ]
[refit_decay_rate: 0.9]
[verbosity: 0]
[max_bin: 255]
[min_data_in_bin: 3]
[bin_construct_sample_cnt: 200000]
[histogram_pool_size: -1]
[data_random_seed: 1]
[output_model: LightGBM_model.txt]
[snapshot_freq: -1]
[input_model: ]
[output_result: LightGBM_predict_result.txt]
[initscore_filename: ]
[valid_data_initscores: ]
[pre_partition: 0]
[enable_bundle: 1]
[max_conflict_rate: 0]
[is_enable_sparse: 1]
[sparse_threshold: 0.8]
[use_missing: 1]
[zero_as_missing: 0]
[two_round: 0]
[save_binary: 0]
[enable_load_from_binary_file: 1]
[header: 0]
[label_column: ]
[weight_column: ]
[group_column: ]
[ignore_column: ]
[categorical_feature: ]
[predict_raw_score: 0]
[predict_leaf_index: 0]
[predict_contrib: 0]
[num_iteration_predict: -1]
[pred_early_stop: 0]
[pred_early_stop_freq: 10]
[pred_early_stop_margin: 10]
[convert_model_language: ]
[convert_model: gbdt_prediction.cpp]
[num_class: 1]
[is_unbalance: 0]
[scale_pos_weight: 1]
[sigmoid: 1]
[boost_from_average: 1]
[reg_sqrt: 0]
[alpha: 0.9]
[fair_c: 1]
[poisson_max_delta_step: 0.7]
[tweedie_variance_power: 1.5]
[max_position: 20]
[label_gain: ]
[metric_freq: 1]
[is_provide_training_metric: 0]
[eval_at: ]
[num_machines: 1]
[local_listen_port: 12400]
[time_out: 120]
[machine_list_filename: ]
[machines: ]
[gpu_platform_id: -1]
[gpu_device_id: -1]
[gpu_use_dp: 0]

end of parameters

pandas_categorical:[]
