tree
version=v2
num_class=1
num_tree_per_iteration=1
label_index=0
max_feature_idx=9
objective=binary sigmoid:1
feature_names=H25_age H25_sex H25_bmi H25_dbp H25_sbp H25_lhrate H25_a1c H25_ht H25_dm H25_is_medicine
feature_infos=[18:74] [1:2] [0:65.599999999999994] [0:169] [0:238] [0.097560975609756101:8.8461538461538485] [2.7999999999999998:15.300000000000001] [0:1] [0:1] [0:2]
tree_sizes=2566 2600 2596 2606 2589 2605 2608 2630 2609 2634 2620 2619 2622 2630 2621 2615 2623 2639 2610 2620 2637 2647 2632 2630 2639

Tree=0
num_leaves=32
num_cat=0
split_feature=5 0 5 5 6 0 6 6 0 0 2 0 9 5 9 6 6 5 3 3 0 2 3 5 5 6 0 0 0 0 2
split_gain=2193.11 669.149 435.191 312.832 195.337 162.452 159.805 129.008 126.992 103.353 79.1807 73.2299 66.0975 64.0358 56.2611 48.289 46.0076 40.0537 37.3602 37.1356 36.0831 35.829 35.4215 34.4134 32.3562 29.7407 28.5991 27.5185 22.1339 21.1236 20.8139
threshold=2.8289198606271779 55.500000000000007 3.7282196969696972 2.1279323513366069 6.0500000000000007 43.500000000000007 5.8500000000000005 5.8500000000000005 40.500000000000007 46.500000000000007 24.950000000000003 38.500000000000007 1.0000000180025095e-35 4.1547008547008559 1.0000000180025095e-35 6.7500000000000009 5.9500000000000011 1.7946961714085006 92.833333333333357 93.833333333333357 60.500000000000007 22.050000000000004 96.583333333333357 1.7629348795718109 3.1375929682217718 5.8500000000000005 39.500000000000007 44.500000000000007 58.500000000000007 61.500000000000007 24.450000000000003
decision_type=10 2 10 10 10 2 10 10 2 2 8 2 2 10 2 10 10 10 10 10 2 10 10 8 10 10 2 2 2 2 10
left_child=1 3 4 9 5 19 10 11 -4 30 17 -5 24 16 22 23 -10 -3 -6 26 -8 -22 -13 -11 -7 -26 -2 -9 -12 -19 -1
right_child=2 6 8 7 18 12 20 27 13 15 28 14 -14 -15 -16 -17 -18 29 -20 -21 21 -23 -24 -25 25 -27 -28 -29 -30 -31 -32
leaf_value=-2.5809109612504857 -2.5455038222494211 -2.5413178885696293 -2.4711420076320754 -2.5738341469279802 -2.4279455159194963 -2.4949058663154058 -2.4366942465798456 -2.5247629962281657 -2.4312992346676423 -2.5654355619408471 -2.4766434119611271 -2.5422042465175374 -2.388048706264648 -2.3426789429767285 -2.474669066402674 -2.4694551563894955 -2.3338647026416264 -2.5042107927916581 -2.3266171582412762 -2.4417599396320218 -2.4921484807530923 -2.2987562733996341 -2.4778446463726995 -2.5418511187032551 -2.4712485963935094 -2.4016664009912314 -2.5128043410946446 -2.4719784766334176 -2.4045547694607823 -2.4337727582914526 -2.5650183025032676
leaf_count=18165 1783 1289 807 2463 915 2478 766 533 1065 6121 423 10868 307 981 486 225 233 1256 173 180 54 155 309 3628 2489 252 2158 1170 288 170 3774
internal_value=0 -0.359978 1.35704 -0.491921 0.98983 0.813559 1.06821 -0.0511649 2.62368 -0.710414 0.672747 -0.171642 1.24239 3.08695 -0.0444148 -0.38598 2.47144 0.369784 2.5211 0.236154 2.42718 3.85436 -0.100613 -0.427215 1.13422 1.42297 0.154799 0.941081 1.79871 0.809161 -0.857553
internal_count=65964 52143 13821 47742 10735 9647 4401 15829 3086 31913 3426 14126 5526 2279 11663 9974 1298 2715 1088 4121 975 209 11177 9749 5219 2741 3941 1703 711 1426 21939
shrinkage=1


Tree=1
num_leaves=32
num_cat=0
split_feature=5 0 5 5 6 0 6 6 0 5 0 2 0 3 9 3 6 6 5 9 3 5 3 0 0 2 0 9 0 9 0
split_gain=1895.22 599.325 331.359 298.268 135.47 123.347 121.107 112.891 101.628 88.5417 69.0851 64.2473 57.9531 56.8405 48.6138 46.4999 44.2833 42.8972 38.1856 35.2452 35.0661 32.6893 30.8796 28.557 27.7568 27.6718 34.3134 29.1228 26.0548 24.5166 22.3593
threshold=2.8289198606271779 55.500000000000007 3.5341085271317834 2.1279323513366069 5.8500000000000005 45.500000000000007 5.8500000000000005 5.8500000000000005 46.500000000000007 4.1547008547008559 38.500000000000007 25.350000000000005 44.500000000000007 93.833333333333357 1.0000000180025095e-35 92.833333333333357 6.1500000000000012 6.7500000000000009 1.7946961714085006 1.0000000180025095e-35 87.833333333333357 1.7629348795718109 96.583333333333357 55.500000000000007 39.500000000000007 22.050000000000004 58.500000000000007 1.0000000180025095e-35 45.500000000000007 1.0000000180025095e-35 44.500000000000007
decision_type=10 2 10 10 10 2 10 10 2 10 2 8 2 10 2 10 10 10 8 2 10 8 10 2 2 10 2 2 2 2 2
left_child=1 3 5 8 9 13 11 10 -1 12 -5 18 -4 16 22 23 19 21 -3 24 -14 -10 -12 29 -2 -8 -27 -28 -11 -7 -9
right_child=2 6 4 7 -6 15 25 30 17 28 14 -13 20 -15 -16 -17 -18 -19 -20 -21 -22 -23 -24 -25 -26 26 27 -29 -30 -31 -32
leaf_value=-0.042297965905770452 -0.013948843583573218 -0.0051142151588255899 0.036320211674340061 -0.037849774030171354 0.16226937827243515 0.042900663813520507 0.046641799845700743 0.0099545087141258704 -0.029376573827606597 0.10028827800635952 -0.00657890990034464 0.086189930567442716 0.076683672932028768 0.097165462708185046 0.054819637416822588 0.1197065990979333 0.09299527155717402 0.059477090451731177 0.038900716017492343 0.1212186234234004 0.1598189950210781 -0.006240246252805213 0.052173839768543423 0.088831918230491025 0.017927833985462528 0.078778484752189959 0.18396470852892982 0.032506269993010789 0.16566139685104975 0.10197690917646125 0.057018711360892732
leaf_count=21939 1562 1329 1304 2463 931 3105 244 533 6121 585 10868 579 1018 277 486 426 210 225 1518 81 219 3628 309 742 2714 383 293 55 399 248 1170
internal_value=0 -0.347693 1.21556 -0.477683 2.03004 0.80537 0.970557 -0.0488901 -0.696329 1.68201 -0.164385 0.621638 1.29314 0.380122 -0.0422584 1.24353 0.27176 -0.373003 0.377015 0.183368 1.85994 -0.413603 -0.0959886 1.1128 0.130862 2.08776 2.43669 3.24792 2.58704 0.958482 0.858744
internal_count=65964 52143 13821 47742 4456 9365 4401 15829 31913 3525 14126 3426 2541 4844 11663 4521 4567 9974 2847 4357 1237 9749 11177 4095 4276 975 731 348 984 3353 1703
shrinkage=0.05


Tree=2
num_leaves=32
num_cat=0
split_feature=5 0 5 0 0 5 2 0 4 6 5 6 6 5 4 3 0 6 6 3 0 0 2 6 0 4 0 0 5 6 6
split_gain=1666.64 428.547 376.37 184.645 144.648 114.643 102.677 94.6928 83.1889 70.5307 61.0667 55.7183 52.7669 49.7226 44.9944 44.3545 36.3505 33.9898 33.9722 30.4667 27.9876 27.1447 26.7377 25.0808 24.0413 23.6594 23.1355 22.2028 21.9772 21.0907 20.0693
threshold=2.5747340425531919 49.500000000000007 3.5341085271317834 45.500000000000007 60.500000000000007 2.1279323513366069 25.250000000000004 44.500000000000007 137.25000000000003 6.1500000000000012 1.8105778191985091 5.6500000000000012 5.9500000000000011 4.0842198581560289 131.16666666666671 93.833333333333357 38.500000000000007 6.3500000000000005 5.8500000000000005 79.833333333333357 35.500000000000007 58.500000000000007 21.650000000000002 5.4500000000000011 55.500000000000007 129.83333333333334 44.500000000000007 55.500000000000007 3.042109929078014 5.8500000000000005 6.3500000000000005
decision_type=10 2 10 2 2 10 10 2 10 10 8 10 10 10 10 10 2 10 10 10 2 2 10 8 2 10 2 2 10 10 10
left_child=1 5 3 9 6 17 10 13 11 15 -3 21 16 30 29 20 -7 26 -12 -15 -2 28 -6 -8 -13 -25 -1 -10 -5 -9 -4
right_child=2 4 7 8 22 12 23 14 27 -11 18 24 -14 19 -16 -17 -18 -19 -20 -21 -22 -23 -24 25 -26 -27 -28 -29 -30 -31 -32
leaf_value=-0.043776508586250984 -0.023948723930006546 -0.020281474794376746 0.032168372365905383 0.011892743769338176 0.026901449360117374 -0.042662306030464489 0.0051648829764105175 0.079825457849607678 0.075635220135459591 0.082478783256698107 0.0036432747922279934 0.053016320573706401 0.045560734398502757 0.063616660572838393 0.1458864561620154 0.066298179227993553 -0.010271869417920278 0.024569214684887833 0.04956281816910682 0.13859514884799271 0.0066799938282038774 0.087866531001615594 0.10672648005430432 0.026501573968014086 0.10170211324930988 0.071990555374631338 -0.03051588486607297 0.13274169484252926 0.041341774061127441 0.12958310203138285 0.12234365667048182
leaf_count=18194 1391 4921 1317 2330 211 1699 568 1179 1094 378 3818 1381 484 444 792 344 6234 301 620 296 5617 217 515 768 454 873 7403 309 1384 361 67
internal_value=0 -0.417323 0.890803 0.590979 0.186842 -0.64882 0.0758725 1.77231 1.00871 0.176342 -0.103791 0.806013 -0.259957 1.19983 2.24231 0.0869641 -0.338946 -0.782165 0.214039 1.91439 0.0163329 0.548968 1.72293 0.795817 1.32366 1.02525 -0.798165 1.79455 0.467807 1.86443 0.766522
internal_count=65964 46609 19355 14899 12294 34315 11568 4456 7169 7730 9359 5766 8417 2124 2332 7352 7933 25898 4438 740 7008 3931 726 2209 1835 1641 25597 1403 3714 1540 1384
shrinkage=0.05


Tree=3
num_leaves=32
num_cat=0
split_feature=5 0 5 0 0 5 5 0 4 4 0 0 5 9 9 0 4 3 0 4 4 0 4 5 3 4 5 5 3 0 0
split_gain=1475.98 402.085 297.376 154.671 129.321 111.512 75.4771 68.5672 64.5563 56.4209 47.3979 41.0483 38.2852 35.1326 32.9264 32.7952 29.9566 28.5462 24.3082 23.7046 23.4921 23.3948 23.2297 20.9931 18.7514 18.4462 18.4204 17.8162 16.8396 15.6685 14.9117
threshold=2.5747340425531919 49.500000000000007 3.5341085271317834 45.500000000000007 57.500000000000007 2.1279323513366069 1.8105778191985091 44.500000000000007 137.25000000000003 131.83333333333334 38.500000000000007 58.500000000000007 4.0842198581560289 1.0000000180025095e-35 1.0000000180025095e-35 60.500000000000007 131.16666666666671 90.833333333333357 39.500000000000007 139.25000000000003 145.33333333333334 44.500000000000007 120.25000000000001 2.9775252525252531 76.833333333333357 113.16666666666667 4.6700680272108857 1.9602631578947369 93.833333333333357 55.500000000000007 57.500000000000007
decision_type=10 2 10 2 2 10 8 2 10 10 2 2 10 2 2 2 10 10 2 10 8 2 10 10 10 8 10 8 10 2 2
left_child=1 5 3 9 6 14 19 12 11 18 -7 13 24 -5 21 25 26 -12 -2 -3 -14 -1 -8 -20 -4 -6 30 -27 -11 -10 -9
right_child=2 4 7 8 15 10 22 16 29 28 17 -13 20 -15 -16 -17 -18 -19 23 -21 -22 -23 -24 -25 -26 27 -28 -29 -30 -31 -32
leaf_value=-0.0435742423305557 -0.018397375951220433 -0.02442605843552248 0.013656761175811886 0.027794270930122295 -0.011158242691445195 -0.042343465555822406 -0.0028968018462096875 0.068666631982759754 0.067470089872874214 0.025510695976884643 -0.0090697711423680313 0.087541571989749115 0.07369276201878297 0.082387345523242062 0.0069660904266755355 0.076346449271826017 0.12330092516226399 0.037259294104100546 -0.0054967000655420433 0.015494529406655589 0.18697736066967297 -0.029925684978369938 0.023684311760761419 0.023077178214875732 0.055712903129421856 0.019947159075869955 0.13965281458054676 0.063174075592565215 0.06691175442437694 0.11353541712258707 0.13208830626208293
leaf_count=18057 2095 4207 687 4957 292 1729 1816 1290 1094 1622 6194 428 691 381 606 726 792 494 2015 641 49 7235 3295 1616 697 750 133 567 382 309 117
internal_value=0 -0.404148 0.815421 0.547599 0.175912 -0.634478 -0.0246525 1.56744 0.918903 0.166255 -0.249965 0.740455 1.08684 0.64526 -0.769362 0.929111 1.94617 -0.108097 -0.0299453 -0.380884 1.68604 -0.792019 0.287904 0.151305 0.706908 0.61563 1.64318 0.797479 0.69796 1.58403 1.5021
internal_count=65964 46609 19355 14899 12294 34315 9959 4456 7169 7730 8417 5766 2124 5338 25898 2335 2332 6688 5726 4848 740 25292 5111 3631 1384 1609 1540 1317 2004 1403 1407
shrinkage=0.05


Tree=4
num_leaves=32
num_cat=0
split_feature=5 6 5 5 6 4 3 6 5 3 6 6 7 4 5 2 2 4 7 4 3 1 4 6 5 3 5 5 5 3 2
split_gain=1311.62 282.366 239.734 140.012 118.492 88.454 70.4065 59.2255 50.1984 47.3641 36.9914 34.6075 28.9135 26.2074 22.0079 21.4634 21.2711 20.9742 17.4731 16.9433 16.897 15.7857 14.6397 13.7191 12.8521 12.5299 12.4844 12.3351 12.1866 11.4702 11.1987
threshold=2.5747340425531919 5.8500000000000005 3.5042372881355939 1.8186653771760157 5.6500000000000012 137.25000000000003 75.833333333333357 5.9500000000000011 4.1547008547008559 73.833333333333357 7.2500000000000009 6.8500000000000005 1.0000000180025095e-35 133.83333333333334 3.0071428571428576 27.650000000000002 23.850000000000005 161.25000000000003 1.0000000180025095e-35 140.83333333333334 105.33333333333336 1.5000000000000002 137.25000000000003 11.15 2.2108969607116395 88.250000000000014 3.3069073783359499 2.7756861365235754 4.6700680272108857 81.833333333333357 20.050000000000004
decision_type=10 10 10 10 10 10 10 10 10 8 10 10 2 10 10 8 10 10 2 10 10 2 10 8 10 8 10 10 10 10 8
left_child=1 3 4 9 5 12 24 8 13 -1 17 19 14 25 21 29 -11 26 22 -3 -7 -2 -8 -13 -5 -4 -6 -14 -10 -15 -16
right_child=2 11 7 6 10 20 18 -9 28 16 -12 23 27 15 30 -17 -18 -19 -20 -21 -22 -23 -24 -25 -26 -27 -28 -29 -30 -31 -32
leaf_value=-0.043738634348468801 -0.0041604829315072915 0.01392664096218612 0.034142035770925776 -0.030835134396958515 0.037772061728523966 0.048082166166806717 -0.0071761734924493314 0.10734824178722235 0.074944248880033718 -0.030895245508942005 0.10333610121152484 0.057259347185158696 0.001105520452701672 0.036192871058753816 0.06962310030271579 0.03301089880587995 -0.011012626539430323 0.12637807603796222 0.030464343093322039 0.053349193322082926 0.12401461527757443 0.045715055273293413 0.011157034643522325 0.17665632623399868 -0.015984850782527784 0.10421501795171367 0.067888949184876007 0.089902160544212226 0.11557317984906523 0.11007463450148512 0.014655792152460682
leaf_count=12648 5289 2526 2115 5525 2906 1431 7106 793 717 8109 345 689 67 88 119 247 2982 77 559 410 84 226 2065 24 3966 66 516 158 325 340 3446
internal_value=0 -0.39122 0.749416 -0.488737 0.500867 0.293821 -0.244113 1.38175 1.19443 -0.701845 1.02261 0.587179 0.149629 0.937881 0.112655 1.50338 -0.509391 0.903329 -0.0153885 0.399804 1.07305 -0.0403752 -0.0583294 1.28549 -0.489714 0.739707 0.852795 1.32867 1.77443 1.93638 0.334623
internal_count=65964 46609 19355 42960 14664 10820 19221 4691 3898 23739 3844 3649 9305 2856 9080 675 11091 3499 9730 2936 1515 5515 9171 713 9491 2181 3422 225 1042 428 3565
shrinkage=0.05


Tree=5
num_leaves=32
num_cat=0
split_feature=5 0 5 0 0 5 5 6 0 6 0 6 6 2 4 4 0 6 2 5 6 9 6 0 6 5 0 0 3 3 2
split_gain=1168.62 378.077 195.652 139.883 123.404 83.0316 69.1997 57.3308 50.8477 49.7989 46.967 36.2684 35.4623 33.2526 32.7546 32.1151 26.5269 24.9195 23.6778 23.5417 21.4384 21.2446 20.8548 19.0675 18.9918 17.4431 17.4297 17.0135 16.5413 15.8745 14.6163
threshold=2.5747340425531919 47.500000000000007 3.5341085271317834 55.500000000000007 45.500000000000007 2.1092329545454551 1.8105778191985091 5.8500000000000005 40.500000000000007 6.1500000000000012 56.500000000000007 7.2500000000000009 5.9500000000000011 24.750000000000004 140.83333333333334 131.83333333333334 38.500000000000007 5.8500000000000005 24.450000000000003 4.1547008547008559 5.8500000000000005 1.0000000180025095e-35 6.1500000000000012 61.500000000000007 6.6500000000000012 3.042109929078014 39.500000000000007 59.500000000000007 100.83333333333336 107.33333333333336 35.150000000000013
decision_type=10 2 10 2 2 10 8 10 2 10 2 10 10 8 10 10 2 10 8 10 10 2 10 2 10 10 2 2 10 10 10
left_child=1 5 4 6 9 18 24 13 22 15 11 14 16 23 25 26 -7 19 -1 -10 21 -8 30 -5 -3 -6 -2 -9 -20 -30 -4
right_child=2 3 8 7 10 12 20 27 17 -11 -12 -13 -14 -15 -16 -17 -18 -19 28 -21 -22 -23 -24 -25 -26 -27 -28 -29 29 -31 -32
leaf_value=-0.042700662782812177 -0.01919425553545475 -0.024726701322531294 0.018778767766888332 0.0031982360706862023 0.016137484615454716 -0.040921695088168258 -0.0014462033169258268 0.051496466476144254 0.052285121583727057 0.064356195610844089 0.07080174429629707 0.10319384882798206 0.037399756565457236 0.05484780680809951 0.062637801470911164 0.023375875294882924 -0.012302615304564078 0.09540426844237275 -0.027093100716239583 0.086350428297967907 0.03191833258258342 0.045374431271738652 0.10542756838860606 0.052765659191526176 0.040683147228705134 0.037369415764305296 0.0031492240887166616 0.10334262190691619 0.12265274540622535 -0.036282226193964061 0.11164209023142375
leaf_count=18800 2061 5791 1023 2156 3165 1780 5068 569 1819 378 1089 178 383 646 742 1831 5464 788 3972 711 900 335 74 263 136 1995 3460 268 44 34 41
internal_value=0 -0.378379 0.691141 0.0848081 0.472983 -0.65917 -0.133482 0.668125 1.26216 0.133435 0.791646 0.661312 -0.308448 0.410807 0.606592 0.0553848 -0.375815 1.44737 -0.790376 1.27115 0.135911 0.0378357 0.619727 0.193375 -0.454392 0.497137 -0.0943252 1.42053 -0.502597 1.17923 0.471591
internal_count=65964 46609 19355 16132 14899 30477 12230 3902 4456 7730 7169 6080 7627 3065 5902 7352 7244 3318 22850 2530 6303 5403 1138 2419 5927 5160 5521 837 4050 78 1064
shrinkage=0.05


Tree=6
num_leaves=32
num_cat=0
split_feature=5 0 5 0 0 5 0 5 1 2 4 5 0 0 4 0 4 2 2 0 9 5 4 4 5 3 4 9 9 4 0
split_gain=1043.2 356.185 163.924 123.251 89.5133 81.1166 72.8682 63.7638 77.729 40.2709 38.8545 34.4794 33.7358 29.9692 28.4908 27.6466 23.9287 23.5744 18.6408 18.5556 18.2254 18.0753 17.327 16.1674 15.3365 15.1276 15.1191 15.0637 14.9823 14.8562 15.5474
threshold=2.5747340425531919 47.500000000000007 3.2441734417344179 55.500000000000007 45.500000000000007 2.1092329545454551 39.500000000000007 1.8105778191985091 1.5000000000000002 21.950000000000003 131.16666666666671 4.0083333333333337 38.500000000000007 55.500000000000007 131.83333333333334 60.500000000000007 153.25000000000003 24.450000000000003 26.650000000000002 58.500000000000007 1.0000000180025095e-35 2.060303030303031 116.16666666666667 141.83333333333334 1.6776927282668126 100.83333333333336 138.83333333333334 1.0000000180025095e-35 1.0000000180025095e-35 162.25000000000003 52.500000000000007
decision_type=10 2 10 2 2 10 2 8 2 8 10 10 2 2 10 2 10 8 10 2 2 8 8 10 10 10 10 2 2 10 2
left_child=1 5 4 7 14 17 -4 23 18 24 11 28 -7 16 -2 22 27 -1 -9 29 26 -10 -11 -3 -5 -19 -14 -6 -8 -12 -31
right_child=2 3 6 9 13 12 10 8 21 15 19 -13 20 -15 -16 -17 -18 25 -20 -21 -22 -23 -24 -25 -26 -27 -28 -29 -30 30 -32
leaf_value=-0.042161437678656655 -0.005996225521706893 -0.025543786588440184 0.012631165180095289 -0.014884739503592729 0.020182249149665748 -0.040172277874543055 0.034909422064625925 -0.0035446488554024742 0.034151567779997755 -0.0023931490431195607 0.067045783477481621 0.071738502697251391 -0.013819056814557792 0.057162761882294216 0.022096727148781761 0.077373808069226113 0.084533303096572573 -0.026375347660926127 0.026037938638204625 0.14234991182777398 0.041567617752409552 0.12116281417174823 0.040922117908530634 0.0098789253932471451 0.023613494461551844 0.054379367544947127 0.019163902439125441 0.054607288307479067 0.08477243824190607 0.16390054342961038 0.015350978744821824
leaf_count=18800 4638 5367 1357 719 4140 1812 2963 5075 165 378 1760 963 5051 1073 1607 474 165 3972 839 85 219 224 1637 560 694 78 545 368 150 65 21
internal_value=0 -0.36592 0.638908 0.0802866 0.361984 -0.645157 1.00555 -0.127642 0.128457 0.618275 1.14521 0.952933 -0.297226 0.661669 0.0384224 0.873091 0.529219 -0.778138 0.0192792 1.50241 -0.160082 1.75479 0.66608 -0.440554 0.102526 -0.488297 -0.207371 0.472864 0.760703 1.41983 2.6214
internal_count=65964 46609 19355 16132 11991 30477 7364 12230 6303 3902 6007 4076 7627 5746 6245 2489 4673 22850 5914 1931 5815 389 2015 5927 1413 4050 5596 4508 3113 1846 86
shrinkage=0.05


Tree=7
num_leaves=32
num_cat=0
split_feature=5 0 5 0 0 0 6 1 6 9 4 4 6 0 5 6 5 6 0 6 5 6 5 0 4 0 5 5 4 5 6
split_gain=943.109 277.237 213.81 133.098 108.214 59.9432 47.6733 53.0188 38.7155 37.3387 35.4453 32.9605 30.3504 29.7712 27.8119 26.9307 26.4398 23.4307 21.3995 21.0788 19.701 18.9711 17.2988 16.9509 16.8751 15.1072 14.9269 14.4778 13.4286 12.8681 12.7897
threshold=2.3021061869240902 55.500000000000007 3.2268439108061755 44.500000000000007 46.500000000000007 39.500000000000007 5.9500000000000011 1.5000000000000002 5.8500000000000005 1.0000000180025095e-35 137.25000000000003 132.83333333333334 6.4500000000000011 35.500000000000007 4.0083333333333337 7.1500000000000012 1.8186653771760157 6.1500000000000012 58.500000000000007 6.1500000000000012 1.6198591549295778 5.8500000000000005 2.8153021442495132 35.500000000000007 137.83333333333334 60.500000000000007 4.4826762246117093 1.6711427541456383 117.25000000000001 2.1460873983739841 7.1500000000000012
decision_type=10 2 10 2 2 2 10 2 10 2 10 10 10 2 10 10 8 10 2 10 8 10 10 2 10 2 10 10 10 8 10
left_child=1 4 3 13 12 17 7 10 25 15 18 14 20 -2 21 16 -6 26 22 24 -1 -7 28 -22 -15 29 -4 -11 -5 -3 -8
right_child=2 8 5 6 9 11 30 -9 -10 27 -12 -13 -14 19 -16 -17 -18 -19 -20 -21 23 -23 -24 -25 -26 -27 -28 -29 -30 -31 -32
leaf_value=-0.044412207839154172 -0.028747655989730787 0.0024305986620418831 -0.0014230676517670519 -0.01367351054393804 -0.025930590772695779 0.028853968879992788 0.043861449777426537 0.087006400492419741 0.060047414988492399 -0.0070555954476668042 0.040524217411593066 0.06834761463687182 0.029850499950373224 -0.0067202210409335527 0.064365521682453339 0.078131091017531309 -0.005740203085553907 0.092181399057056454 0.046214447850475071 0.044213254383281692 -0.044180858945096962 0.059519843844393405 0.020503601270748212 -0.02732312665502537 0.021921104324009774 0.042699955062974637 0.056927870926559682 0.042791073644901971 0.0084268323350724268 0.044934688614463841 0.083110187625182005
leaf_count=10756 1886 1872 1211 1483 6305 2788 1174 350 674 357 1446 1824 241 5677 991 79 4335 67 416 272 3931 602 2193 9851 754 447 113 513 2838 247 271
internal_value=0 -0.441803 0.477776 0.246497 -0.562692 0.911512 0.507224 0.397524 0.538558 -0.250811 0.338618 1.03184 -0.729733 -0.119811 0.869849 -0.31975 -0.340807 0.237088 0.222569 -0.00702213 -0.746375 0.708646 0.163908 -0.639604 -0.0576671 0.308972 0.107604 0.490829 0.0187601 0.163434 1.04579
internal_count=65964 39608 26356 18760 36368 7596 10171 8726 3240 11589 8376 6205 24779 8589 4381 10719 10640 1391 6930 6703 24538 3390 6514 13782 6431 2566 1324 870 4321 2119 1445
shrinkage=0.05


Tree=8
num_leaves=32
num_cat=0
split_feature=5 0 5 0 0 0 6 2 2 2 6 0 6 0 5 1 4 1 6 6 4 5 4 6 6 4 0 0 5 0 2
split_gain=851.906 262.138 181.461 117.128 95.542 50.1537 41.0548 38.0176 37.4734 33.4541 30.1632 27.7578 26.2679 24.6314 23.6055 23.5471 25.8967 22.1948 20.4444 19.0086 18.7704 18.4794 18.0126 17.6871 17.3275 17.1322 16.5431 15.7688 15.7443 15.4145 15.3979
threshold=2.3021061869240902 47.500000000000007 3.2268439108061755 44.500000000000007 55.500000000000007 40.500000000000007 5.7500000000000009 24.450000000000003 23.550000000000004 20.950000000000003 5.4500000000000011 35.500000000000007 5.8500000000000005 59.500000000000007 3.7282196969696972 1.5000000000000002 137.25000000000003 1.5000000000000002 6.4500000000000011 5.9500000000000011 158.50000000000003 1.246986201888163 128.83333333333334 6.7500000000000009 5.2500000000000009 121.25000000000001 58.500000000000007 55.500000000000007 2.8153021442495132 40.500000000000007 26.350000000000005
decision_type=10 2 10 2 2 2 10 8 10 8 10 2 10 2 10 2 10 2 10 10 10 10 10 10 8 10 2 2 10 2 10
left_child=1 7 3 11 8 24 15 29 17 -6 -11 -2 14 -12 22 16 26 -3 -9 -13 -16 -19 -7 -10 -4 30 28 -27 -5 -1 -8
right_child=2 4 5 6 9 12 25 18 23 10 13 19 -14 -15 20 -17 -18 21 -20 -21 -22 -23 -24 -25 -26 27 -28 -29 -30 -31 -32
leaf_value=-0.045511832426921389 -0.02802690678215139 -0.024033693086466121 -0.016741183871568505 -0.000380440393346691 -0.0078496166751594511 0.020462299677260778 0.0062238647850841617 -0.021875499167660368 0.0019898270393510129 0.01268271954710163 0.033402356227084144 -0.0033503474922252571 0.066116090441489569 0.08245478269031109 0.051676991945208528 0.063783518387974442 0.036058190987631286 -0.041201584745855883 0.04086641830416729 0.033398655687796271 0.13660698390690357 0.028136169110998189 0.04798574503717809 0.059190171089948188 0.024728429619287392 0.040234879947128821 0.042969441814638798 0.076135035304123924 0.01925102341715558 -0.033415900977864357 0.061961057357406472
leaf_count=10347 1886 5945 382 3940 830 1710 566 5075 3224 1157 855 6269 1279 398 1669 301 1265 209 176 434 46 628 1002 155 1508 1207 346 416 1961 10609 169
internal_value=0 -0.4285 0.445556 0.231842 -0.00654775 0.836823 0.472191 -0.699659 -0.216058 0.50107 0.694132 -0.114511 0.96784 1.03421 0.840766 0.337251 0.295437 -0.394513 -0.381646 -0.0066288 1.09995 0.226366 0.63249 0.113776 0.334535 0.841091 0.1909 1.02214 0.137984 -0.786045 0.404057
internal_count=65964 39608 26356 18760 13401 7596 10171 26207 10161 3240 2410 8589 5706 1253 4427 7813 7512 6782 5251 6703 1715 837 2712 3379 1890 2358 6247 1623 5901 20956 735
shrinkage=0.05


Tree=9
num_leaves=32
num_cat=0
split_feature=0 2 2 0 0 3 0 9 4 3 2 1 0 2 9 4 3 3 2 9 2 2 2 0 2 9 2 9 0 2 2
split_gain=407.383 180.553 152.758 70.4165 59.8301 44.5853 40.8781 38.3864 31.0984 30.7223 30.516 23.7143 23.1205 22.7532 22.6862 15.4681 13.4821 13.3405 12.3853 11.3782 13.0514 10.0925 9.84015 9.7456 9.16259 12.8342 9.02092 8.69829 8.52182 8.46173 8.10377
threshold=44.500000000000007 24.350000000000005 23.250000000000004 55.500000000000007 56.500000000000007 76.833333333333357 35.500000000000007 1.0000000180025095e-35 130.25000000000003 76.833333333333357 26.350000000000005 1.5000000000000002 36.500000000000007 20.950000000000003 1.5000000000000002 163.33333333333334 89.833333333333357 98.833333333333357 21.150000000000002 1.0000000180025095e-35 25.350000000000005 23.550000000000004 23.550000000000004 59.500000000000007 31.050000000000004 1.0000000180025095e-35 21.750000000000004 1.0000000180025095e-35 47.500000000000007 15.550000000000002 30.350000000000005
decision_type=2 10 10 2 2 10 2 2 10 10 10 2 2 8 2 10 10 10 10 2 10 10 10 2 10 2 10 2 2 8 10
left_child=1 6 4 7 8 12 -1 10 27 26 11 16 -3 -6 15 30 -4 -12 -11 20 -5 -9 -18 -22 25 -14 29 -2 -13 -8 -7
right_child=2 5 3 19 13 14 9 21 -10 18 17 28 24 -15 -16 -17 22 -19 -20 -21 23 -23 -24 -25 -26 -27 -28 -29 -30 -31 -32
leaf_value=-0.043777380083347556 -0.011768211320585727 -0.031256977775518759 0.0034770006128238885 0.038448798867994592 0.0012036394504429653 0.0068173612878217995 0.067073485314225842 0.10578925259034173 0.010341451284571762 -0.026891822761453271 0.024513982421115261 0.018780198400201554 -0.0073651445624184041 0.037959081078893002 0.12166260324143414 0.068018825725254292 -0.028293961625742867 0.067418807921026655 -0.0040898294170963623 0.019147261677543374 0.051794518628435308 0.039856176717868702 0.032193217426011597 0.084718439034191767 0.033648180261279879 0.065397491394314125 -0.023137483036205081 0.018099186922201561 0.079160425569187759 -0.036422725265386917 0.024960768340867918
leaf_count=6707 10874 1688 7041 1334 830 4403 22 67 3379 1499 3718 166 2985 1371 40 119 91 178 3581 335 839 1399 795 301 200 65 4571 325 197 5898 946
internal_value=0 -0.346303 0.263235 0.486927 -0.00904493 0.0493147 -0.580518 0.370984 -0.11125 -0.466173 0.299513 0.167448 -0.228336 0.50754 0.270372 0.243752 0.126287 0.541784 -0.205784 0.930193 1.00567 0.865672 0.526344 1.24269 -0.0472024 -0.104018 -0.600157 -0.214458 1.1013 -0.716858 0.208531
internal_count=65964 32724 33240 16461 16779 10446 22278 13652 14578 15571 12186 8290 4938 2201 5508 5468 7927 3896 5080 2809 2474 1466 886 1140 3250 3050 10491 11199 363 5920 5349
shrinkage=0.05


Tree=10
num_leaves=32
num_cat=0
split_feature=6 0 2 2 6 3 0 3 3 0 2 0 0 9 0 6 3 6 3 0 3 2 2 0 8 2 0 1 2 3 2
split_gain=395.31 216.004 99.348 88.4184 69.845 34.9639 34.7189 30.0845 28.8137 26.9931 22.3478 21.9785 21.4762 22.8025 19.531 17.9565 16.2951 15.8072 15.2499 14.8659 14.3415 13.4005 12.6532 11.5112 11.1841 11.9573 10.7868 20.3497 13.5826 11.0796 10.7411
threshold=5.6500000000000012 44.500000000000007 23.950000000000003 23.250000000000004 5.9500000000000011 85.833333333333357 55.500000000000007 76.833333333333357 93.833333333333357 53.500000000000007 21.150000000000002 57.500000000000007 57.500000000000007 1.0000000180025095e-35 39.500000000000007 6.3500000000000005 83.833333333333357 8.0500000000000025 96.583333333333357 36.500000000000007 98.333333333333357 25.150000000000002 21.350000000000005 61.500000000000007 1.0000000180025095e-35 19.850000000000005 48.500000000000007 1.5000000000000002 24.150000000000002 86.833333333333357 34.050000000000004
decision_type=10 2 10 10 10 10 2 10 10 2 10 2 2 2 2 10 10 10 10 2 10 10 10 2 2 10 2 2 8 10 10
left_child=1 2 5 9 6 14 18 19 11 16 -8 15 13 20 -1 30 -3 -10 26 -4 -5 -22 -16 -11 25 -13 28 29 -2 -28 -6
right_child=4 3 7 12 8 -7 10 -9 17 23 -12 24 -14 -15 22 -17 -18 -19 -20 -21 21 -23 -24 -25 -26 -27 27 -29 -30 -31 -32
leaf_value=-0.041122108480973814 -0.0126496432805124 -0.016695476207988471 -0.032889682498883577 0.0083287982052782442 0.016349113948495392 0.0028377049611345924 -0.01366588384666915 0.0048891905814772083 0.059975609455711891 0.0039629701118220236 0.049789661797371682 -0.020084116450996996 0.038557130452081034 0.040174838588194928 -0.035565711012442297 0.04091032495693589 0.0027296043065820636 0.13640854733965552 0.046833332429208119 -0.0091490173440145345 -0.0031869533279327185 0.073141832725731257 -0.019145373093539968 0.045342005220956529 0.012866025788730397 0.071572619784767394 0.0040533121284915957 0.077297229671479173 0.0097355473857920448 0.036687885237421725 0.07783798120361847
leaf_count=9366 1984 8427 1783 9052 2090 1206 200 4614 447 2940 858 36 868 736 4242 1875 2077 65 241 3038 109 157 4554 181 103 522 1610 157 1981 375 70
internal_value=0 -0.172004 -0.433406 0.0731409 0.522917 -0.624968 0.280529 -0.115237 0.790276 -0.149067 0.799919 0.702482 0.301697 0.24791 -0.675296 0.59831 -0.252841 1.45195 0.162534 -0.3449 0.19434 0.93514 -0.532154 0.145122 1.18073 1.33597 0.119823 0.318598 -0.00308735 0.218675 0.377354
internal_count=65964 53350 28803 24547 12614 19368 7406 9435 5208 13625 1058 4696 10922 10054 18162 4035 10504 512 6348 4821 9318 266 8796 3121 661 558 6107 2142 3965 1985 2160
shrinkage=0.05


Tree=11
num_leaves=32
num_cat=0
split_feature=0 2 2 0 9 0 3 2 3 0 0 3 1 4 4 0 4 4 2 1 0 3 1 0 4 0 1 3 2 3 2
split_gain=336.869 159.782 120.842 71.2841 40.4076 40.1339 36.4926 35.5197 28.7543 25.6861 20.6252 18.1233 16.8097 17.5679 15.3424 12.7245 15.3505 11.5338 11.3141 10.9216 10.6397 9.76932 9.96288 11.2554 9.32712 13.02 10.0344 9.40998 9.03243 8.95934 8.68414
threshold=44.500000000000007 24.350000000000005 22.050000000000004 55.500000000000007 1.0000000180025095e-35 35.500000000000007 76.833333333333357 26.350000000000005 76.833333333333357 53.500000000000007 36.500000000000007 93.833333333333357 1.5000000000000002 131.16666666666671 154.33333333333334 59.500000000000007 114.25000000000001 103.16666666666667 21.150000000000002 1.5000000000000002 47.500000000000007 67.833333333333357 1.5000000000000002 48.500000000000007 131.16666666666671 59.500000000000007 1.5000000000000002 83.833333333333357 18.150000000000002 98.833333333333357 23.450000000000003
decision_type=2 10 10 2 2 2 10 10 10 2 2 10 2 10 10 2 10 10 10 2 2 10 2 2 8 2 2 10 10 10 10
left_child=1 5 9 4 7 -1 10 12 -7 14 -3 -8 13 20 21 16 -5 -17 -10 -6 -4 -2 -23 -24 25 -11 -26 -28 -25 -9 -14
right_child=2 6 3 15 19 8 11 29 18 24 -12 -13 30 -15 -16 17 -18 -19 -20 -21 -22 22 23 28 26 -27 27 -29 -30 -31 -32
leaf_value=-0.042862814490827988 -0.024348817839144887 -0.029903478412978982 -0.010117648586358699 0.001305826641371993 0.033823538383566401 -0.028633696903321071 0.0075118967148274486 0.021774701829563828 -0.025547432766122757 -0.005021460566748133 -0.002105936875227774 0.036465209841180145 0.0094965674412517392 0.014282299461791111 0.057291740260004526 0.12167483349005653 0.035858873208968023 0.046883429359715026 -0.003358938946995951 0.100440494647762 0.0037587527384052599 -0.011207357987018865 -0.009264231183369229 -0.028187374032882864 0.018734749821988427 0.032646850255400199 0.14251121148843246 0.00041778376302828256 0.058302065866890608 0.05547924824109092 0.054495883921398036
leaf_count=6707 2207 1688 3083 412 1617 10491 4801 3718 1499 1690 3250 707 304 3444 91 43 2324 1001 3581 61 5399 5519 396 52 781 302 29 24 234 178 331
internal_value=0 -0.323192 0.233578 0.371486 0.267403 -0.552755 0.0448447 0.206784 -0.438521 -0.109241 -0.210913 0.240757 0.103409 0.0727238 -0.228973 0.748357 0.621359 1.01539 -0.185108 0.735446 -0.0215148 -0.250002 -0.169083 0.298306 0.182645 0.0423323 0.493966 1.84864 0.858572 0.47835 0.701343
internal_count=65964 32724 33240 21915 18135 22278 10446 16457 15571 11325 4938 5508 12561 11926 8499 3780 2736 1044 5080 1678 8482 8408 6201 682 2826 1992 834 53 286 3896 635
shrinkage=0.05


Tree=12
num_leaves=32
num_cat=0
split_feature=5 5 6 3 6 9 5 5 5 6 1 3 9 7 5 2 6 3 3 1 3 9 2 3 2 2 9 6 5 2 5
split_gain=707.445 150.722 116.073 81.6945 68.6777 33.2616 31.976 30.7353 26.1121 24.5793 21.8455 20.962 19.7846 19.2349 17.8859 16.2852 16.2656 15.6934 14.6561 15.3981 13.3565 11.7291 11.2263 10.8945 10.6627 10.5408 10.5254 10.3668 9.28835 9.05906 8.66032
threshold=2.2747549019607844 3.2268439108061755 5.8500000000000005 74.250000000000014 5.9500000000000011 1.0000000180025095e-35 1.548583792289536 4.1547008547008559 2.8289198606271779 6.3500000000000005 1.5000000000000002 73.833333333333357 1.0000000180025095e-35 1.0000000180025095e-35 1.8105778191985091 20.050000000000004 6.8500000000000005 70.833333333333357 95.833333333333357 1.5000000000000002 94.833333333333357 1.0000000180025095e-35 26.350000000000005 63.833333333333336 22.050000000000004 30.950000000000003 1.0000000180025095e-35 5.2500000000000009 2.6160256410256415 23.950000000000003 2.092807924203274
decision_type=10 10 10 8 10 2 8 10 10 10 2 10 2 2 10 8 10 10 8 2 10 2 10 10 10 8 2 8 10 8 10
left_child=2 4 3 14 5 8 -5 9 10 12 11 -2 20 -7 -1 -10 23 -12 19 21 24 22 -8 -4 -3 28 -18 -20 -15 -11 -21
right_child=1 7 16 6 -6 13 18 -9 15 29 17 -13 -14 25 -16 -17 26 -19 27 30 -22 -23 -24 -25 -26 -27 -28 -29 -30 -31 -32
leaf_value=-0.039856457557735397 -0.015302891603791686 0.042467120368924791 -0.03831292977325388 -0.026830417504003924 0.036582465576021378 0.1650762455278213 -0.017074440371649638 0.055342528334953872 0.062793478371191244 0.10492613379216831 -0.001332392338327363 0.0022548040999673009 0.067141594244561273 0.014867666536096247 -0.025200929194526146 0.011559818419941525 0.057914485521154725 0.056613156591763539 -0.019673803925344291 0.0062608363535834391 0.055523597586382062 0.015729750963450893 0.003775073529403079 0.0095189010931071693 0.02070380194532959 -0.026849307885132442 0.013390853165309203 0.032558725526740509 0.05544812634653451 0.051083283661639514 0.059574746380723201
leaf_count=13377 4220 726 186 6214 1971 23 7580 1307 201 75 310 6695 245 272 5958 5099 287 333 182 555 274 453 1161 1999 4593 61 279 486 329 376 137
internal_value=0 0.384521 -0.414064 -0.492133 0.195217 0.108755 -0.288367 0.7333 0.0701615 0.628583 -0.0371784 -0.0790758 0.561532 0.784319 -0.69964 0.271148 0.274743 0.621708 -0.156441 -0.199128 0.515411 -0.243116 -0.280863 0.117153 0.47207 0.660935 0.746152 0.376747 0.787028 1.22685 0.386773
internal_count=65964 27110 38854 36103 19514 17543 16768 7596 16858 6289 11558 10915 5838 685 19335 5300 2751 643 10554 9886 5593 9194 8741 2185 5319 662 566 668 601 451 692
shrinkage=0.05


Tree=13
num_leaves=32
num_cat=0
split_feature=5 0 5 0 0 2 0 1 5 1 0 5 0 2 5 5 3 9 2 3 0 3 5 0 5 9 9 3 0 0 3
split_gain=641.1 201.584 129.944 72.7758 58.2881 31.4301 30.0631 28.7115 26.994 25.9739 24.4172 21.7723 19.7645 18.7329 17.7959 14.3373 14.2358 14.225 13.6449 13.486 13.1905 12.0902 10.6927 10.4408 10.4102 10.3988 10.3204 9.92873 9.88155 9.40902 9.30432
threshold=2.2747549019607844 47.500000000000007 3.2441734417344179 44.500000000000007 55.500000000000007 24.450000000000003 39.500000000000007 1.5000000000000002 1.7629348795718109 1.5000000000000002 30.500000000000004 2.8289198606271779 51.500000000000007 22.450000000000003 4.6700680272108857 2.8289198606271779 90.833333333333357 1.0000000180025095e-35 26.650000000000002 80.833333333333357 52.500000000000007 98.333333333333357 3.7282196969696972 60.500000000000007 1.9256495301271424 1.0000000180025095e-35 1.0000000180025095e-35 74.833333333333357 46.500000000000007 58.500000000000007 68.583333333333357
decision_type=10 2 10 2 2 8 2 2 8 2 2 10 2 8 10 10 10 2 8 10 2 10 10 2 8 2 2 10 2 2 10
left_child=1 5 3 10 8 19 22 12 -3 17 -2 -12 15 -6 16 25 20 27 29 26 -8 24 -4 -15 -7 -5 -1 -10 -27 -14 -22
right_child=2 4 6 7 13 21 14 -9 9 -11 11 -13 18 23 -16 -17 -18 -19 -20 -21 30 -23 -24 -25 -26 28 -28 -29 -30 -31 -32
leaf_value=-0.040921314249276461 -0.035938592271106233 -0.02082618344987576 -0.0052968793643007406 0.00026083375124091369 0.0017537165395781079 -0.029870716368343948 0.028576512740743871 0.057886487637511391 -0.022392587427480071 0.050224971953805798 -0.0088733798899341462 0.012027981580099245 0.014368494767174401 0.020693225011031307 0.066587937191157173 0.020465940150590015 0.054773117327982027 0.027241560287137652 0.042630462412086956 -0.024612303601687993 0.080453226364805189 0.033875441136841891 0.025314542461251879 0.050633717853484819 -0.010213480780700697 0.076141961027588162 0.015307749709109003 -0.001109155086582431 0.012287058078358859 0.035313594055851889 0.040846552498535624
leaf_count=17075 1031 5501 763 3985 1515 2636 4087 438 1302 307 5287 2692 2532 1342 344 2100 631 359 774 3466 154 133 594 312 2313 76 135 2458 214 617 791
internal_value=0 -0.401058 0.360264 0.187596 -0.03715 -0.662815 0.6854 0.361767 -0.20942 0.00381691 -0.0881508 -0.0221632 0.322412 0.344038 0.76355 0.193833 0.715777 -0.0818197 0.496723 -0.750045 0.654177 -0.367539 0.204013 0.563694 -0.407531 0.0635454 -0.806774 -0.162604 0.620815 0.392125 0.954976
internal_count=65964 38854 27110 19746 13096 25758 7364 10736 9927 4426 9010 7979 10298 3169 6007 6375 5663 4119 3923 20676 5032 5082 1357 1654 4949 4275 17210 3760 290 3149 945
shrinkage=0.05


Tree=14
num_leaves=32
num_cat=0
split_feature=5 0 5 0 0 0 5 6 1 5 6 5 0 1 4 4 3 5 6 6 0 6 5 4 6 5 0 6 4 0 4
split_gain=581.315 191.392 112.376 66.4823 52.4938 28.1227 26.9472 26.5759 27.164 25.0819 22.6115 22.0527 21.8348 21.4421 18.8685 18.597 17.8833 17.5555 17.4818 16.4059 14.9111 12.6844 11.4242 10.7487 11.5826 10.3288 13.1222 10.0702 9.55717 10.857 9.49095
threshold=2.2747549019607844 47.500000000000007 3.2268439108061755 44.500000000000007 55.500000000000007 35.500000000000007 1.6198591549295778 5.9500000000000011 1.5000000000000002 1.7542421627840092 6.4500000000000011 4.6700680272108857 30.500000000000004 1.5000000000000002 137.25000000000003 133.83333333333334 75.833333333333357 2.8289198606271779 5.4500000000000011 5.7500000000000009 59.500000000000007 6.6500000000000012 2.3107279693486595 121.25000000000001 5.7500000000000009 2.8289198606271779 61.500000000000007 7.0500000000000007 116.16666666666667 51.500000000000007 134.83333333333334
decision_type=10 2 10 2 2 2 8 10 2 8 10 10 2 2 10 10 10 10 10 10 2 10 10 10 8 10 2 10 10 2 10
left_child=1 6 3 12 9 -4 -1 8 14 21 16 15 -2 -11 25 19 -8 -14 -6 -7 27 -3 -9 -10 -25 26 28 -20 -5 -30 -23
right_child=2 4 5 7 18 11 10 22 23 13 -12 -13 17 -15 -16 -17 -18 -19 20 -21 -22 30 -24 24 -26 -27 -28 -29 29 -31 -32
leaf_value=-0.041315277665212827 -0.035115047750854556 -0.0223190339365784 -0.0015922929401385958 -0.012154690372694678 0.0020660021060495927 0.020475938368584978 -0.034216970408264158 0.096138870961597456 0.024202566816544507 -0.0039207957838173066 0.033305287714276946 0.063660604389917996 -0.0084971708887440871 0.044106886085033763 0.026489864707584888 0.043650735300676202 -0.01761451145714241 0.010458577398922251 0.0095646463900437573 0.040803493898924424 0.04740043678365824 -0.0017237918233157766 0.03185396477932944 0.043247370195737135 0.12750255125868368 0.015631185116856121 0.060015063291190655 0.061374439934122574 -0.0028316807895642972 0.018452803125518866 0.092881194226275901
leaf_count=11420 1023 5302 741 1573 1575 3668 8787 62 189 4189 187 383 5287 315 1507 1709 5364 2605 1010 1095 498 88 1429 111 67 2255 70 86 2176 1160 33
internal_value=0 -0.388412 0.337831 0.173675 -0.0354438 0.629822 -0.649359 0.33941 0.25898 -0.200935 -0.519867 0.680132 -0.0929811 0.000648244 0.215888 0.631011 -0.54695 -0.0308268 0.322772 0.522645 0.545005 -0.406406 0.698088 1.09654 1.60648 0.132474 0.0322766 0.303706 0.00184016 0.109685 0.628308
internal_count=65964 38854 27110 19514 13096 7596 25758 10599 9108 9927 14338 6855 8915 4504 8741 6472 14151 7892 3169 4763 1594 5423 1491 367 178 7234 4979 1096 4909 3336 121
shrinkage=0.05


Tree=15
num_leaves=32
num_cat=0
split_feature=5 0 5 0 1 2 5 6 9 0 0 0 0 6 4 2 5 7 0 5 0 6 2 4 4 6 2 0 4 2 4
split_gain=528.93 166.758 115.245 73.2698 40.3054 38.7467 32.6975 28.1532 28.1468 27.1598 23.7235 23.0812 21.7948 20.5364 15.5636 14.5864 14.5398 14.5211 14.0125 13.5862 11.5784 16.6591 11.7704 11.573 11.5067 11.3708 14.535 14.5806 10.9635 10.6269 10.6032
threshold=2.1637853949329364 49.500000000000007 2.9611613876319764 44.500000000000007 1.5000000000000002 25.350000000000005 3.7282196969696972 5.7500000000000009 1.0000000180025095e-35 38.500000000000007 60.500000000000007 44.500000000000007 34.500000000000007 5.4500000000000011 137.25000000000003 24.450000000000003 1.3554093567251466 1.0000000180025095e-35 45.500000000000007 1.803154495777447 48.500000000000007 6.3500000000000005 31.550000000000004 126.25000000000001 147.83333333333334 5.5500000000000007 21.550000000000004 43.500000000000007 132.83333333333334 30.650000000000002 137.25000000000003
decision_type=10 2 10 2 2 10 10 10 2 2 2 2 2 8 10 10 10 2 2 8 2 10 10 10 10 10 8 2 10 10 10
left_child=1 8 3 12 7 10 9 14 11 29 19 15 -2 -7 -5 -1 -13 25 -6 23 21 -8 28 -3 -12 30 27 -27 -23 -4 -11
right_child=2 5 6 4 18 13 20 -9 -10 17 24 16 -14 -15 -16 -17 -18 -19 -20 -21 -22 22 -24 -25 -26 26 -28 -29 -30 -31 -32
leaf_value=-0.041140626758969991 -0.033354041849149238 -0.024729744654185593 -0.016045019706327806 0.0010093573553694246 -0.019632033399212715 -0.012028323441537432 0.026852920766657507 0.026057913410316644 0.0095147978445479682 0.011361544578132911 0.038423400783705181 -0.039108104555170942 -0.0056761696265301741 0.037126638382612695 0.021153982418670825 -0.023686454058252288 -0.016738398603151985 0.049652974734561706 0.067506541816750032 0.001938641699743106 0.049357683729977897 0.12500899554256559 0.015582437372026718 -0.0045867408895709227 -0.030247568162186635 0.15280120276368553 0.025224954129842266 0.044165440703605667 0.035864725940010569 0.030206540403920731 0.033629919996539602
leaf_count=15466 1730 2808 1002 6329 57 354 2007 2141 632 3552 369 2082 6884 1013 1265 3073 5359 355 419 2391 928 63 48 2087 57 40 2520 153 40 180 560
internal_value=0 -0.413384 0.288793 0.0910477 0.271433 0.00579037 0.514838 0.218496 -0.629981 0.397547 -0.114718 -0.658191 -0.203714 0.518039 0.103186 -0.755755 -0.453152 0.458947 1.16795 -0.183 0.748619 0.621126 1.40593 -0.315309 0.56599 0.420256 0.567312 1.38367 1.8588 -0.151612 0.304101
internal_count=65964 35691 30273 18825 10211 9079 11448 9735 26612 8362 7712 25980 8614 1367 7594 18539 7441 7180 476 7286 3086 2158 151 4895 426 6825 2713 193 103 1182 4112
shrinkage=0.05


Tree=16
num_leaves=32
num_cat=0
split_feature=5 5 6 3 6 5 3 5 3 1 6 2 6 7 2 4 2 5 3 1 7 2 4 1 6 5 6 6 6 4 4
split_gain=481.531 101.485 88.6771 66.1985 43.0204 34.0603 25.5231 24.3012 23.0648 20.5704 18.0436 13.8861 13.5624 13.3125 14.0828 11.4551 11.296 10.4396 10.2769 10.226 9.61187 9.83385 12.95 9.29088 9.21024 9.2073 9.05078 8.80173 8.76157 10.0543 8.69714
threshold=2.1637853949329364 2.8289198606271779 5.8500000000000005 73.833333333333357 5.8500000000000005 3.7282196969696972 71.833333333333357 1.3652319902319905 92.583333333333357 1.5000000000000002 5.5500000000000007 23.750000000000004 9.3500000000000032 1.0000000180025095e-35 20.050000000000004 158.50000000000003 20.250000000000004 1.8105778191985091 82.833333333333357 1.5000000000000002 1.0000000180025095e-35 39.150000000000013 131.83333333333334 1.5000000000000002 5.8500000000000005 4.6700680272108857 9.7500000000000018 6.1500000000000012 5.9500000000000011 158.50000000000003 138.83333333333334
decision_type=10 10 10 8 10 10 10 8 10 2 10 10 8 2 8 10 10 10 8 2 2 8 10 2 8 10 8 10 8 10 10
left_child=2 4 3 17 6 8 -2 30 10 15 13 18 16 14 -3 20 -4 -1 -9 -12 21 -8 -23 -20 -10 28 -6 -18 29 -7 -5
right_child=1 5 12 7 26 25 9 11 24 -11 19 -13 -14 -15 -16 -17 27 -19 23 -21 -22 22 -24 -25 -26 -27 -28 -29 -30 -31 -32
leaf_value=-0.038748377537755473 -0.014551764093467102 0.051032997010405513 -0.023263942902688378 -0.033791607327180388 0.021387318728315879 0.022013780956670701 -0.0019237889921888665 -0.022510217439458347 0.02450742568735962 0.040538196413488853 0.021653776541186935 -0.0012097464414857926 0.08641623618453162 0.046047152464549719 0.0058894881168499204 0.040696225728601196 0.0015914493548251374 -0.025197988055897708 -0.0092309685451247413 0.062687123865229399 0.022770707642659496 -0.019359284011079263 0.13768511528546507 0.037361225363894759 0.05414633581913228 0.051933021388275269 0.082182769178303902 0.02494418006964472 0.041051356732306053 0.077980015397412492 -0.0083389973773746046
leaf_count=12543 4673 207 336 3692 1971 1620 8657 4687 471 416 3359 4567 54 178 5999 176 1032 4291 2564 137 453 31 27 183 384 426 48 982 993 47 760
internal_value=0 0.271673 -0.400653 -0.476593 0.0542151 0.450881 -0.0340646 -0.291639 0.352228 0.0680757 0.29918 -0.195429 0.24636 0.182715 0.149128 0.0282429 0.196981 -0.699115 -0.317824 0.470552 0.00619955 -0.0269493 1.38421 -0.115955 0.783564 0.694417 0.467762 0.288091 0.62469 0.489008 -0.579091
internal_count=65964 30273 35691 33287 16452 13821 14433 16453 10735 9760 9880 12001 2404 6384 6206 9344 2350 16834 7434 3496 9168 8715 58 2747 855 3086 2019 2014 2660 1667 4452
shrinkage=0.05


Tree=17
num_leaves=32
num_cat=0
split_feature=5 0 5 0 0 0 3 0 6 4 6 5 6 4 5 0 5 9 4 4 5 6 9 4 4 4 5 3 6 0 6
split_gain=438.388 156.9 89.4015 62.0955 34.88 30.6751 26.5414 21.6682 21.1857 17.6178 17.6053 17.5897 16.9736 15.0864 15.0395 14.7873 14.4736 13.975 13.1066 12.8908 12.1167 11.8902 11.3379 11.2334 13.0363 10.831 10.8033 10.8541 9.76409 9.13712 8.59469
threshold=2.1637853949329364 49.500000000000007 3.2268439108061755 47.500000000000007 57.500000000000007 38.500000000000007 73.833333333333357 35.500000000000007 6.3500000000000005 146.25000000000003 5.2500000000000009 1.4902903469079942 6.1500000000000012 121.25000000000001 4.1547008547008559 55.500000000000007 2.8153021442495132 1.0000000180025095e-35 130.83333333333334 133.83333333333334 2.5537087912087917 5.3500000000000005 1.0000000180025095e-35 124.16666666666667 122.25000000000001 149.83333333333334 1.3349358974358976 88.833333333333357 9.4500000000000011 45.500000000000007 5.7500000000000009
decision_type=10 2 10 2 2 2 10 2 10 10 8 8 10 10 10 2 10 2 10 10 10 8 2 10 10 10 10 10 10 2 10
left_child=1 6 3 5 12 20 17 -4 9 16 -6 -8 18 -5 19 25 -7 29 26 30 -2 -20 -12 24 -17 -15 -3 -28 -13 -1 -9
right_child=2 4 7 13 10 8 11 14 -10 -11 22 28 -14 15 -16 23 -18 -19 21 -21 -22 -23 -24 -25 -26 -27 27 -29 -30 -31 -32
leaf_value=-0.041655818127947358 -0.037962496560316535 -0.033859756664369363 -0.0030686546977142879 0.0066777892649136908 -0.018150939839123432 -0.0074831691247518655 -0.035173364727694056 0.014869758775498929 0.036411123169136035 0.029914059273369816 0.033253787470119291 -0.016850405469635232 0.022951529057668354 0.01253766301347436 0.0404173817319987 0.014130121812519769 0.0079750201162846965 0.026201388571572167 -0.019100637323075452 0.034577183765019177 -0.010707870992628338 0.01202464793003187 -0.012418550526046615 0.028179846410941546 0.095519395275472846 0.041044383065290839 -0.012336332905079985 0.047444748045098045 0.07164824616455287 -0.025370733583345823 0.030467828509622416
leaf_count=12327 1504 1204 741 3213 296 7042 4150 3238 368 468 1243 7572 494 3748 1180 70 2809 129 684 1496 1773 1548 146 1239 118 325 3359 105 23 2411 941
internal_value=0 -0.387923 0.255842 0.123405 0.0184407 -0.0519031 -0.606038 0.512818 0.034051 -0.00590514 0.423313 -0.447838 -0.120485 0.327378 0.554977 0.424727 -0.046168 -0.753542 -0.183594 0.481845 -0.433613 0.0578083 0.563006 0.669382 1.33738 0.309906 -0.313564 -0.202674 -0.322985 -0.771406 0.385116
internal_count=65964 35691 30273 22677 9079 13964 26612 7596 10687 10319 1685 11745 7394 8713 6855 5500 9851 14867 6900 5675 3277 2232 1389 1427 188 4073 4668 3464 7595 14738 4179
shrinkage=0.05


Tree=18
num_leaves=32
num_cat=0
split_feature=5 0 5 0 2 5 3 0 0 0 0 5 6 2 2 6 4 6 3 6 0 4 2 4 4 0 0 5 5 6 4
split_gain=399.108 148.113 79.5371 52.1368 31.379 26.6074 26.1333 24.1875 20.3029 20.1828 17.2847 17.0337 16.3961 12.9473 14.8432 12.6809 12.4858 12.367 12.1005 12.0172 12.0026 11.7211 11.1852 10.7112 10.3499 10.2787 10.0748 9.96542 11.9881 8.87173 8.78265
threshold=2.1637853949329364 49.500000000000007 2.8289198606271779 44.500000000000007 25.350000000000005 3.5341085271317834 73.833333333333357 55.500000000000007 34.500000000000007 54.500000000000007 39.500000000000007 1.4902903469079942 5.4500000000000011 22.550000000000004 34.750000000000007 7.3500000000000005 122.25000000000001 5.7500000000000009 99.166666666666671 7.4500000000000011 45.500000000000007 157.25000000000003 23.350000000000005 123.16666666666667 162.25000000000003 57.500000000000007 59.500000000000007 2.8672955974842771 3.042109929078014 9.4500000000000011 135.83333333333334
decision_type=10 2 10 2 10 10 10 2 2 2 2 8 8 8 10 10 10 10 10 10 2 10 10 10 10 2 2 10 10 10 10
left_child=1 6 3 8 9 10 15 17 -2 -3 30 -8 25 26 18 -1 -9 -5 -15 -11 24 -10 -19 -18 -7 -6 27 -12 -29 -13 -4
right_child=2 4 5 7 12 20 11 16 21 19 13 29 -14 14 -16 -17 23 22 -20 -21 -22 -23 -24 -25 -26 -27 -28 28 -30 -31 -32
leaf_value=-0.03762144992589965 -0.036402561248756578 -0.014135730910347442 -0.011073413733783375 0.0011964691753288308 -0.029440738163260538 0.018906817002600565 -0.034531194024603057 0.0072959218539448249 -0.0079923603681481461 0.0041679052125737715 0.068471821080823406 -0.016258352236849405 0.033127277330263653 0.011042884184973732 0.061070780874424219 0.059335138655853006 0.10275595949499727 0.041122645360502176 0.046815299207602176 0.075956744387751185 0.034960127117513021 0.054059695736262986 0.0095788239967085371 0.03223138141660107 0.083191882061861677 0.037559005324454144 0.085743986010377221 0.0014710452800708994 0.033622806271187515 0.066530467906109544 0.023687439652745473
leaf_count=14835 1515 4708 1415 5967 288 2364 4150 550 5902 2963 145 7572 1013 5835 122 32 42 422 169 41 2059 75 1033 946 33 66 53 514 853 23 259
internal_value=0 -0.375562 0.240942 0.047706 0.0173446 0.396232 -0.592351 0.207625 -0.227768 -0.0943311 0.286113 -0.43436 0.470474 0.339101 0.275722 -0.741788 0.535227 0.108766 0.250176 0.120605 0.561619 -0.133977 0.361872 0.721865 0.40931 -0.219625 0.606683 0.539278 0.448426 -0.31133 -0.082148
internal_count=65964 35691 30273 16452 9079 13821 26612 8960 7492 7712 9365 11745 1367 7691 6126 14867 1538 7422 6004 3004 4456 5977 1455 988 2397 354 1565 1512 1367 7595 1674
shrinkage=0.05


Tree=19
num_leaves=32
num_cat=0
split_feature=5 0 5 0 0 2 1 5 0 2 0 0 1 5 6 3 6 4 2 2 9 3 3 6 4 3 2 9 2 0 5
split_gain=363.408 142.167 70.14 47.1001 39.9855 28.1525 27.116 23.3776 23.245 21.6445 20.3783 19.3139 18.5539 16.2931 15.2948 14.1541 13.9305 12.6781 12.4589 12.1417 11.8334 11.3474 12.9428 10.9325 10.4051 10.4045 10.0428 12.8554 18.9147 9.89589 9.77466
threshold=2.1637853949329364 46.500000000000007 2.8289198606271779 44.500000000000007 57.500000000000007 23.250000000000004 1.5000000000000002 3.7282196969696972 55.500000000000007 24.450000000000003 38.500000000000007 34.500000000000007 1.5000000000000002 1.246986201888163 5.2500000000000009 92.583333333333357 7.4500000000000011 121.25000000000001 20.850000000000005 33.650000000000013 1.0000000180025095e-35 100.83333333333336 107.33333333333336 7.1500000000000012 157.25000000000003 86.833333333333357 22.550000000000004 1.0000000180025095e-35 28.450000000000003 59.500000000000007 1.5765971316818777
decision_type=10 2 10 2 2 10 2 10 2 10 2 2 2 10 8 10 10 10 8 10 2 10 10 10 10 10 8 2 8 2 8
left_child=1 9 3 11 5 12 8 10 23 -1 -4 -2 16 -14 -6 19 25 -8 -16 26 -20 -11 -23 -5 -13 -3 29 -28 -29 -12 -7
right_child=2 4 7 6 14 30 17 -9 -10 21 15 24 13 -15 18 -17 -18 -19 20 -21 -22 22 -24 -25 -26 -27 27 28 -30 -31 -32
leaf_value=-0.036204408194339267 -0.035782065149611755 -0.02661033485169664 -0.0067308490068177535 0.00091074784309153306 -0.017850539839595815 -0.011336579494237567 0.015705970378927472 0.02835116661437816 0.023635014768840112 -0.019154951593929166 0.021790418744726259 -0.0076478123764407019 -0.03755521344038798 0.025819320983144847 -0.0053636053881152479 0.033662668146194737 0.060507700699628589 0.069370091442926565 0.038324041930215699 0.055275564034599003 -0.012505923446846548 0.10218879964508026 -0.036654318464078239 0.038404437643133719 0.049769960713485988 -0.003442380826889926 0.0087652962060286894 0.051673651194091813 -0.011093073876738925 0.078285261450277324 0.0097372765759941877
leaf_count=18583 1515 5373 1525 6898 296 1282 218 3086 1465 3888 1646 5902 277 722 351 788 43 223 923 143 115 42 33 156 75 1006 6170 290 120 53 2757
internal_value=0 -0.363312 0.227171 0.0453173 -0.0648548 -0.17337 0.195896 0.371542 0.146976 -0.642159 0.290686 -0.21869 -0.343101 0.206602 0.380256 0.335971 -0.42797 0.934458 0.506559 0.291392 0.651778 -0.339666 0.98858 0.0461768 -0.127963 -0.451776 0.273297 0.218403 0.670217 0.496714 0.0757619
internal_count=65964 35691 30273 16452 13145 11460 8960 13821 8519 22546 10735 7492 7421 999 1685 9210 6422 441 1389 8422 1038 3963 75 7054 5977 6379 8279 6580 410 1699 4039
shrinkage=0.05


Tree=20
num_leaves=32
num_cat=0
split_feature=5 0 5 0 0 2 6 1 2 5 0 9 0 0 2 5 6 0 4 0 5 3 6 5 3 5 5 2 5 1 0
split_gain=331.248 146.175 52.6222 37.7228 32.8622 29.3112 25.2828 19.8993 23.1277 15.8207 15.2194 14.8122 13.9422 12.4498 12.4168 12.3891 12.4613 15.1697 12.2867 11.4258 11.1726 10.6363 10.5697 10.1156 9.60886 9.9968 9.16435 9.0125 9.11496 11.9535 8.89237
threshold=2.2747549019607844 47.500000000000007 3.3950428396572829 38.500000000000007 55.500000000000007 24.450000000000003 5.5500000000000007 1.5000000000000002 23.650000000000002 1.246986201888163 40.500000000000007 1.0000000180025095e-35 57.500000000000007 45.500000000000007 20.950000000000003 4.4826762246117093 6.1500000000000012 39.500000000000007 134.83333333333334 55.500000000000007 1.3554093567251466 102.83333333333336 5.2500000000000009 1.9256495301271424 74.833333333333357 1.6028404512489931 2.3656191369606003 19.550000000000004 2.7881701631701636 1.5000000000000002 30.500000000000004
decision_type=10 2 10 2 2 8 10 2 10 8 2 2 2 2 8 10 10 2 10 2 10 10 10 8 10 8 10 8 10 2 2
left_child=1 5 3 30 7 10 11 8 24 -9 -1 13 15 21 -6 16 17 -4 19 -8 -12 -5 -16 -7 -3 -26 -21 28 29 -15 -2
right_child=2 4 12 6 14 23 18 9 -10 -11 20 -13 -14 27 22 -17 -18 -19 -20 26 -22 -23 -24 -25 25 -27 -28 -29 -30 -31 -32
leaf_value=-0.041225399634159277 -0.032710813667639733 -0.030614214114115884 -0.0047628839274323105 -0.0053259500761011179 -0.0076825151157556837 -0.023887604177875072 0.0082524919113709915 -0.034730945039597824 0.0023303713204743102 0.030738053531871368 -0.040277741909035401 0.028652280826315255 0.049853365936881826 -0.022057545543083878 0.00052687336346731882 0.037324250058827758 0.037443407180962882 0.019170114536446535 0.027253906360526544 0.073131117513560967 -0.021763015454998487 0.065732174710620914 0.024563758381898837 -0.0038084947115774436 -0.02564823586277214 -0.0027833228698819312 0.022179188263038292 0.0064987304156558252 0.090714014942425605 0.095202052605991905 -0.0076601231096719152
leaf_count=10238 1107 2379 883 5407 820 2703 3986 231 2982 781 3154 503 270 101 767 622 443 3480 1745 78 7284 41 1582 2379 1680 1874 621 5751 52 21 1999
internal_value=0 -0.319006 0.236725 0.142109 -0.0161294 -0.574784 0.18928 -0.154433 -0.218468 0.383067 -0.671377 0.0844583 0.460805 0.0521591 0.258236 0.424474 0.367668 0.311269 0.341571 0.247103 -0.538913 -0.0864922 0.361628 -0.276283 -0.387731 -0.249486 0.563926 0.153707 0.907736 0.225602 -0.314469
internal_count=65964 38854 27110 21412 13096 25758 18306 9927 8915 1012 20676 11876 5698 11373 3169 5428 4806 4363 6430 4685 10438 5448 2349 5082 5933 3554 699 5925 174 122 3106
shrinkage=0.05


Tree=21
num_leaves=32
num_cat=0
split_feature=5 0 5 0 0 0 2 3 0 5 1 4 6 2 5 6 6 1 0 3 2 9 4 2 1 2 4 9 9 3 4
split_gain=302.517 128.049 56.7598 41.0494 33.0933 25.8272 24.3398 20.7887 18.8719 17.5602 16.006 15.1967 16.4382 14.1495 13.6318 12.8589 12.6833 11.7892 20.1765 11.5125 11.2606 10.9693 10.3599 10.2233 10.0523 11.9644 9.88389 9.41901 9.36168 9.10612 13.1365
threshold=2.1637853949329364 46.500000000000007 2.8289198606271779 38.500000000000007 57.500000000000007 55.500000000000007 23.250000000000004 74.833333333333357 35.500000000000007 3.5341085271317834 1.5000000000000002 147.25000000000003 6.3500000000000005 24.450000000000003 1.246986201888163 5.2500000000000009 7.4500000000000011 1.5000000000000002 46.500000000000007 92.583333333333357 19.250000000000004 1.0000000180025095e-35 122.25000000000001 33.850000000000001 1.5000000000000002 20.850000000000005 126.25000000000001 1.0000000180025095e-35 1.0000000180025095e-35 88.250000000000014 134.83333333333334
decision_type=10 2 10 2 2 2 10 10 2 10 2 10 10 8 10 8 10 2 2 10 8 2 10 10 2 8 10 2 2 8 10
left_child=1 7 3 -2 6 11 10 28 23 19 16 12 17 -9 -12 -6 26 21 -19 20 -10 -5 -7 -4 25 -17 -3 -27 -1 30 -22
right_child=2 4 8 5 15 22 -8 13 9 -11 14 -13 -14 -15 -16 24 -18 18 -20 -21 29 -23 -24 -25 -26 27 -28 -29 -30 -31 -32
leaf_value=-0.038369495136721464 -0.027673426270736764 -0.028535813860224798 -0.010708802153555462 -0.0055092423658997386 -0.017184261455127355 0.0046052853124049879 0.0034637063384514236 -0.028522885002699106 0.061483586820942154 0.024759329575834679 -0.036494671013006581 0.025350496279230295 0.026222229291715349 -0.0072157250621075995 0.022493571535118367 -0.013450429635999723 0.056742380300947685 -0.0087551708123876672 0.050007039081931132 0.029435522650530607 0.0089783904729639902 0.019903603566391818 0.030230001916369865 0.039641502895638142 0.068456035325396319 0.030691825974842154 -0.01069327043195383 -0.015105507139542904 0.023629022222616203 -0.0087924300632051776 0.027472016202361144
leaf_count=13943 2387 3995 1231 10281 296 550 4039 6156 101 4011 277 609 474 2343 722 313 43 457 253 710 6141 453 988 109 102 863 2384 111 104 488 1030
internal_value=0 -0.340148 0.202603 0.038654 -0.05941 0.0969327 -0.16032 -0.616024 0.330414 0.359309 -0.321837 0.0274266 -0.00772204 -0.429989 0.182591 0.339484 -0.403849 -0.044411 0.389574 0.268016 0.225559 -0.0788195 0.440387 -0.0978199 0.451478 0.371049 -0.427758 0.510061 -0.752093 0.210403 0.241821
internal_count=65964 35691 30273 16452 13145 14065 11460 22546 13821 12481 7421 12527 11918 8499 999 1685 6422 11444 710 8470 7760 10734 1538 1340 1389 1287 6379 974 14047 7659 7171
shrinkage=0.05


Tree=22
num_leaves=32
num_cat=0
split_feature=5 0 5 0 0 1 2 3 0 1 5 0 2 5 2 9 4 0 2 2 9 3 5 5 5 3 4 5 4 5 3
split_gain=275.491 121.234 50.4846 40.3004 29.7861 24.8169 22.4055 20.4627 15.5279 14.7822 14.6853 14.6647 13.4871 12.4423 11.3125 12.2035 10.7166 9.47096 9.26656 9.10509 8.91802 8.90196 8.70254 8.53916 8.49203 12.5474 8.13867 7.83789 7.67406 10.4653 7.50003
threshold=2.1637853949329364 46.500000000000007 2.9611613876319764 44.500000000000007 57.500000000000007 1.5000000000000002 23.250000000000004 74.833333333333357 34.500000000000007 1.5000000000000002 4.1547008547008559 42.500000000000007 24.450000000000003 1.246986201888163 25.350000000000005 1.0000000180025095e-35 137.25000000000003 45.500000000000007 30.950000000000003 32.350000000000001 1.0000000180025095e-35 86.833333333333357 1.5314477848101269 0.62643982523500608 1.6198591549295778 102.83333333333336 156.33333333333334 1.5765971316818777 133.83333333333334 2.7756861365235754 77.833333333333357
decision_type=10 2 10 2 2 2 10 10 2 2 10 2 8 10 8 2 10 2 10 10 2 10 8 10 8 8 8 10 10 10 10
left_child=1 7 3 8 6 16 9 20 -2 21 11 18 -9 -11 -6 27 -5 -7 -4 -20 -1 -3 23 -8 -14 -26 -25 -16 -10 -30 -31
right_child=2 4 10 5 14 17 22 12 28 13 -12 -13 24 -15 15 -17 -18 -19 19 -21 -22 -23 -24 26 25 -27 -28 -29 29 30 -32
leaf_value=-0.037811332655841821 -0.029732882684801145 -0.023393963597071452 0.0018091990410965472 0.004067949694049753 0.0087931493232595147 -0.02089744846344686 0.085513483527375866 -0.027839073290905843 -0.0084715248264998159 -0.035923010400437279 0.028495443936356776 0.017849306164919414 -0.027798485563384226 0.02098034857290404 0.086013850972393821 -0.025961422179300982 0.017400124381651273 0.048633927693474827 0.059726207630611199 0.0096132504691666815 0.022223523167274079 -0.0017643010460336882 0.0083884735265982238 -0.019195192117082815 -0.0024567259855736556 0.090292848184872154 0.059000355808709881 0.031840827447989654 -0.0017547240592251012 -0.038289845458769498 0.045003413557170441
leaf_count=13943 1730 5412 3239 7947 1407 57 21 6156 5523 277 1307 6512 732 722 75 45 1788 419 139 251 104 1010 2897 1087 1574 37 34 158 1100 29 232
internal_value=0 -0.328675 0.191219 0.0589758 -0.056748 0.185419 -0.153549 -0.602661 -0.167907 -0.310425 0.331279 0.284286 -0.416925 0.171521 0.318799 0.795826 0.143195 0.840299 0.101808 0.54805 -0.740616 -0.390854 0.0656274 -0.245647 -0.13806 0.0344994 -0.30617 1.02668 -0.0952847 0.144132 0.712788
internal_count=65964 35691 30273 18825 13145 10211 11460 22546 8614 7421 11448 10141 8499 999 1685 278 9735 476 3629 390 14047 6422 4039 1142 2343 1611 1121 233 6884 1361 261
shrinkage=0.05


Tree=23
num_leaves=32
num_cat=0
split_feature=6 0 4 2 2 6 0 0 9 2 2 0 7 4 3 2 6 0 3 0 3 4 3 4 3 9 6 2 2 0 4
split_gain=136.082 90.1495 35.826 30.993 30.9268 29.8077 19.9934 17.6344 16.7098 14.3101 14.2461 12.6162 12.2161 12.0032 11.9261 11.5298 11.0258 9.85337 9.40179 8.99255 16.1291 8.43255 8.25845 8.53715 7.89905 8.79701 7.83877 8.74199 15.1004 13.5242 7.30612
threshold=5.5500000000000007 40.500000000000007 132.83333333333334 29.050000000000004 23.850000000000005 5.9500000000000011 47.500000000000007 55.500000000000007 1.0000000180025095e-35 21.650000000000002 22.650000000000002 30.500000000000004 1.0000000180025095e-35 161.25000000000003 93.833333333333357 21.150000000000002 8.0500000000000025 30.500000000000004 80.833333333333357 53.500000000000007 82.833333333333357 121.25000000000001 97.166666666666671 135.83333333333334 94.833333333333357 1.0000000180025095e-35 5.3500000000000005 28.450000000000003 27.150000000000002 45.500000000000007 130.25000000000003
decision_type=10 2 8 10 10 10 2 2 2 8 10 2 2 10 10 10 10 2 10 2 10 10 10 10 10 2 8 10 8 2 10
left_child=1 4 3 6 11 7 9 8 13 -3 30 -1 -10 21 -7 -9 22 -6 -13 -5 -21 -2 23 -16 25 -19 -4 28 -28 -30 -8
right_child=5 2 26 19 17 14 10 15 12 -11 -12 18 -14 -15 16 -17 -18 24 -20 20 -22 -23 -24 -25 -26 -27 27 -29 29 -31 -32
leaf_value=-0.044578784705616145 -0.0066528583684080413 -0.023845288137226309 0.001364534214522197 0.022661907908496245 -0.026905479290145026 0.017688112810581899 -0.010681345571131297 -0.010299220267377555 0.11958652765095508 -0.0083962822279413235 0.00510169294253236 -0.029252237535167643 0.023657344028125457 0.052523866591118129 -0.008990533477434717 0.025804120163148921 0.084200001714996017 -0.0087877949449513479 -0.0044706009913765615 0.12950553041627055 -0.023470064217194376 0.0045791498777377568 0.013294771636869979 0.061394766200993815 0.031227044170284907 0.055584591073416595 0.012290811952501224 -0.005920563042469836 -0.0021657114782143018 0.065663846825493796 0.020525830686558003
leaf_count=3942 4478 5256 3046 551 1396 4696 5207 309 31 8612 4974 6245 423 86 37 1200 65 3535 988 38 20 5327 241 169 157 60 3720 510 123 232 290
internal_value=0 -0.133781 -0.031375 -0.113562 -0.446893 0.23648 -0.141101 0.122301 0.0554241 -0.258886 -0.0249178 -0.624805 0.637779 0.017008 0.406925 0.40923 0.780115 -0.195041 -0.50406 0.627165 1.65517 0.000466606 0.604469 0.991249 -0.0949058 -0.143282 0.174129 0.262296 0.32269 0.932534 -0.177017
internal_count=65964 48902 32579 24948 16323 17062 24339 11854 10345 13868 10471 11175 454 9891 5208 1509 512 5148 7233 609 58 9805 447 206 3752 3595 7631 4585 4075 355 5497
shrinkage=0.05


Tree=24
num_leaves=32
num_cat=0
split_feature=5 0 5 0 0 0 3 2 1 5 6 9 0 2 5 2 4 6 1 3 2 6 6 4 2 1 0 6 9 5 9
split_gain=243.536 109.11 44.1476 33.3206 25.8463 20.2639 19.5204 17.917 16.5073 14.6016 14.5215 16.3947 15.1465 14.3644 12.7051 12.4295 11.9785 12.2755 11.3251 10.8567 10.4453 10.0939 9.49773 8.70132 8.82191 8.64678 13.8618 9.29214 8.96888 8.4724 8.285
threshold=2.1637853949329364 46.500000000000007 2.8289198606271779 38.500000000000007 55.500000000000007 55.500000000000007 74.833333333333357 23.650000000000002 1.5000000000000002 4.1547008547008559 6.1500000000000012 1.0000000180025095e-35 35.500000000000007 22.550000000000004 1.246986201888163 24.450000000000003 149.83333333333334 5.9500000000000011 1.5000000000000002 96.583333333333357 24.750000000000004 5.8500000000000005 4.7500000000000009 116.16666666666667 23.950000000000003 1.5000000000000002 45.500000000000007 5.2500000000000009 1.0000000180025095e-35 2.8672955974842771 1.0000000180025095e-35
decision_type=10 2 10 2 2 2 10 10 2 10 10 2 2 8 10 8 10 10 2 10 8 10 8 10 10 2 2 10 2 10 2
left_child=1 6 3 -2 7 16 30 8 22 10 11 12 -4 29 -10 -8 17 19 -12 25 -13 -6 -3 24 -7 28 -27 -28 -5 -14 -1
right_child=2 4 9 5 21 23 15 -9 14 -11 18 20 13 -15 -16 -17 -18 -19 -20 -21 -22 -23 -24 -25 -26 26 27 -29 -30 -31 -32
leaf_value=-0.03690036548644017 -0.025961588937275067 0.054810130059358635 -0.012554430765653374 -0.0066581377187825532 0.0037640391223550534 -0.022905214366281748 -0.026883349274900149 0.0026561678264525228 -0.03829604114585021 0.026358514909306921 0.023359999049643868 0.063617040281041176 0.058093827206859898 0.0076817482995396582 0.022008407315279005 -0.0066201975937160819 0.024669522430255563 0.014724849777666416 0.087259425353678727 0.035604927000061265 0.02053730512939762 0.025468559716046085 -0.021461901078815862 0.024259208573042645 0.026962869483183435 -0.012388261547284708 0.07201096954697217 0.014843811594096363 0.018556257418163632 0.019478836586741766 0.020359393158581995
leaf_count=13943 2387 70 1177 9756 2288 222 6156 3141 260 1307 1002 140 160 7847 708 2343 470 1077 43 180 313 575 6103 1200 116 400 106 168 370 1832 104
internal_value=0 -0.31389 0.177509 0.0324607 -0.058697 0.0831153 -0.58223 -0.180758 -0.318366 0.288357 0.248724 0.209553 0.180118 0.211725 0.198244 -0.399645 0.0209707 -0.00704862 0.528124 -0.0545986 0.687494 0.199786 -0.409133 0.381972 -0.0652102 -0.0736576 0.305447 0.750036 -0.105115 0.452413 -0.721895
internal_count=65964 35691 30273 16452 13145 14065 22546 10282 7141 13821 12514 11469 11016 9839 968 8499 12527 12057 1045 10980 453 2863 6173 1538 338 10800 674 274 10126 1992 14047
shrinkage=0.05


end of trees

feature importances:
H25_age=185
H25_lhrate=143
H25_a1c=105
H25_bmi=99
H25_sbp=82
H25_dbp=77
H25_is_medicine=43
H25_sex=33
H25_ht=7
H25_dm=1

parameters:
[boosting: gbdt]
[objective: binary]
[metric: binary]
[tree_learner: serial]
[device_type: cpu]
[data: ]
[valid: ]
[num_iterations: 100]
[learning_rate: 0.05]
[num_leaves: 32]
[num_threads: 0]
[max_depth: -1]
[min_data_in_leaf: 20]
[min_sum_hessian_in_leaf: 1]
[bagging_fraction: 0.4]
[bagging_freq: 0]
[bagging_seed: 3]
[feature_fraction: 0.8]
[feature_fraction_seed: 2]
[early_stopping_round: 0]
[max_delta_step: 0]
[lambda_l1: 0]
[lambda_l2: 1]
[min_gain_to_split: 0]
[drop_rate: 0.1]
[max_drop: 50]
[skip_drop: 0.5]
[xgboost_dart_mode: 0]
[uniform_drop: 0]
[drop_seed: 4]
[top_rate: 0.2]
[other_rate: 0.1]
[min_data_per_group: 100]
[max_cat_threshold: 32]
[cat_l2: 10]
[cat_smooth: 10]
[max_cat_to_onehot: 4]
[top_k: 20]
[monotone_constraints: ]
[feature_contri: ]
[forcedsplits_filename: ]
[refit_decay_rate: 0.9]
[verbosity: 0]
[max_bin: 255]
[min_data_in_bin: 3]
[bin_construct_sample_cnt: 200000]
[histogram_pool_size: -1]
[data_random_seed: 1]
[output_model: LightGBM_model.txt]
[snapshot_freq: -1]
[input_model: ]
[output_result: LightGBM_predict_result.txt]
[initscore_filename: ]
[valid_data_initscores: ]
[pre_partition: 0]
[enable_bundle: 1]
[max_conflict_rate: 0]
[is_enable_sparse: 1]
[sparse_threshold: 0.8]
[use_missing: 1]
[zero_as_missing: 0]
[two_round: 0]
[save_binary: 0]
[enable_load_from_binary_file: 1]
[header: 0]
[label_column: ]
[weight_column: ]
[group_column: ]
[ignore_column: ]
[categorical_feature: ]
[predict_raw_score: 0]
[predict_leaf_index: 0]
[predict_contrib: 0]
[num_iteration_predict: -1]
[pred_early_stop: 0]
[pred_early_stop_freq: 10]
[pred_early_stop_margin: 10]
[convert_model_language: ]
[convert_model: gbdt_prediction.cpp]
[num_class: 1]
[is_unbalance: 0]
[scale_pos_weight: 1]
[sigmoid: 1]
[boost_from_average: 1]
[reg_sqrt: 0]
[alpha: 0.9]
[fair_c: 1]
[poisson_max_delta_step: 0.7]
[tweedie_variance_power: 1.5]
[max_position: 20]
[label_gain: ]
[metric_freq: 1]
[is_provide_training_metric: 0]
[eval_at: ]
[num_machines: 1]
[local_listen_port: 12400]
[time_out: 120]
[machine_list_filename: ]
[machines: ]
[gpu_platform_id: -1]
[gpu_device_id: -1]
[gpu_use_dp: 0]

end of parameters

pandas_categorical:[]
