tree
version=v2
num_class=1
num_tree_per_iteration=1
label_index=0
max_feature_idx=8
objective=binary sigmoid:1
feature_names=H25_age H25_sex H25_bmi H25_dbp H25_sbp H25_lhrate H25_a1c H25_dm H25_dl
feature_infos=[21:77] [1:2] [0:65.599999999999994] [0:145] [0:228] [0.097560975609756101:8.8461538461538485] [3:15.300000000000001] [0:1] [0:1]
tree_sizes=715 726 732 731 730 734 737 739 738 738 733 738 734 738 742 742 739 733 734 748 733 740 741 735 731 743 740 731 741 742 740 747 737 743 748 745 736 747 736 746 744 740 737 754 739 730 751 738 743 739 738 747 742 737 745 740 742 741 740 731 737 736 733 745 743 731 738 738 738 742 737 744 743 740 738 733 730 741 736 732 727 729 734 727 743 733 734 729 732 734 729 723 742 736 726 737 722 744 729 734

Tree=0
num_leaves=8
num_cat=0
split_feature=4 3 3 0 0 2 2
split_gain=1555.11 299.826 294.45 114.042 93.6746 52.7348 43.1078
threshold=142.16666666666671 100.83333333333336 85.833333333333357 47.500000000000007 60.500000000000007 34.050000000000004 26.950000000000003
decision_type=8 10 10 2 2 10 8
left_child=2 3 4 -2 5 -1 -4
right_child=1 -3 6 -5 -6 -7 -8
leaf_value=-4.4297070078449119 -4.3227508950517715 -3.8567851545342924 -4.3444921429270202 -4.1366599666793897 -4.3410137350545446 -4.2657455386612453 -4.2567653368268523
leaf_count=53529 1059 657 4887 2412 2596 331 1538
internal_value=0 5.3642 -0.358765 4.11038 -0.56974 -0.651694 1.47865
internal_count=67009 4128 62881 3471 56456 53860 6425
shrinkage=1


Tree=1
num_leaves=8
num_cat=0
split_feature=3 4 3 4 0 4 5
split_gain=1140.02 218.981 106.73 67.7835 65.7583 51.2044 46.6279
threshold=89.583333333333357 131.83333333333334 93.250000000000014 145.83333333333334 52.500000000000007 137.83333333333334 2.1404879385964919
decision_type=8 10 10 10 2 10 8
left_child=1 4 -2 -3 -1 -4 -7
right_child=2 3 5 -5 -6 6 -8
leaf_value=-0.040289537412101027 0.10802311436512071 0.026254510270117201 0.092378474405376859 0.13622528317505267 -0.0018320815362187497 0.17828931354843824 0.3199008450574532
leaf_count=39353 1915 9664 490 1022 12332 945 1288
internal_value=0 -0.36531 3.87602 0.792278 -0.620198 4.86204 5.33076
internal_count=67009 62371 4638 10686 51685 2723 2233
shrinkage=0.05


Tree=2
num_leaves=8
num_cat=0
split_feature=4 3 3 0 0 8 2
split_gain=899.654 185.333 84.1332 70.7531 49.6172 44.1377 31.4185
threshold=139.25000000000003 83.833333333333357 92.833333333333357 60.500000000000007 49.500000000000007 1.0000000180025095e-35 26.750000000000004
decision_type=8 10 10 2 2 2 10
left_child=1 3 4 6 -2 -3 -1
right_child=2 5 -4 -5 -6 -7 -8
leaf_value=-0.038311428851750713 0.031409562865572074 0.03043327021375665 0.19049979272691842 0.04360863718647727 0.13382077975701084 0.14592521192992847 0.00060207093613128448
leaf_count=45616 1439 7790 2271 2340 1918 629 5006
internal_value=0 -0.394531 2.83611 -0.610033 1.8801 0.808956 -0.688261
internal_count=67009 61381 5628 52962 3357 8419 50622
shrinkage=0.05


Tree=3
num_leaves=8
num_cat=0
split_feature=4 3 3 0 0 8 2
split_gain=738.299 127.25 106.989 60.1564 46.4597 37.9068 28.2186
threshold=137.83333333333334 83.833333333333357 92.833333333333357 60.500000000000007 49.500000000000007 1.0000000180025095e-35 27.650000000000002
decision_type=8 10 8 2 2 2 10
left_child=1 3 4 6 -2 -3 -1
right_child=2 5 -4 -5 -6 -7 -8
leaf_value=-0.037927199227267921 0.019093157243034703 0.020842297919565631 0.15468709104246881 0.037429347721233942 0.096533768436199194 0.1298232318723834 0.0062896722907365343
leaf_count=46334 2434 6741 2466 2236 2922 531 3345
internal_value=0 -0.44202 2.07712 -0.619979 1.30133 0.621026 -0.695768
internal_count=67009 59187 7822 51915 5356 7272 49679
shrinkage=0.05


Tree=4
num_leaves=8
num_cat=0
split_feature=3 0 4 4 2 2 6
split_gain=628.597 101.028 89.9056 56.7238 39.0707 31.2619 26.999
threshold=85.833333333333357 52.500000000000007 143.83333333333334 136.83333333333334 34.050000000000004 28.950000000000003 6.2500000000000009
decision_type=8 2 8 10 10 10 8
left_child=1 4 -2 5 -1 -3 -4
right_child=2 3 6 -5 -6 -7 -8
leaf_value=-0.037348468955388833 0.050433502655518603 -0.0065704854477660812 0.10262484752610612 0.084585494878074957 0.099860506466389012 0.10670746918870821 0.17720228238240321
leaf_count=42803 6647 12497 2285 1290 309 432 746
internal_value=0 -0.475078 1.6448 0.184658 -0.717044 -0.0359911 2.45323
internal_count=67009 57331 9678 14219 43112 12929 3031
shrinkage=0.05


Tree=5
num_leaves=8
num_cat=0
split_feature=3 0 3 4 6 2 0
split_gain=536.845 96.0087 71.1793 47.0203 40.8989 35.1028 32.075
threshold=85.833333333333357 52.500000000000007 93.250000000000014 136.83333333333334 6.1500000000000012 34.050000000000004 47.500000000000007
decision_type=8 2 10 10 10 10 2
left_child=1 5 4 -3 6 -1 -2
right_child=2 3 -4 -5 -6 -7 -8
leaf_value=-0.036838020539358189 -0.0055584443310004268 -0.0016911308532771723 0.10897206796910711 0.074354880346770333 0.13232574796855204 0.088310694833404216 0.054300007099229324
leaf_count=42803 2112 12929 2723 1290 638 309 4205
internal_value=0 -0.462258 1.44463 0.174409 0.931153 -0.706152 0.716019
internal_count=67009 57331 9678 14219 6955 43112 6317
shrinkage=0.05


Tree=6
num_leaves=8
num_cat=0
split_feature=4 3 0 7 2 4 8
split_gain=475.854 85.0007 70.2393 40.6671 34.5001 26.9222 26.6856
threshold=132.83333333333334 89.833333333333357 52.500000000000007 1.0000000180025095e-35 23.350000000000005 151.25000000000003 1.0000000180025095e-35
decision_type=8 8 2 2 10 10 2
left_child=2 3 6 5 -4 -2 -1
right_child=1 -3 4 -5 -6 -7 -8
leaf_value=-0.039210641391745536 0.018184888408079507 0.08894712186481929 -0.016516189844459829 0.16198069402563545 0.031541172453193586 0.10943061249347821 0.029411671057630474
leaf_count=39299 8839 3971 7937 274 5071 341 1277
internal_value=0 1.13892 -0.518711 0.602197 0.058412 0.485961 -0.735619
internal_count=67009 13425 53584 9454 13008 9180 40576
shrinkage=0.05


Tree=7
num_leaves=8
num_cat=0
split_feature=3 0 3 6 4 0 2
split_gain=419.568 74.812 55.3881 40.1276 32.3751 27.2073 24.9427
threshold=83.833333333333357 52.500000000000007 93.250000000000014 6.1500000000000012 131.83333333333334 47.500000000000007 26.450000000000003
decision_type=8 2 8 10 10 2 10
left_child=1 6 3 5 -3 -2 -1
right_child=2 4 -4 -5 -6 -7 -8
leaf_value=-0.041594909828073623 -0.0067917479233675429 -0.0073273305155714015 0.082428876665186335 0.10320428053447978 0.048952913589338419 0.039373812202685946 -0.0038378556990302602
leaf_count=36218 3255 11036 2741 902 2014 6116 4727
internal_value=0 -0.503086 1.03598 0.683006 0.0822988 0.50506 -0.735428
internal_count=67009 53995 13014 10273 13050 9371 40945
shrinkage=0.05


Tree=8
num_leaves=8
num_cat=0
split_feature=4 0 4 2 3 2 2
split_gain=377.666 61.4285 53.9563 30.4163 27.3194 32.4661 20.641
threshold=131.16666666666671 51.500000000000007 143.83333333333334 23.350000000000005 78.833333333333357 29.950000000000003 26.650000000000002
decision_type=8 2 8 10 10 8 8
left_child=1 6 4 -3 -2 -6 -1
right_child=2 3 -4 -5 5 -7 -8
leaf_value=-0.042488780697927914 -0.015977091993359817 -0.018705293441555342 0.069799690093574993 0.024350963633783956 0.027074818362683141 0.10655067051443044 -0.0055087787230297634
leaf_count=33497 2602 9056 3788 5613 7668 747 4038
internal_value=0 -0.520245 0.901109 -0.0225121 0.523257 0.715235 -0.758499
internal_count=67009 52204 14805 14669 11017 8415 37535
shrinkage=0.05


Tree=9
num_leaves=8
num_cat=0
split_feature=3 0 4 8 2 4 0
split_gain=337.799 58.9784 57.7926 30.945 23.751 23.1842 20.4851
threshold=81.583333333333357 60.500000000000007 137.83333333333334 1.0000000180025095e-35 24.150000000000002 116.16666666666667 46.500000000000007
decision_type=8 2 8 2 8 10 2
left_child=1 4 3 -2 -1 -3 -6
right_child=2 5 -4 -5 6 -7 -8
leaf_value=-0.038950719134405877 0.0070314534438804064 -0.016512538121472187 0.057302770021651322 0.085586039809421102 -0.034793683367699862 0.068812077049823589 0.004828671271262317
leaf_count=35177 9705 906 6304 746 6253 1323 6595
internal_value=0 -0.538636 0.777611 0.294781 -0.632864 0.745704 -0.269296
internal_count=67009 50254 16755 10451 48025 2229 12848
shrinkage=0.05


Tree=10
num_leaves=8
num_cat=0
split_feature=3 4 0 2 0 0 4
split_gain=303.524 59.9689 46.0298 37.4715 27.4706 19.7941 18.9568
threshold=79.833333333333357 137.83333333333334 52.500000000000007 32.95000000000001 53.500000000000007 61.500000000000007 168.33333333333334
decision_type=8 8 2 8 2 2 10
left_child=2 3 -1 4 -2 -4 -3
right_child=1 6 5 -5 -6 -7 -8
leaf_value=-0.039810871487032745 -0.0078168175749362117 0.045879610125071454 -0.012671148522262941 0.13012807923042499 0.033435660316009322 0.039657383936027052 0.10696116023303862
leaf_count=35598 9781 6529 8903 324 4190 1420 264
internal_value=0 0.635136 -0.590836 0.216565 0.129878 -0.0626896 1.00869
internal_count=67009 21088 45921 14295 13971 10323 6793
shrinkage=0.05


Tree=11
num_leaves=8
num_cat=0
split_feature=4 0 0 2 2 8 0
split_gain=275.467 54.873 37.435 26.6124 23.4383 23.3244 21.1652
threshold=130.83333333333334 51.500000000000007 46.500000000000007 23.350000000000005 24.250000000000004 1.0000000180025095e-35 60.500000000000007
decision_type=8 2 2 10 8 2 2
left_child=1 -1 5 -3 6 -2 -4
right_child=2 3 4 -5 -6 -7 -8
leaf_value=-0.037393649274021522 -0.00025386038801338381 -0.018638514878364276 0.018079186811539097 0.022341365556016089 0.058793817213932578 0.11194262624919687 0.073914577449985086
leaf_count=36773 4987 8835 4896 5377 5191 190 760
internal_value=0 -0.502441 0.680654 -0.0274949 0.878129 0.118404 0.554569
internal_count=67009 50985 16024 14212 10847 5177 5656
shrinkage=0.05


Tree=12
num_leaves=8
num_cat=0
split_feature=3 3 0 2 4 0 2
split_gain=255.138 45.4994 43.0382 35.5524 26.9811 22.227 17.7024
threshold=79.833333333333357 89.583333333333357 52.500000000000007 29.550000000000004 156.25000000000003 50.500000000000007 21.550000000000004
decision_type=8 8 2 8 8 2 10
left_child=2 3 -1 4 5 -2 -7
right_child=1 -3 -4 -5 -6 6 -8
leaf_value=-0.039017008254366825 -0.014266611743725555 0.047421802958566579 -0.003213081953816969 0.070007009180942881 0.12291922847389869 -0.018948542182968285 0.02869584657004684
leaf_count=35598 7945 4638 10323 1308 120 1609 5468
internal_value=0 0.554115 -0.569459 0.26689 0.132758 0.0774734 0.371372
internal_count=67009 21088 45921 16450 15142 15022 7077
shrinkage=0.05


Tree=13
num_leaves=8
num_cat=0
split_feature=3 0 2 3 0 4 0
split_gain=231.003 41.7256 38.112 26.3593 16.9995 16.6512 18.0802
threshold=79.833333333333357 52.500000000000007 25.250000000000004 85.833333333333357 61.500000000000007 168.83333333333334 43.500000000000007
decision_type=8 2 8 10 2 10 2
left_child=1 -1 3 -2 -3 6 -4
right_child=2 4 5 -5 -6 -7 -8
leaf_value=-0.038556951869100617 -0.0087810231162625957 -0.012176767739417817 0.00089632050607387935 0.025406410490089189 0.035459867431449042 0.11017412079233946 0.046449723881940241
leaf_count=35598 7700 8903 1433 5689 1420 129 6137
internal_value=0 -0.556866 0.513093 0.251758 -0.0612703 0.867109 0.788721
internal_count=67009 45921 21088 13389 10323 7699 7570
shrinkage=0.05


Tree=14
num_leaves=8
num_cat=0
split_feature=3 0 4 8 2 0 4
split_gain=209.425 40.4064 33.8841 27.6125 21.19 20.0971 15.4211
threshold=79.833333333333357 52.500000000000007 137.83333333333334 1.0000000180025095e-35 27.950000000000003 50.500000000000007 117.25000000000001
decision_type=8 2 8 2 8 2 10
left_child=1 -1 3 4 5 -2 -3
right_child=2 6 -4 -5 -6 -7 -8
leaf_value=-0.038085677713658089 -0.02576931727788391 -0.021053088553772262 0.036544026422540947 0.064507139889614984 0.041333927601802815 0.011361900844930332 0.014735380345119925
leaf_count=35598 6264 5513 6793 1015 1673 5343 4810
internal_value=0 -0.544226 0.475987 0.161477 0.0332926 -0.120646 -0.0583647
internal_count=67009 45921 21088 14295 13280 11607 10323
shrinkage=0.05


Tree=15
num_leaves=8
num_cat=0
split_feature=4 0 0 2 2 8 2
split_gain=190.378 47.2597 24.6492 21.7629 18.2653 22.6896 17.9172
threshold=130.83333333333334 51.500000000000007 47.500000000000007 23.350000000000005 26.650000000000002 1.0000000180025095e-35 26.550000000000004
decision_type=8 2 2 10 8 2 8
left_child=1 4 6 -3 -1 -6 -2
right_child=2 3 -4 -5 5 -7 -8
leaf_value=-0.040654292603740982 -0.011821224801055968 -0.017578484075035049 0.033924348495704373 0.019297387100786295 -0.01664594179329856 0.10175572080063222 0.02950644753416734
leaf_count=32902 3981 8835 10141 5377 3576 295 1902
internal_value=0 -0.458486 0.516165 -0.0274602 -0.711444 -0.0521951 0.107437
internal_count=67009 50985 16024 14212 36773 3871 5883
shrinkage=0.05


Tree=16
num_leaves=8
num_cat=0
split_feature=3 0 3 7 0 2 0
split_gain=176.689 37.5407 27.8038 28.4425 15.2525 18.7368 14.793
threshold=79.833333333333357 52.500000000000007 89.583333333333357 1.0000000180025095e-35 54.500000000000007 27.450000000000003 61.500000000000007
decision_type=8 2 8 2 2 8 2
left_child=1 -1 3 4 -2 -6 -3
right_child=2 6 -4 -5 5 -7 -8
leaf_value=-0.037197613458729982 -0.0027355941643609515 -0.011670845798977572 0.035185024394595782 0.089888912418184613 0.013358642584888808 0.080274847310994768 0.032137873818835934
leaf_count=35598 11953 8903 4638 412 3617 468 1420
internal_value=0 -0.521969 0.418727 0.195958 0.12392 0.480861 -0.0586797
internal_count=67009 45921 21088 16450 16038 4085 10323
shrinkage=0.05


Tree=17
num_leaves=8
num_cat=0
split_feature=3 0 2 3 4 0 3
split_gain=161.364 39.014 27.8428 21.3026 18.6754 14.6097 12.2093
threshold=78.833333333333357 60.500000000000007 25.150000000000002 85.833333333333357 117.25000000000001 51.500000000000007 92.833333333333357
decision_type=8 2 8 10 10 2 10
left_child=1 5 3 -2 -3 -1 -4
right_child=2 4 6 -5 -6 -7 -8
leaf_value=-0.039010809452959087 -0.010237672142319847 -0.01711854626638255 0.022744805805807292 0.019075962431090804 0.0622124051395824 -0.015133189880891114 0.048253334048881574
leaf_count=32633 8936 903 7039 5592 902 9565 1439
internal_value=0 -0.533262 0.373809 0.154975 0.568236 -0.636904 0.647748
internal_count=67009 44003 23006 14528 1805 42198 8478
shrinkage=0.05


Tree=18
num_leaves=8
num_cat=0
split_feature=3 0 2 0 4 0 3
split_gain=147.117 37.1254 23.8174 20.4591 15.2746 17.047 12.2249
threshold=78.833333333333357 52.500000000000007 25.150000000000002 47.500000000000007 117.25000000000001 60.500000000000007 85.833333333333357
decision_type=8 2 8 2 10 2 10
left_child=1 -1 3 -2 -3 -6 -5
right_child=2 4 -4 6 5 -7 -8
leaf_value=-0.037851777168515795 -0.01715418929061556 -0.02078113029518644 0.02987680657853338 -0.001399092460874713 -0.0028588180655042639 0.055953117179667257 0.024478987006972933
leaf_count=34321 4921 5396 8478 5573 3384 902 4034
internal_value=0 -0.520623 0.349053 0.146115 -0.0441255 0.32485 0.304765
internal_count=67009 44003 23006 14528 9682 4286 9607
shrinkage=0.05


Tree=19
num_leaves=8
num_cat=0
split_feature=4 0 2 2 8 0 8
split_gain=134.229 40.6706 19.5708 17.9773 19.069 17.4399 16.6541
threshold=130.83333333333334 51.500000000000007 21.150000000000002 26.650000000000002 1.0000000180025095e-35 46.500000000000007 1.0000000180025095e-35
decision_type=8 2 8 8 2 2 2
left_child=1 3 -3 -1 -5 6 -2
right_child=5 2 -4 4 -6 -7 -8
leaf_value=-0.039263091582376175 -0.0039478892084058755 -0.02983975589300036 0.0093791498445664617 -0.014588094016895717 0.090952363345622123 0.025906775347262337 0.082327106465326261
leaf_count=32902 4987 4426 9786 3576 295 10847 190
internal_value=0 -0.41573 -0.0236783 -0.673605 -0.00999329 0.401857 0.0273343
internal_count=67009 50985 14212 36773 3871 16024 5177
shrinkage=0.05


Tree=20
num_leaves=8
num_cat=0
split_feature=3 0 2 0 3 4 0
split_gain=125.22 34.545 20.1237 23.1421 14.127 13.3755 14.3183
threshold=78.833333333333357 52.500000000000007 26.950000000000003 47.500000000000007 93.833333333333357 117.25000000000001 60.500000000000007
decision_type=8 2 8 2 10 10 2
left_child=1 -1 3 4 -2 -3 -7
right_child=2 5 -4 -5 -6 6 -8
leaf_value=-0.036969064796340191 -0.026321876891958352 -0.019999244903908767 0.031414805707401787 0.016205749129876695 0.019966200548429451 -0.0030984536394606617 0.0496830792487922
leaf_count=34321 5711 5396 4916 11902 477 3384 902
internal_value=0 -0.498377 0.310332 0.179641 -0.28079 -0.0436548 0.293494
internal_count=67009 44003 23006 18090 6188 9682 4286
shrinkage=0.05


Tree=21
num_leaves=8
num_cat=0
split_feature=3 0 3 6 8 0 2
split_gain=114.292 33.2726 18.6473 20.9507 14.088 16.9629 15.8567
threshold=78.833333333333357 52.500000000000007 100.83333333333336 6.3500000000000005 1.0000000180025095e-35 44.500000000000007 30.350000000000005
decision_type=8 2 10 10 2 2 8
left_child=1 -1 3 4 5 -2 -7
right_child=2 -3 -4 -5 -6 6 -8
leaf_value=-0.03646412842642785 -0.019371488704225937 -0.002081052452479647 0.041728061659835808 0.045286750146441679 0.037735663022356841 0.0062085761975828541 0.050371598173970279
leaf_count=34321 4557 9682 723 1335 1341 14384 666
internal_value=0 -0.485746 0.290532 0.220447 0.150335 0.091679 0.188221
internal_count=67009 44003 23006 22283 20948 19607 15050
shrinkage=0.05


Tree=22
num_leaves=8
num_cat=0
split_feature=4 0 2 2 8 4 0
split_gain=104.563 35.4978 17.4665 17.3634 15.7918 12.8602 12.9422
threshold=130.83333333333334 51.500000000000007 21.150000000000002 26.650000000000002 1.0000000180025095e-35 168.33333333333334 37.500000000000007
decision_type=8 2 8 8 2 10 2
left_child=1 3 -3 -1 -5 6 -2
right_child=5 2 -4 4 -6 -7 -8
leaf_value=-0.03810746268832383 -0.031100562876436495 -0.029047909710487686 0.0084342251217297392 -0.013174111051162197 0.079864134232214667 0.054743925853144484 0.016571272093077346
leaf_count=32902 994 4426 9786 3576 295 265 14765
internal_value=0 -0.385132 -0.0256073 -0.643271 0.012247 0.338234 0.29657
internal_count=67009 50985 14212 36773 3871 16024 15759
shrinkage=0.05


Tree=23
num_leaves=8
num_cat=0
split_feature=3 0 2 3 0 6 2
split_gain=97.3768 24.7848 19.8983 17.6112 13.9814 12.2903 20.978
threshold=76.583333333333357 52.500000000000007 25.250000000000004 83.833333333333357 61.500000000000007 6.2500000000000009 29.050000000000004
decision_type=8 2 8 10 2 10 10
left_child=1 -1 3 4 -2 6 -3
right_child=2 5 -4 -5 -6 -7 -8
leaf_value=-0.036912851295080783 -0.021395580212811988 -0.015211001265743077 0.022521323115576634 0.01138799347527686 0.036415965596584415 0.051973590620965293 0.11197524837582309
leaf_count=31278 9614 7587 9426 7858 538 557 151
internal_value=0 -0.510927 0.234356 0.0638014 -0.28895 -0.0895388 -0.205746
internal_count=67009 39573 27436 18010 10152 8295 7738
shrinkage=0.05


Tree=24
num_leaves=8
num_cat=0
split_feature=3 0 3 0 0 2 6
split_gain=89.1916 24.0192 17.9806 21.3772 20.884 18.9099 14.8406
threshold=76.583333333333357 52.500000000000007 87.833333333333357 61.500000000000007 62.500000000000007 26.750000000000004 5.4500000000000011
decision_type=8 2 8 2 2 8 8
left_child=1 -1 3 5 6 -2 -5
right_child=2 -3 -4 4 -6 -7 -8
leaf_value=-0.036408915479759218 -0.01126020868680664 -0.0042148358039996994 0.019865081534494861 -0.0027526773039122342 0.012310723246048799 0.019940265272326275 0.14933301905385352
leaf_count=31278 15779 8295 6936 92 672 3730 227
internal_value=0 -0.498035 0.220226 0.0342661 0.922706 -0.0554229 2.21047
internal_count=67009 39573 27436 20500 991 19509 319
shrinkage=0.05


Tree=25
num_leaves=8
num_cat=0
split_feature=4 0 2 3 0 8 2
split_gain=81.8867 20.3271 17.8297 17.2589 15.8432 12.8761 12.2155
threshold=123.83333333333336 53.500000000000007 28.150000000000002 93.833333333333357 51.500000000000007 1.0000000180025095e-35 34.150000000000013
decision_type=8 2 10 10 2 2 10
left_child=2 3 4 5 -1 6 -2
right_child=1 -3 -4 -5 -6 -7 -8
leaf_value=-0.038113677039522509 -0.011701884684180406 0.022095844819336637 0.027580776810841558 0.019402027846726698 -0.011616695280870431 0.031995305457597274 0.0500432573623876
leaf_count=27667 16831 8204 1516 1734 9787 970 300
internal_value=0 0.210294 -0.47918 0.0497168 -0.546815 -0.107236 -0.184061
internal_count=67009 28039 38970 19835 37454 18101 17131
shrinkage=0.05


Tree=26
num_leaves=8
num_cat=0
split_feature=3 0 2 6 2 3 5
split_gain=76.5481 22.5986 15.4606 11.8795 11.8333 11.1196 13.559
threshold=76.583333333333357 50.500000000000007 23.350000000000005 5.6500000000000012 24.150000000000002 86.833333333333357 1.683438818565401
decision_type=8 2 8 10 10 10 8
left_child=1 -1 5 4 -3 -2 -7
right_child=2 3 -4 -5 -6 6 -8
leaf_value=-0.037336173172431639 -0.013861804791864427 -0.029588807901305237 0.015871054023780359 0.016479201826103122 0.017860541728039022 -0.012605740117575049 0.025673865930907716
leaf_count=28164 8997 6520 15622 3381 1508 1152 1665
internal_value=0 -0.475624 0.197988 -0.130094 -0.367532 -0.0348975 0.20638
internal_count=67009 39573 27436 11409 8028 11814 2817
shrinkage=0.05


Tree=27
num_leaves=8
num_cat=0
split_feature=3 0 6 2 0 0 0
split_gain=70.3213 20.1236 15.9735 14.8467 13.1619 17.7056 12.207
threshold=75.833333333333357 51.500000000000007 10.950000000000001 23.350000000000005 60.500000000000007 62.500000000000007 61.500000000000007
decision_type=8 2 10 8 2 2 2
left_child=1 -1 3 4 -2 6 -6
right_child=2 -3 -4 -5 5 -7 -8
leaf_value=-0.036854168493454728 -0.0080874506953459227 -0.0060434878730994037 0.12873458565358634 0.014045747595010875 0.013558775592626774 -0.0093214518664005968 0.11198106335050606
leaf_count=28241 12083 9067 58 16581 251 498 230
internal_value=0 -0.48663 0.177208 0.165344 -0.0579279 0.581459 1.40106
internal_count=67009 37308 29701 29643 13062 979 481
shrinkage=0.05


Tree=28
num_leaves=8
num_cat=0
split_feature=4 0 2 0 3 8 2
split_gain=65.9729 16.8781 16.171 14.516 13.9817 10.9092 10.4257
threshold=123.83333333333336 53.500000000000007 28.150000000000002 51.500000000000007 93.833333333333357 1.0000000180025095e-35 34.150000000000013
decision_type=8 2 10 2 10 2 10
left_child=2 4 3 -1 5 6 -2
right_child=1 -3 -4 -5 -6 -7 -8
leaf_value=-0.036894559915909605 -0.011419285360224594 0.019383962392006515 0.026102242917293114 -0.010893886520768977 0.01661317460739397 0.028123730093990995 0.044036688380339348
leaf_count=27667 16831 8204 1516 9787 1734 970 300
internal_value=0 0.18136 -0.447862 -0.516925 0.0349167 -0.10804 -0.180544
internal_count=67009 28039 38970 37454 19835 18101 17131
shrinkage=0.05


Tree=29
num_leaves=8
num_cat=0
split_feature=4 0 2 6 3 4 2
split_gain=60.7131 22.7517 17.8541 13.1619 12.8749 10.6894 11.0317
threshold=117.25000000000001 46.500000000000007 26.750000000000004 6.3500000000000005 101.83333333333336 135.83333333333334 21.550000000000004
decision_type=8 2 8 10 10 8 10
left_child=-1 2 4 5 -2 6 -3
right_child=1 3 -4 -5 -6 -7 -8
leaf_value=-0.028532248268977097 -0.028865592796343958 -0.022878613156809165 0.011127436194763814 0.036064679088753299 0.037095699901706886 0.015710476054075887 0.0063160616992653899
leaf_count=28216 11593 4322 3174 1633 96 6422 11553
internal_value=0 0.12913 -0.20358 0.235415 -0.470619 0.179251 -0.00160522
internal_count=67009 38793 14863 23930 11689 22297 15875
shrinkage=0.05


Tree=30
num_leaves=8
num_cat=0
split_feature=3 0 6 3 2 0 2
split_gain=56.3744 18.9051 13.2316 12.3293 14.7944 15.1578 11.5615
threshold=75.833333333333357 50.500000000000007 10.950000000000001 100.83333333333336 29.950000000000003 48.500000000000007 29.050000000000004
decision_type=8 2 10 10 8 2 10
left_child=1 -1 3 4 5 -2 -3
right_child=2 6 -4 -5 -6 -7 -8
leaf_value=-0.036500832290776601 -0.012692534657006139 -0.010138628021120212 0.11149121421028725 0.027638924214223395 0.027425088659970377 0.007224782403165363 0.067475845362734085
leaf_count=26719 11681 10347 58 722 1983 15257 242
internal_value=0 -0.453808 0.152425 0.141323 0.0899217 0.0279957 -0.122566
internal_count=67009 37308 29701 29643 28921 26938 10589
shrinkage=0.05


Tree=31
num_leaves=8
num_cat=0
split_feature=4 0 8 3 2 6 0
split_gain=52.9391 19.0159 16.3118 13.7386 11.5001 10.7696 9.92054
threshold=117.25000000000001 46.500000000000007 1.0000000180025095e-35 93.833333333333357 26.750000000000004 6.3500000000000005 61.500000000000007
decision_type=8 2 2 10 10 10 2
left_child=-1 2 3 4 -2 6 -3
right_child=1 5 -4 -5 -6 -7 -8
leaf_value=-0.027435932964746959 -0.034426424763236929 0.0053248919827505858 0.052161829050075881 0.011902188937811461 0.00055619482348738362 0.032075494211504817 0.028627490996183225
leaf_count=28216 11112 20704 445 652 2654 1633 1593
internal_value=0 0.117166 -0.190824 -0.275491 -0.459401 0.212283 0.161146
internal_count=67009 38793 14863 14418 13766 23930 22297
shrinkage=0.05


Tree=32
num_leaves=8
num_cat=0
split_feature=4 0 2 3 2 0 0
split_gain=48.9065 17.0779 14.5916 10.8798 10.1876 16.1079 25.244
threshold=117.25000000000001 46.500000000000007 26.750000000000004 93.833333333333357 23.850000000000005 60.500000000000007 62.500000000000007
decision_type=8 2 8 10 8 2 2
left_child=-1 2 3 -2 5 -3 -7
right_child=1 4 -4 -5 -6 6 -8
leaf_value=-0.026803179008071706 -0.030889981744085762 -0.0050408283912817299 0.0095777253115066248 0.011061261262249674 0.016070130379649768 0.070956277041293259 -0.00811302650113809
leaf_count=28216 11320 11362 3174 369 11201 663 704
internal_value=0 0.110744 -0.183243 -0.438142 0.199789 0.032119 0.60325
internal_count=67009 38793 14863 11689 23930 12729 1367
shrinkage=0.05


Tree=33
num_leaves=8
num_cat=0
split_feature=3 0 4 2 0 8 5
split_gain=45.8225 14.7969 11.8589 19.0637 14.2785 14.682 9.49217
threshold=73.833333333333357 56.500000000000007 137.83333333333334 32.95000000000001 61.500000000000007 1.0000000180025095e-35 3.2435728411338176
decision_type=8 2 8 10 2 2 8
left_child=1 -1 3 4 5 -2 -7
right_child=2 -3 -4 -5 -6 6 -8
leaf_value=-0.031076142177728527 -0.011110723856073859 0.0055050990372489143 0.012562894613928635 0.064020449094858475 0.032452776979875357 0.040177435594231953 -0.028468655890007313
leaf_count=29780 23658 3041 7522 373 1076 1243 316
internal_value=0 -0.469882 0.119094 -0.0243036 -0.0726307 -0.140171 0.524784
internal_count=67009 32821 34188 26666 26293 25217 1559
shrinkage=0.05


Tree=34
num_leaves=8
num_cat=0
split_feature=4 0 8 3 2 4 2
split_gain=42.4314 14.8489 13.9568 11.4249 10.1209 9.37463 10.4822
threshold=117.25000000000001 46.500000000000007 1.0000000180025095e-35 93.833333333333357 26.750000000000004 156.25000000000003 20.750000000000004
decision_type=8 2 2 10 10 8 8
left_child=-1 2 3 4 -2 6 -3
right_child=1 5 -4 -5 -6 -7 -8
leaf_value=-0.025673074233815586 -0.033181705611569162 -0.014851460532014497 0.046667132030097203 0.0099660810836105073 -7.2159806897520424e-05 0.027972637754420715 0.0093295377967664451
leaf_count=28216 11112 3671 445 652 2654 732 19527
internal_value=0 0.100242 -0.175989 -0.258224 -0.434278 0.181988 0.132597
internal_count=67009 38793 14863 14418 13766 23930 23198
shrinkage=0.05


Tree=35
num_leaves=8
num_cat=0
split_feature=3 0 6 0 4 8 1
split_gain=39.4127 14.0368 10.6253 10.3316 11.1959 12.8907 9.43474
threshold=73.833333333333357 56.500000000000007 10.950000000000001 53.500000000000007 132.83333333333334 1.0000000180025095e-35 1.5000000000000002
decision_type=8 2 10 2 10 2 2
left_child=1 -1 3 4 5 -2 -3
right_child=2 6 -4 -5 -6 -7 -8
leaf_value=-0.030067068314435827 -0.018578471513948813 0.027263861649995277 0.093241272041034051 0.012318108663471283 0.0056350070053965201 0.033135398497952877 -0.024416031545605427
leaf_count=29780 15022 1775 64 10023 8270 809 1266
internal_value=0 -0.447141 0.107613 0.0978623 -0.0128214 -0.259265 0.116524
internal_count=67009 32821 34188 34124 24101 15831 3041
shrinkage=0.05


Tree=36
num_leaves=8
num_cat=0
split_feature=4 0 2 4 3 5 2
split_gain=36.8155 12.5953 13.181 10.6211 9.6607 14.3801 9.57357
threshold=117.25000000000001 47.500000000000007 26.750000000000004 136.83333333333334 114.50000000000001 2.5913729128014844 24.650000000000002
decision_type=8 2 8 10 8 8 10
left_child=6 2 3 -2 -3 -6 -1
right_child=1 4 -4 -5 5 -7 -8
leaf_value=-0.030976872175161069 -0.032473948222427773 0.0077775250677883743 0.0093213576343928357 0.0003178347785802083 -0.0074695534587374494 0.13511449621542077 0.0039211972525010482
leaf_count=24173 11235 22053 3549 1897 33 26 4043
internal_value=0 0.090948 -0.141812 -0.373675 0.172684 1.34966 -0.490984
internal_count=67009 38793 16681 13132 22112 59 28216
shrinkage=0.05


Tree=37
num_leaves=8
num_cat=0
split_feature=4 0 4 6 2 2 7
split_gain=33.9764 11.8422 12.3859 20.4083 9.11161 8.71912 8.0849
threshold=117.25000000000001 53.500000000000007 132.83333333333334 6.8500000000000005 24.650000000000002 21.550000000000004 1.0000000180025095e-35
decision_type=8 2 10 10 10 8 2
left_child=4 2 3 -2 6 -3 -1
right_child=1 5 -4 -5 -6 -7 -8
leaf_value=-0.032120619954163453 -0.018179087248354323 -0.0061292817794215571 0.0051015805203354419 0.07342721243328576 0.0037188677970296023 0.016168870778512517 0.069486642139618124
leaf_count=24007 19018 2572 8904 326 4043 7973 166
internal_value=0 0.0861494 -0.030137 -0.277358 -0.478366 0.239599 -0.607482
internal_count=67009 38793 28248 19344 28216 10545 24173
shrinkage=0.05


Tree=38
num_leaves=8
num_cat=0
split_feature=3 0 6 2 0 0 5
split_gain=31.6048 13.0452 11.0677 8.60582 8.80099 11.2407 9.02322
threshold=73.833333333333357 56.500000000000007 11.950000000000001 23.350000000000005 60.500000000000007 62.500000000000007 1.1004587155963306
decision_type=8 2 10 8 2 2 8
left_child=1 -1 3 4 -2 -6 -7
right_child=2 -3 -4 -5 5 6 -8
leaf_value=-0.028598501276125229 -0.0083768106275315807 0.0063948088757651515 0.12179446237596965 0.0083776074471495921 0.047288241394797113 0.086725629942258714 -0.021841986042383185
leaf_count=29780 14457 3041 23 18590 558 43 517
internal_value=0 -0.414428 0.093224 0.0856775 -0.0791178 0.386816 -0.192929
internal_count=67009 32821 34188 34165 15575 1118 560
shrinkage=0.05


Tree=39
num_leaves=8
num_cat=0
split_feature=3 4 8 0 4 2 0
split_gain=29.5505 11.5696 19.0466 9.88102 7.65151 7.27721 6.73296
threshold=68.833333333333357 131.16666666666671 1.0000000180025095e-35 50.500000000000007 125.25000000000001 27.750000000000004 60.500000000000007
decision_type=8 8 2 2 10 10 2
left_child=6 2 3 -2 -4 -5 -1
right_child=1 -3 4 5 -6 -7 -8
leaf_value=-0.031744431950958711 -0.022937142083201061 0.0079197633698581769 0.008485221923572768 -0.005808002311454865 0.064166911051851822 0.030335072328303056 0.011984111178155676
leaf_count=20799 18488 14475 1151 10116 536 749 695
internal_value=0 0.0656171 -0.112608 -0.208795 0.706899 -0.025003 -0.541802
internal_count=67009 45515 31040 29353 1687 10865 21494
shrinkage=0.05


Tree=40
num_leaves=8
num_cat=0
split_feature=4 6 0 4 6 2 2
split_gain=27.3894 10.1003 10.5313 10.1998 12.2699 8.70242 8.00801
threshold=117.25000000000001 12.050000000000002 53.500000000000007 132.83333333333334 6.8500000000000005 24.650000000000002 31.050000000000004
decision_type=8 10 2 10 10 10 8
left_child=5 2 3 4 -2 -1 -4
right_child=1 -3 6 -5 -6 -7 -8
leaf_value=-0.028909431563469652 -0.017102673043469196 0.11285616091302453 0.0086009177876972733 0.0037573656464370852 0.052425385568722942 0.0048949739193487225 0.046879602039158585
leaf_count=24173 19018 23 10254 8895 318 4043 285
internal_value=0 0.0748841 0.0678613 -0.0425317 -0.271715 -0.444883 0.210566
internal_count=67009 38793 38770 28231 19336 28216 10539
shrinkage=0.05


Tree=41
num_leaves=8
num_cat=0
split_feature=3 4 2 0 0 6 2
split_gain=25.8914 9.65518 15.2903 12.1941 9.39668 9.20935 8.89632
threshold=68.833333333333357 145.16666666666671 29.950000000000003 47.500000000000007 40.500000000000007 8.8500000000000032 20.850000000000005
decision_type=8 10 8 2 2 8 10
left_child=-1 2 3 -2 -4 -3 -5
right_child=1 5 4 6 -6 -7 -8
leaf_value=-0.026001357228301547 -0.018181325305392289 0.0077936456356551683 -0.034940519287891644 -0.019469464886563242 0.031292460557280931 0.038286223759536324 0.0041772095087688
leaf_count=21494 17385 2692 326 4492 1901 437 18282
internal_value=0 0.0600555 -0.0146849 -0.075563 0.486574 0.244146 0.0191705
internal_count=67009 45515 42386 40159 2227 3129 22774
shrinkage=0.05


Tree=42
num_leaves=8
num_cat=0
split_feature=3 6 2 0 5 3 5
split_gain=23.9509 9.2705 9.04788 10.4493 12.6696 9.92283 12.6979
threshold=68.833333333333357 12.050000000000002 23.350000000000005 60.500000000000007 1.4806443556443558 86.833333333333357 1.6681957186544345
decision_type=8 10 8 2 8 10 8
left_child=-1 2 3 5 -5 -2 -7
right_child=1 -3 -4 4 -6 6 -8
leaf_value=-0.025368760488454004 -0.019357703640314722 0.10503112592456892 0.0066299358111492944 0.066454228925452871 0.0016021344741181274 -0.02026742712848564 0.01831533888513041
leaf_count=21494 18703 23 22796 354 1068 1051 1520
internal_value=0 0.0568261 0.0503015 -0.106087 0.364241 -0.197048 0.0583486
internal_count=67009 45515 45492 22696 1422 21274 2571
shrinkage=0.05


Tree=43
num_leaves=8
num_cat=0
split_feature=4 0 8 2 3 2 7
split_gain=22.1716 8.65315 10.9143 8.09385 8.04239 8.32391 7.72908
threshold=117.25000000000001 46.500000000000007 1.0000000180025095e-35 24.650000000000002 93.833333333333357 26.750000000000004 1.0000000180025095e-35
decision_type=8 2 2 10 10 10 2
left_child=3 2 4 6 5 -2 -1
right_child=1 -3 -4 -5 -6 -7 -8
leaf_value=-0.029413532327839054 -0.030951510367119052 0.0062353511029915945 0.039624089093511394 0.0054960043527614924 0.0070310275242576664 -0.0002861252474144337 0.069953698501739894
leaf_count=24007 11112 23930 445 4043 652 2654 166
internal_value=0 0.0654503 -0.150819 -0.413029 -0.229095 -0.38914 -0.548855
internal_count=67009 38793 14863 28216 14418 13766 24173
shrinkage=0.05


Tree=44
num_leaves=8
num_cat=0
split_feature=3 6 4 0 8 2 5
split_gain=20.8867 8.30667 8.24695 8.88519 13.9486 10.8569 10.3825
threshold=68.833333333333357 12.050000000000002 168.33333333333334 44.500000000000007 1.0000000180025095e-35 34.550000000000004 2.8841681574239719
decision_type=8 10 10 2 2 8 8
left_child=-1 2 3 4 -2 -5 -6
right_child=1 -3 -4 5 6 -7 -8
leaf_value=-0.024257922839320975 -0.017733341833972346 0.096977570135300908 0.029216616789162334 0.0023237966527609576 0.10039645742275696 0.041312255110246485 -0.014849580109143171
leaf_count=21494 12300 23 265 32136 178 484 129
internal_value=0 0.0519255 0.0456232 0.0238522 -0.251121 0.0714122 1.05709
internal_count=67009 45515 45492 45227 12607 32620 307
shrinkage=0.05


Tree=45
num_leaves=8
num_cat=0
split_feature=3 2 6 0 8 0 5
split_gain=19.321 7.72604 8.00461 7.39818 11.334 8.83564 13.4545
threshold=68.833333333333357 20.750000000000004 12.050000000000002 44.500000000000007 1.0000000180025095e-35 42.500000000000007 2.8841681574239719
decision_type=8 8 10 2 2 2 8
left_child=-1 -2 3 4 -3 -6 -7
right_child=1 2 -4 -5 5 6 -8
leaf_value=-0.02362732934264028 -0.012501379649630696 -0.014356785559290632 0.097083370876660316 0.0061833539793718691 -0.023228103334495889 0.13993721812810767 -0.017050542518394527
leaf_count=21494 8595 9530 22 27074 104 110 80
internal_value=0 0.0494936 0.0858792 0.078914 -0.182764 0.96398 1.67468
internal_count=67009 45515 36920 36898 9824 294 190
shrinkage=0.05


Tree=46
num_leaves=8
num_cat=0
split_feature=4 2 0 4 5 0 7
split_gain=18.194 7.58232 7.34549 7.57028 7.40905 7.38473 7.24441
threshold=117.25000000000001 24.650000000000002 53.500000000000007 155.16666666666671 1.9708013640238706 34.500000000000007 1.0000000180025095e-35
decision_type=8 10 2 10 10 2 2
left_child=1 6 3 4 -2 -6 -1
right_child=2 -3 -4 -5 5 -7 -8
leaf_value=-0.028149628796259554 -0.014870951197563135 0.0060923204101035648 0.008744255435254325 0.016751357428904691 -0.044889760972019695 0.0027476924041368424 0.066837351931591654
leaf_count=24007 12137 4043 10545 617 1055 14439 166
internal_value=0 -0.384093 0.0581128 -0.0346608 -0.0885688 0.0185249 -0.52188
internal_count=67009 28216 38793 28248 27631 15494 24173
shrinkage=0.05


Tree=47
num_leaves=8
num_cat=0
split_feature=3 4 2 0 6 3 0
split_gain=16.8205 7.0623 12.2105 8.94567 7.92272 7.76402 7.44176
threshold=68.833333333333357 145.16666666666671 29.950000000000003 47.500000000000007 8.8500000000000032 77.833333333333357 40.500000000000007
decision_type=8 10 8 2 8 10 2
left_child=-1 2 3 -2 5 -3 -4
right_child=1 4 6 -5 -6 -7 -8
leaf_value=-0.022531169726418082 -0.016489877171040675 0.080860219786155763 -0.033794000291289115 0.00019764914108809422 0.033554935445021167 0.004450981284579522 0.026613881929268331
leaf_count=21494 17385 78 326 22774 437 2614 1901
internal_value=0 0.0452659 -0.0191603 -0.0747166 0.199743 0.118444 0.418061
internal_count=67009 45515 42386 40159 3129 2692 2227
shrinkage=0.05


Tree=48
num_leaves=8
num_cat=0
split_feature=4 2 0 6 4 4 0
split_gain=15.6502 7.12123 6.89704 6.79857 8.13738 7.44363 7.35322
threshold=117.25000000000001 24.650000000000002 56.500000000000007 8.5500000000000025 142.83333333333334 168.33333333333334 61.500000000000007
decision_type=8 10 2 10 10 10 2
left_child=1 2 -1 5 -5 6 -2
right_child=3 -3 -4 4 -6 -7 -8
leaf_value=-0.032440894440827296 -0.00095112130648627015 0.0062949866786534449 0.0034402029587072358 0.00097801397865353757 0.082688621100581061 0.027274692557949776 0.016634134219362755
leaf_count=21856 36475 4043 2317 225 54 261 1778
internal_value=0 -0.363058 -0.501411 0.0528886 0.79042 0.0392727 0.0172594
internal_count=67009 28216 24173 38793 279 38514 38253
shrinkage=0.05


Tree=49
num_leaves=8
num_cat=0
split_feature=3 0 2 6 0 8 0
split_gain=14.6768 6.94601 6.50385 6.9087 5.84653 10.0596 7.6816
threshold=68.833333333333357 55.500000000000007 20.750000000000004 12.050000000000002 44.500000000000007 1.0000000180025095e-35 42.500000000000007
decision_type=8 2 8 10 2 2 2
left_child=1 -1 -2 4 5 -4 -7
right_child=2 -3 3 -5 -6 6 -8
leaf_value=-0.030231887436187599 -0.011808870643536322 0.0054532428143230297 -0.013494579539118319 0.087381557734212967 0.0053399001797028185 -0.02297378095219467 0.076018878492307762
leaf_count=19316 8595 2178 9530 22 27074 104 190
internal_value=0 -0.429475 0.0415618 0.0744081 0.0678106 -0.167581 0.891318
internal_count=67009 21494 45515 36920 36898 9824 294
shrinkage=0.05


Tree=50
num_leaves=8
num_cat=0
split_feature=4 8 0 2 1 5 4
split_gain=13.9595 15.806 13.4248 6.60556 6.06808 6.70739 5.87822
threshold=131.16666666666671 1.0000000180025095e-35 50.500000000000007 27.750000000000004 1.5000000000000002 3.601724137931035 125.25000000000001
decision_type=8 2 2 10 2 8 10
left_child=1 2 -1 -4 5 6 -3
right_child=-2 4 3 -5 -6 -7 -8
leaf_value=-0.024851186826407856 0.0051756512799497256 0.018629935418098636 -0.0063243553106683767 0.025202095888670596 -0.019519548461818068 -0.026421548068724394 0.072568439000093174
leaf_count=34219 14805 1063 14823 878 566 234 421
internal_value=0 -0.170777 -0.24683 -0.0493325 0.5125 0.722297 0.920172
internal_count=67009 52204 49920 15701 2284 1718 1484
shrinkage=0.05


Tree=51
num_leaves=8
num_cat=0
split_feature=3 0 3 6 8 0 5
split_gain=12.7985 6.48777 5.85521 8.53595 7.80414 8.21956 7.0001
threshold=68.833333333333357 60.500000000000007 100.83333333333336 6.4500000000000011 1.0000000180025095e-35 45.500000000000007 1.2085622710622712
decision_type=8 2 10 10 2 2 8
left_child=1 -1 3 4 5 -2 -6
right_child=2 -3 -4 -5 6 -7 -8
leaf_value=-0.02605021157132419 -0.016742524441875749 0.019344168613645872 0.015139263239714937 0.018415367821711236 0.082259659046815425 -0.00047748210567149737 0.011078865699955698
leaf_count=20799 14295 695 723 1834 124 26299 2240
internal_value=0 -0.408789 0.0381316 0.00708211 -0.0298519 -0.0686092 0.315977
internal_count=67009 21494 45515 44792 42958 40594 2364
shrinkage=0.05


Tree=52
num_leaves=8
num_cat=0
split_feature=4 8 0 2 0 3 2
split_gain=11.96 13.4831 12.2349 6.93201 7.80749 5.42556 5.41868
threshold=131.16666666666671 1.0000000180025095e-35 49.500000000000007 21.150000000000002 60.500000000000007 92.833333333333357 28.750000000000004
decision_type=8 2 2 10 2 10 8
left_child=1 2 5 -4 -5 -1 -6
right_child=-2 -3 3 4 6 -7 -8
leaf_value=-0.026182208114711992 0.0047477940723766139 0.022952417182328957 -0.022303116333544398 -0.0038868879891857978 0.017282219756935245 0.050336294644606233 0.087558434975526733
leaf_count=32317 14805 2284 5819 10291 1343 82 68
internal_value=0 -0.159675 -0.2323 -0.0563462 0.0539939 -0.493247 0.521601
internal_count=67009 52204 49920 17521 11702 32399 1411
shrinkage=0.05


Tree=53
num_leaves=8
num_cat=0
split_feature=3 0 6 2 0 5 0
split_gain=11.1186 6.09329 5.63571 5.50956 7.543 10.6827 7.35109
threshold=68.833333333333357 55.500000000000007 12.050000000000002 23.350000000000005 60.500000000000007 1.4806443556443558 62.500000000000007
decision_type=8 2 10 8 2 8 2
left_child=1 -1 3 4 -2 -6 -7
right_child=2 -3 -4 -5 5 6 -8
leaf_value=-0.028289278905242451 -0.0087685784879552552 0.0055328960063050353 0.073851743190470887 0.0045920398320493201 0.056956964310941931 0.02297050875979062 -0.02448315131676242
leaf_count=19316 21274 2178 23 22796 354 534 534
internal_value=0 -0.388017 0.0350758 0.0295611 -0.0944034 0.29313 -0.00982263
internal_count=67009 21494 45515 45492 22696 1422 1068
shrinkage=0.05


Tree=54
num_leaves=8
num_cat=0
split_feature=4 8 0 2 0 1 5
split_gain=10.3571 11.9721 11.1902 6.33325 6.73996 5.09341 5.63833
threshold=131.16666666666671 1.0000000180025095e-35 49.500000000000007 21.150000000000002 60.500000000000007 1.5000000000000002 3.601724137931035
decision_type=8 2 2 10 2 2 8
left_child=1 2 -1 -4 -5 6 -3
right_child=-2 5 3 4 -6 -7 -8
leaf_value=-0.023767719504065213 0.004390150446358698 0.038947896259431562 -0.021567365686173359 -0.0036487644731908299 0.023909371143211608 -0.019850998321836146 -0.026578997141489716
leaf_count=32399 14805 1484 5819 10291 1411 566 234
internal_value=0 -0.149776 -0.219949 -0.0528858 0.0513173 0.425673 0.608188
internal_count=67009 52204 49920 17521 11702 2284 1718
shrinkage=0.05


Tree=55
num_leaves=8
num_cat=0
split_feature=3 0 2 4 4 0 2
split_gain=9.65556 5.63253 5.45543 7.94634 5.16925 5.76384 6.61282
threshold=68.833333333333357 50.500000000000007 26.050000000000004 110.33333333333336 168.33333333333334 37.500000000000007 20.350000000000005
decision_type=8 2 10 10 10 2 8
left_child=1 -1 -3 -4 5 -2 -7
right_child=4 2 3 -5 -6 6 -8
leaf_value=-0.031870107869426935 -0.02502772635399611 -0.010699379468019828 0.12217794860741334 -0.0079597822112826497 0.022110569295648981 -0.015279421748659148 0.0030048882090712571
leaf_count=16179 3533 4977 124 214 265 6117 35600
internal_value=0 -0.36796 -0.0489038 0.968505 0.0321003 0.0144684 0.0307085
internal_count=67009 21494 5315 338 45515 45250 41717
shrinkage=0.05


Tree=56
num_leaves=8
num_cat=0
split_feature=4 2 0 6 4 4 0
split_gain=9.04854 6.27475 6.07658 5.02774 6.91586 5.34447 5.69133
threshold=117.25000000000001 22.550000000000004 49.500000000000007 8.5500000000000025 142.83333333333334 168.33333333333334 37.500000000000007
decision_type=8 10 2 10 10 10 2
left_child=1 -1 -3 5 -5 6 -2
right_child=3 2 -4 4 -6 -7 -8
leaf_value=-0.026204909038608438 -0.025936218313331906 -0.022464017334540478 0.015352188874389517 -0.0018804235562185651 0.070437851616374433 0.022160988976468496 0.0011990509932652586
leaf_count=18603 3492 6152 3461 225 54 261 34761
internal_value=0 -0.29253 -0.0041548 0.0382721 0.650633 0.0262856 0.00728789
internal_count=67009 28216 9613 38793 279 38514 38253
shrinkage=0.05


Tree=57
num_leaves=8
num_cat=0
split_feature=4 8 0 2 3 6 2
split_gain=8.37505 10.4438 9.7806 5.13814 7.42738 11.6535 4.5948
threshold=131.16666666666671 1.0000000180025095e-35 50.500000000000007 29.250000000000004 72.166666666666671 5.4500000000000011 28.050000000000004
decision_type=8 2 2 10 8 10 10
left_child=1 2 6 -4 -5 -6 -1
right_child=-2 -3 3 4 5 -7 -8
leaf_value=-0.025864494187871789 0.0039014161791000031 0.01970964646870978 -0.004496030176211697 0.097711986408891074 0.077930145328398884 -0.035821021919065575 0.0041136631262456173
leaf_count=32301 14805 2284 15297 109 96 199 1918
internal_value=0 -0.136375 -0.203834 -0.0392903 0.622998 0.0975095 -0.435035
internal_count=67009 52204 49920 15701 404 295 34219
shrinkage=0.05


Tree=58
num_leaves=8
num_cat=0
split_feature=2 0 4 6 0 3 2
split_gain=8.09314 6.7917 5.89135 5.29803 4.57677 8.29393 8.57251
threshold=20.350000000000005 37.500000000000007 159.25000000000003 12.050000000000002 60.500000000000007 87.833333333333357 34.050000000000004
decision_type=8 2 10 10 2 10 10
left_child=2 -2 -1 4 5 6 -3
right_child=1 3 -4 -5 -6 -7 -8
leaf_value=-0.019165094131993351 -0.024456773010234936 -0.0065887451526421715 0.034229118430021993 0.07225781155448055 0.012395555599511556 0.0068633786274413192 0.039830370303304358
leaf_count=14983 5243 37853 65 22 2902 5642 299
internal_value=0 0.0323392 -0.309564 0.0507783 0.045127 0.0118613 -0.101143
internal_count=67009 51961 15048 46718 46696 43794 38152
shrinkage=0.05


Tree=59
num_leaves=8
num_cat=0
split_feature=3 0 3 6 3 5 2
split_gain=7.49171 5.20902 4.60773 4.47201 4.39188 9.23334 4.66945
threshold=68.833333333333357 64.500000000000014 62.833333333333336 12.050000000000002 114.50000000000001 2.4774423337856177 34.550000000000004
decision_type=8 2 10 10 10 10 8
left_child=1 -1 -3 4 6 -6 -2
right_child=3 2 -4 -5 5 -7 -8
leaf_value=-0.020067446842918363 -0.00018444127204535313 0.090313715171387032 -0.013543280240263862 0.063328705234520416 -0.019447716154768327 0.070395610057269201 0.020597589987012072
leaf_count=21290 44678 88 116 23 40 41 733
internal_value=0 -0.333286 0.814862 0.0277691 0.0227059 0.648955 0.012888
internal_count=67009 21494 204 45515 45492 81 45411
shrinkage=0.05


Tree=60
num_leaves=8
num_cat=0
split_feature=2 0 3 8 2 5 4
split_gain=7.23086 6.32141 8.15557 5.43362 7.74124 6.33433 5.38178
threshold=20.350000000000005 44.500000000000007 80.833333333333357 1.0000000180025095e-35 31.950000000000003 2.8841681574239719 159.25000000000003
decision_type=8 2 10 2 8 8 10
left_child=6 2 -2 -4 5 -5 -1
right_child=1 -3 3 4 -6 -7 -8
leaf_value=-0.018415443136181372 -0.028679594545036369 0.0034684765683291995 -0.0043389929434218292 0.10901071246603181 -0.035741720801020858 -0.0015313732493106883 0.032136962813398992
leaf_count=14983 12910 35650 3267 67 21 46 65
internal_value=0 0.0305976 -0.200378 0.0147066 0.823074 1.41551 -0.295464
internal_count=67009 51961 16311 3401 134 113 15048
shrinkage=0.05


Tree=61
num_leaves=8
num_cat=0
split_feature=2 0 4 6 0 0 2
split_gain=6.61262 5.89455 4.93283 4.39476 4.04325 9.27674 7.17847
threshold=20.350000000000005 37.500000000000007 159.25000000000003 12.050000000000002 61.500000000000007 62.500000000000007 24.350000000000005
decision_type=8 2 10 10 2 2 10
left_child=2 -2 -1 4 -3 6 -6
right_child=1 3 -4 -5 5 -7 -8
leaf_value=-0.017823748278657913 -0.023350689943312231 0.00068102787063251125 0.030130126658704716 0.06400192613366272 0.061503720380085669 2.3615282447332077e-05 0.008094702252295435
leaf_count=14983 5243 44572 65 22 402 1445 277
internal_value=0 0.0290436 -0.284814 0.0458327 0.0405578 0.261113 0.741576
internal_count=67009 51961 15048 46718 46696 2124 679
shrinkage=0.05


Tree=62
num_leaves=8
num_cat=0
split_feature=4 2 6 6 2 3 2
split_gain=6.37682 5.72308 6.87367 3.91423 6.70911 4.35439 6.60985
threshold=117.25000000000001 29.250000000000004 6.0500000000000007 8.5500000000000025 27.650000000000002 100.83333333333336 29.150000000000002
decision_type=8 10 8 10 10 10 10
left_child=1 -1 -3 5 -5 -2 -7
right_child=3 2 -4 4 -6 6 -8
leaf_value=-0.015292936881192621 -0.0003800877217566322 0.091445151854025131 -0.02935989534769002 0.060743533672277784 -0.0081638452816008133 0.0195218113998093 -0.016859444114322442
leaf_count=27798 37801 260 158 160 119 588 125
internal_value=0 -0.252612 0.897155 0.0317999 0.560111 0.0210319 0.245436
internal_count=67009 28216 418 38793 279 38514 713
shrinkage=0.05


Tree=63
num_leaves=8
num_cat=0
split_feature=2 3 5 3 5 6 0
split_gain=6.14299 9.21275 12.6868 12.7243 11.9995 9.60414 9.82375
threshold=24.050000000000004 83.833333333333357 0.93364779874213844 69.833333333333357 1.2372007688275382 5.4500000000000011 52.500000000000007
decision_type=8 10 8 10 8 10 2
left_child=1 2 3 -1 -3 -4 -7
right_child=-2 4 5 -5 -6 6 -8
leaf_value=-0.035702608368956876 0.0038531215266543206 -0.029794765181039073 -0.027067486816347398 0.089632360216836654 0.0081924854474227319 -0.029597382558557636 0.011155115543236281
leaf_count=1074 22688 870 24572 829 5161 7471 4344
internal_value=0 -0.102179 -0.271246 0.949712 0.0590898 -0.332709 -0.0401326
internal_count=67009 44321 38290 1903 6031 36387 11815
shrinkage=0.05


Tree=64
num_leaves=8
num_cat=0
split_feature=0 3 2 5 2 0 0
split_gain=5.72027 8.17478 5.99072 5.56827 5.11873 7.66404 11.1151
threshold=44.500000000000007 82.833333333333357 31.150000000000002 3.0259784075573548 23.950000000000003 60.500000000000007 62.500000000000007
decision_type=2 10 10 8 8 2 2
left_child=1 2 -1 -4 5 -2 -7
right_child=4 -3 3 -5 -6 6 -8
leaf_value=-0.029751728270312375 -0.0074080212753365269 0.0020872102062599557 0.067502018778762204 -0.031627378749597361 0.0055144253504955422 0.034659878665352604 -0.009573447069133675
leaf_count=19431 25907 2843 239 178 16254 1073 1084
internal_value=0 -0.207944 -0.495188 0.573448 0.0347844 -0.0670314 0.264208
internal_count=67009 22691 19848 417 44318 28064 2157
shrinkage=0.05


Tree=65
num_leaves=8
num_cat=0
split_feature=2 0 4 6 6 3 5
split_gain=5.35169 5.08608 4.30387 3.92379 3.80717 3.6262 9.2923
threshold=20.350000000000005 37.500000000000007 159.25000000000003 5.6500000000000012 12.050000000000002 114.50000000000001 2.6141604010025068
decision_type=8 2 10 10 10 10 10
left_child=2 3 -1 -2 5 -3 -7
right_child=1 4 -4 -5 -6 6 -8
leaf_value=-0.016557290354733075 -0.030612334021759353 0.0013427839895347369 0.02776310231567149 0.026025094174706553 0.058360457233231168 -0.015518808969180438 0.075777451508317356
leaf_count=14983 4908 46622 65 335 22 43 31
internal_value=0 0.0257725 -0.260812 -0.444545 0.0410227 0.0360352 0.616796
internal_count=67009 51961 15048 5243 46718 46696 74
shrinkage=0.05


Tree=66
num_leaves=8
num_cat=0
split_feature=0 3 2 3 7 2 6
split_gain=5.22954 10.2598 7.26435 5.78178 5.63421 6.24077 5.94616
threshold=49.500000000000007 75.833333333333357 43.550000000000004 114.50000000000001 1.0000000180025095e-35 22.250000000000004 5.9500000000000011
decision_type=2 10 8 8 2 10 8
left_child=1 -1 -3 4 -2 -6 -7
right_child=3 2 -4 -5 5 6 -8
leaf_value=-0.024831696651148212 0.0011302467704519524 -0.0017991793938061653 0.075097729100751826 0.050121870850845698 0.086285070566524194 0.096334919187255674 0.0063912842097096486
leaf_count=25461 25868 14837 60 42 148 35 558
internal_value=0 -0.111898 -0.0142753 0.0598385 0.0475839 0.500297 0.289226
internal_count=67009 40358 14897 26651 26609 741 593
shrinkage=0.05


Tree=67
num_leaves=8
num_cat=0
split_feature=2 0 5 5 6 4 6
split_gain=4.79665 4.54828 4.26792 5.4944 3.79373 3.77095 3.43184
threshold=20.350000000000005 37.500000000000007 1.9849615558570786 2.060303030303031 5.6500000000000012 159.25000000000003 12.050000000000002
decision_type=8 2 8 8 10 10 10
left_child=2 5 4 -4 -1 -2 -3
right_child=1 6 3 -5 -6 -7 -8
leaf_value=-0.025843914003536868 -0.029566134538400474 0.0017034371339672231 0.072246581903273585 -0.0029216461682660261 0.0090469219049053168 0.027192859980871523 0.054692692475842297
leaf_count=10072 5213 46696 387 3029 1560 30 22
internal_value=0 0.0246674 -0.248657 0.160758 -0.394076 -0.426995 0.0388599
internal_count=67009 51961 15048 3416 11632 5243 46718
shrinkage=0.05


Tree=68
num_leaves=8
num_cat=0
split_feature=3 5 3 4 5 0 2
split_gain=4.63575 4.99065 4.70075 10.2125 6.97805 4.36608 4.83805
threshold=68.833333333333357 1.2669966996699671 69.250000000000014 118.16666666666667 2.4223787167449138 49.500000000000007 26.050000000000004
decision_type=8 8 8 10 8 2 10
left_child=1 -1 3 -2 -5 -3 -7
right_child=2 5 -4 4 -6 6 -8
leaf_value=-0.045320806331849026 -0.014044407711275762 -0.022991358643108854 0.00062696717982763898 0.12624410526179208 -0.0063327617920349759 -0.0027777802754409527 0.052217699350779447
leaf_count=4340 1409 12212 43433 446 227 4575 367
internal_value=0 -0.273629 0.0217481 0.732124 1.77483 -0.132832 0.140662
internal_count=67009 21494 45515 2082 673 17154 4942
shrinkage=0.05


Tree=69
num_leaves=8
num_cat=0
split_feature=4 8 0 1 5 6 2
split_gain=4.49867 8.09719 6.75621 4.20859 4.68855 4.37823 4.13693
threshold=131.16666666666671 1.0000000180025095e-35 50.500000000000007 1.5000000000000002 3.601724137931035 7.4500000000000011 27.750000000000004
decision_type=8 2 2 2 8 10 10
left_child=1 2 -1 4 5 -3 -4
right_child=-2 3 6 -5 -6 -7 -8
leaf_value=-0.018568999044100788 0.0028413731610369419 0.040082579287954098 -0.0048278340603012913 -0.019694022247425731 -0.026375576581917515 -0.023412459807927347 0.019344073097419083
leaf_count=34219 14805 1398 14823 566 234 86 878
internal_value=0 -0.101861 -0.164738 0.357551 0.515191 0.661807 -0.0313069
internal_count=67009 52204 49920 2284 1718 1484 15701
shrinkage=0.05


Tree=70
num_leaves=8
num_cat=0
split_feature=0 0 3 2 7 6 4
split_gain=4.40556 9.77034 8.36482 7.66236 6.99018 8.29837 6.28516
threshold=61.500000000000007 62.500000000000007 87.833333333333357 34.050000000000004 1.0000000180025095e-35 6.0500000000000007 158.33333333333334
decision_type=2 2 10 10 2 8 10
left_child=2 -2 3 4 6 -6 -1
right_child=1 -3 -4 -5 5 -7 -8
leaf_value=-0.0098606331494443394 0.03335291925983274 -0.0019929653874184989 0.0046476380610970145 0.03236947698614559 0.11738978395394076 0.0099450643475685867 0.055869300794886105
leaf_count=56730 812 1740 6487 400 71 713 56
internal_value=0 0.215478 -0.0263803 -0.127444 -0.153443 0.470922 -0.183815
internal_count=67009 2552 64457 57970 57570 784 56786
shrinkage=0.05


Tree=71
num_leaves=8
num_cat=0
split_feature=0 2 4 2 6 2 5
split_gain=4.14626 6.93511 5.64388 6.30273 5.40604 13.6867 8.09665
threshold=53.500000000000007 20.150000000000002 109.83333333333336 21.050000000000004 5.6500000000000012 20.850000000000005 1.8216731898238752
decision_type=2 8 10 10 8 10 8
left_child=1 -1 -3 4 5 -4 -6
right_child=-2 2 3 -5 6 -7 -8
leaf_value=-0.025281160041119924 0.0040270514325575612 -0.029645186994660601 -0.019062617033906479 -0.0017816149895722889 -0.0032864405894250364 0.093637004598913137 0.097403749761965752
leaf_count=11159 15438 7725 1818 29172 617 454 626
internal_value=0 -0.0662594 -0.0290566 -0.0035805 0.516405 0.122331 1.15755
internal_count=67009 51571 40412 32687 3515 2272 1243
shrinkage=0.05


Tree=72
num_leaves=8
num_cat=0
split_feature=2 3 5 5 3 6 0
split_gain=3.98054 6.81268 12.2231 10.7395 10.4118 8.56955 8.10364
threshold=24.050000000000004 83.833333333333357 0.93364779874213844 1.2372007688275382 69.833333333333357 5.4500000000000011 52.500000000000007
decision_type=8 10 8 8 10 10 2
left_child=1 2 4 -3 -1 -4 -7
right_child=-2 3 5 -5 -6 6 -8
leaf_value=-0.03405422633615706 0.003089728436693234 -0.028945229748546637 -0.025257909644807265 0.0075095917288123442 0.083256305823201454 -0.027691193619278583 0.010390780274393725
leaf_count=1074 22688 870 24572 5161 829 7471 4344
internal_value=0 -0.083046 -0.234046 0.0534409 0.968602 -0.297323 -0.0216477
internal_count=67009 44321 38290 6031 1903 36387 11815
shrinkage=0.05


Tree=73
num_leaves=8
num_cat=0
split_feature=0 8 5 3 2 4 5
split_gain=3.69046 6.40241 7.12584 5.20241 4.18321 5.6085 4.54188
threshold=44.500000000000007 1.0000000180025095e-35 1.9849615558570786 82.833333333333357 33.750000000000007 162.16666666666671 0.91239035087719311
decision_type=2 2 8 10 8 10 8
left_child=1 3 -3 -1 6 -6 -2
right_child=4 2 -4 -5 5 -7 -8
leaf_value=-0.024766373076069603 0.028445965188732249 0.11080986095873116 0.0064791497505424043 -0.0018146533531566611 0.028142044691255481 -0.041495879658356521 -5.7006319599797923e-05
leaf_count=19561 1253 86 312 2732 657 20 42388
internal_value=0 -0.170907 0.615661 -0.244153 0.0279239 0.411181 0.0115611
internal_count=67009 22691 398 22293 44318 677 43641
shrinkage=0.05


Tree=74
num_leaves=8
num_cat=0
split_feature=0 0 3 2 7 6 5
split_gain=3.64409 8.45682 6.86802 6.42286 6.17648 8.38993 5.81101
threshold=61.500000000000007 62.500000000000007 87.833333333333357 34.050000000000004 1.0000000180025095e-35 5.9500000000000011 3.1195238095238098
decision_type=2 2 10 10 2 10 8
left_child=2 -2 3 4 -1 -6 -5
right_child=1 -3 -4 6 5 -7 -8
leaf_value=-0.0085251383828624048 0.030260614404757039 -0.0022322131451515972 0.0041643720550106327 0.050454300431809977 0.11597035112990527 0.0086198845246707647 -0.019823361112129418
leaf_count=56786 812 1740 6487 259 73 711 141
internal_value=0 0.194556 -0.0239433 -0.116591 -0.141207 0.439141 0.578176
internal_count=67009 2552 64457 57970 57570 784 400
shrinkage=0.05


Tree=75
num_leaves=8
num_cat=0
split_feature=2 4 3 0 6 5 2
split_gain=3.53392 5.57528 5.12378 4.67447 4.19176 3.4876 3.05554
threshold=21.150000000000002 144.16666666666671 80.583333333333357 37.500000000000007 5.5500000000000007 0.70615218564490034 22.950000000000003
decision_type=8 10 10 2 10 8 8
left_child=1 -1 -3 4 -2 6 -5
right_child=3 2 -4 5 -6 -7 -8
leaf_value=-0.014862549160309699 -0.034959868951415021 0.084965286292754127 0.0048891579900708221 0.088892075500381182 0.019574175074065378 0.0018071055312488115 -0.0059847496670706983
leaf_count=20520 3970 41 398 103 507 41401 69
internal_value=0 -0.169608 0.238581 0.0271775 -0.459274 0.0414591 1.05867
internal_count=67009 20959 439 46050 4477 41573 172
shrinkage=0.05


Tree=76
num_leaves=8
num_cat=0
split_feature=1 5 2 0 2 0 2
split_gain=3.30129 8.66488 7.50524 5.90568 9.43201 7.53104 5.9693
threshold=1.5000000000000002 3.6835686777920413 28.250000000000004 61.500000000000007 31.750000000000004 62.500000000000007 24.350000000000005
decision_type=2 10 10 2 8 2 10
left_child=3 -2 -3 -1 5 6 -5
right_child=1 2 -4 4 -6 -7 -8
leaf_value=-0.00012382869677745172 -0.0094663196696731615 0.095352530823326828 -0.029541358911671881 0.051647462194810506 0.10510285602484132 -0.0026595629801231995 0.0036197557218408784
leaf_count=46342 18612 148 46 412 24 1186 239
internal_value=0 -0.141542 1.16647 0.030477 0.310271 0.228304 0.633947
internal_count=67009 18806 194 48203 1861 1837 651
shrinkage=0.05


Tree=77
num_leaves=8
num_cat=0
split_feature=2 4 6 0 5 5 5
split_gain=3.3056 5.67763 5.72285 6.13308 4.72425 6.21262 5.96884
threshold=24.050000000000004 134.83333333333334 8.4500000000000011 55.500000000000007 3.7228132387706858 3.1769449715370022 2.0522898154477107
decision_type=8 10 10 2 10 10 8
left_child=1 2 3 -1 5 6 -3
right_child=-2 4 -4 -5 -6 -7 -8
leaf_value=-0.018631861775548073 0.002824152314459706 -0.0044286223831221166 0.074032966087295649 0.0013999511824579905 0.046523725433966802 -0.037609394645299277 0.015946014881688328
leaf_count=33647 22688 2968 82 5502 118 246 1758
internal_value=0 -0.0757355 -0.206208 -0.225548 0.0570427 0.0236801 0.0739335
internal_count=67009 44321 39231 39149 5090 4972 4726
shrinkage=0.05


Tree=78
num_leaves=8
num_cat=0
split_feature=0 3 2 5 3 3 2
split_gain=3.07864 6.80803 6.10198 5.03476 8.57548 7.52478 5.03027
threshold=49.500000000000007 75.833333333333357 43.550000000000004 0.93364779874213844 81.583333333333357 69.250000000000014 21.550000000000004
decision_type=2 10 8 10 10 8 10
left_child=1 -1 -3 4 5 -2 -5
right_child=3 2 -4 6 -6 -7 -8
leaf_value=-0.021269381620005683 -0.026028720658825513 -0.0015746032724218287 0.066790492707155757 -0.0096048651259976886 -0.0042447349328462508 0.100223434847569 0.00375952457278985
leaf_count=25461 263 14837 60 8088 230 324 17746
internal_value=0 -0.0866189 -0.0108396 0.0462011 0.647109 1.49735 0.0297
internal_count=67009 40358 14897 26651 817 587 25834
shrinkage=0.05


Tree=79
num_leaves=8
num_cat=0
split_feature=6 7 2 3 5 2 4
split_gain=3.0031 4.87135 8.45508 5.42879 5.30332 5.78808 8.93821
threshold=6.4500000000000011 1.0000000180025095e-35 26.850000000000005 100.83333333333336 1.2466642946095003 29.150000000000002 173.33333333333334
decision_type=10 2 8 10 10 10 10
left_child=1 3 -3 -1 -5 -6 -7
right_child=-2 2 -4 4 5 6 -8
leaf_value=-0.0029527322072095698 0.0096539041498034175 0.08503496568384572 -0.012946133101117386 -0.032075808585274868 0.022500296767067718 -0.035389387148571927 0.050611779076369691
leaf_count=63922 2151 169 92 66 495 91 23
internal_value=0 -0.0193786 0.739857 -0.0284866 0.226769 0.305792 -0.264728
internal_count=67009 64858 261 64597 675 609 114
shrinkage=0.05


Tree=80
num_leaves=8
num_cat=0
split_feature=0 0 5 5 5 3 3
split_gain=2.9281 5.16725 3.6688 3.61483 3.49648 3.44944 5.60111
threshold=66.500000000000014 71.500000000000014 1.8895663956639568 1.5054354247902639 2.8543560606060612 68.833333333333357 69.250000000000014
decision_type=2 2 10 8 10 8 8
left_child=5 2 3 -2 -4 -1 -7
right_child=1 -3 4 -5 -6 6 -8
leaf_value=-0.012968423930788776 0.035954746521644362 -0.036549699470378082 0.07285513930871737 -0.037072396852127973 -0.0019939187056190262 0.040048601688475807 5.5270295555631282e-06
leaf_count=21375 88 76 154 79 64 2074 43099
internal_value=0 0.43229 0.692249 -0.00517189 1.09283 -0.00796295 0.0100954
internal_count=67009 461 385 167 218 66548 45173
shrinkage=0.05


Tree=81
num_leaves=8
num_cat=0
split_feature=3 5 6 7 6 2 0
split_gain=2.77308 7.07234 3.06742 4.45459 7.72448 6.14623 3.98884
threshold=114.50000000000001 2.4774423337856177 6.4500000000000011 1.0000000180025095e-35 6.0500000000000007 25.450000000000003 67.500000000000014
decision_type=10 10 10 2 8 8 2
left_child=2 -2 3 -1 -5 -6 -4
right_child=1 -3 6 4 5 -7 -8
leaf_value=-0.0018130131379268347 -0.020858388034128279 0.054871136503379971 0.0071490977980339905 0.091994762772065725 0.05358935394929587 -0.041274504084368432 0.07300212400861511
leaf_count=64523 40 41 2112 94 83 84 32
internal_value=0 0.479086 -0.00668478 -0.0272955 0.688247 -0.0777175 0.188135
internal_count=67009 81 66928 64784 261 167 2144
shrinkage=0.05


Tree=82
num_leaves=8
num_cat=0
split_feature=1 5 2 4 6 5 5
split_gain=2.74248 7.48741 6.5205 5.19765 5.10489 5.33208 9.7068
threshold=1.5000000000000002 3.6835686777920413 28.250000000000004 137.83333333333334 5.4500000000000011 1.9849615558570786 2.5359730848861286
decision_type=2 10 10 10 10 10 10
left_child=-1 4 3 -3 5 -2 -7
right_child=1 2 -4 -5 -6 6 -8
leaf_value=0.0014066590802266274 -0.031201670092323996 -0.0031774046874888579 -0.029427206187214852 0.12167485599427258 -0.00015125137732692576 0.029822642890087195 -0.040323207567939612
leaf_count=48203 8661 121 46 27 7742 1516 693
internal_value=0 -0.12956 1.05728 1.71011 -0.175747 -0.404796 0.0319496
internal_count=67009 18806 194 148 18612 10870 2209
shrinkage=0.05


Tree=83
num_leaves=8
num_cat=0
split_feature=0 8 5 3 5 3 5
split_gain=2.66273 5.68922 6.18146 4.33598 6.96713 6.61654 3.8528
threshold=44.500000000000007 1.0000000180025095e-35 1.9849615558570786 92.833333333333357 3.6835686777920413 97.166666666666671 2.9320107858243456
decision_type=2 2 8 10 8 10 10
left_child=1 3 -3 -1 6 -6 -5
right_child=-2 2 -4 4 5 -7 -8
leaf_value=-0.017719673207679008 0.0012122215335032618 0.10127444907515465 0.0062433940582922393 0.0055550288146597512 0.11088894711713521 1.8322832342632845e-05 -0.039043511722993932
leaf_count=21821 44318 86 312 319 37 28 88
internal_value=0 -0.146798 0.586766 -0.218753 0.108982 1.13657 -0.119757
internal_count=67009 22691 398 22293 472 65 407
shrinkage=0.05


Tree=84
num_leaves=8
num_cat=0
split_feature=2 0 5 5 1 4 4
split_gain=2.63935 5.92903 5.48044 7.14522 8.57335 5.22144 5.20034
threshold=25.850000000000005 47.500000000000007 3.1769449715370022 3.7228132387706858 1.5000000000000002 136.83333333333334 110.33333333333336
decision_type=8 2 8 10 2 10 8
left_child=1 5 -3 -4 -5 -1 -2
right_child=6 2 3 4 -6 -7 -8
leaf_value=-0.023014258721213307 0.049926112973276114 0.0026115243934352766 -0.031269068438130453 -0.0054101289598771606 0.090591928666735988 0.0012915063830678786 0.0027959977188435872
leaf_count=25159 1063 25172 1633 789 79 1668 11446
internal_value=0 -0.0449941 0.0098088 -0.324681 0.211762 -0.271755 0.0750742
internal_count=67009 54500 27673 2501 868 26827 12509
shrinkage=0.05


Tree=85
num_leaves=8
num_cat=0
split_feature=6 0 5 2 6 0 5
split_gain=2.52896 2.7301 5.07518 7.79822 4.52381 7.3294 3.97703
threshold=12.050000000000002 53.500000000000007 1.2669966996699671 24.150000000000002 5.8500000000000005 48.500000000000007 3.157378740970072
decision_type=10 2 8 8 8 2 10
left_child=1 2 3 -1 -5 -6 -4
right_child=-2 -3 6 4 5 -7 -8
leaf_value=-0.035304315263604578 0.043306646768279007 0.0030818789117481853 0.0013794653385863452 -0.010530040498805356 -0.014142403509390923 0.11513411475861962 -0.011110201444969088
leaf_count=7088 25 15432 38047 463 120 72 5762
internal_value=0 -0.00267174 -0.0576932 -0.430988 0.385844 1.17508 -0.0249251
internal_count=67009 66984 51552 7743 655 192 43809
shrinkage=0.05


Tree=86
num_leaves=8
num_cat=0
split_feature=1 6 5 4 5 5 6
split_gain=2.47891 6.25618 6.2909 6.40949 5.16978 8.25057 5.06025
threshold=1.5000000000000002 5.4500000000000011 3.4395121951219516 131.83333333333334 1.9849615558570786 2.5359730848861286 5.2500000000000009
decision_type=2 10 10 10 10 10 8
left_child=-1 4 -3 -4 -2 6 -6
right_child=1 2 3 -5 5 -7 -8
leaf_value=0.0013410453911347393 -0.030387121170438437 -0.0011439405266361509 -0.028814225304953103 0.079636102654974283 0.066034983730378805 -0.035429473858868445 0.0012144327723005819
leaf_count=48203 8661 7660 147 75 607 747 909
internal_value=0 -0.123559 0.0593368 1.0341 -0.381361 0.0322661 0.552175
internal_count=67009 18806 7882 222 10924 2263 1516
shrinkage=0.05


Tree=87
num_leaves=8
num_cat=0
split_feature=3 5 0 2 0 3 5
split_gain=2.47185 6.35655 2.54449 5.92309 6.12967 6.05913 5.41299
threshold=114.50000000000001 2.4774423337856177 61.500000000000007 31.750000000000004 62.500000000000007 63.250000000000007 2.718129288551824
decision_type=10 10 2 8 2 10 10
left_child=2 -2 -1 4 -4 -6 -7
right_child=1 -3 3 -5 5 6 -8
leaf_value=-0.0013417320544241473 -0.020444784726332012 0.051095203738095396 0.022108584818013016 0.070601953084672528 0.062754235424176991 -0.018625056063335855 0.018379827297317675
leaf_count=64382 40 41 800 33 176 1181 356
internal_value=0 0.449745 -0.00602895 0.154274 0.0992743 -0.109245 -0.188726
internal_count=67009 81 66928 2546 2513 1713 1537
shrinkage=0.05


Tree=88
num_leaves=8
num_cat=0
split_feature=0 0 5 5 5 3 3
split_gain=2.52215 4.60863 2.95875 3.3786 2.99449 2.80544 5.12238
threshold=66.500000000000014 71.500000000000014 1.8895663956639568 1.5054354247902639 2.8543560606060612 68.833333333333357 69.250000000000014
decision_type=2 2 10 8 10 8 8
left_child=5 2 3 -2 -4 -1 -7
right_child=1 -3 4 -5 -6 6 -8
leaf_value=-0.01186479506553406 0.034155050901405255 -0.036036015136455636 0.064972160127736184 -0.036571524913980684 -0.0027883602682883066 0.037794848420360079 -3.0050080798051892e-05
leaf_count=21375 88 76 154 79 64 2074 43099
internal_value=0 0.397283 0.633062 -0.00140244 0.977286 -0.00699561 0.00906757
internal_count=67009 461 385 167 218 66548 45173
shrinkage=0.05


Tree=89
num_leaves=8
num_cat=0
split_feature=6 0 8 0 5 5 3
split_gain=2.27339 2.4411 5.41553 5.57957 7.59529 3.7947 3.51856
threshold=12.050000000000002 44.500000000000007 1.0000000180025095e-35 42.500000000000007 2.8841681574239719 1.3038595184909409 102.83333333333336
decision_type=10 2 2 2 8 8 10
left_child=1 2 5 -4 -5 -1 -7
right_child=-2 -3 3 4 -6 6 -8
leaf_value=-0.040412387710520789 0.040688145806638987 0.00098390559455085753 -0.025641757773348286 0.085756184269211541 -0.019933495527692191 -0.011215606800064304 0.018896584112294355
leaf_count=4113 25 44299 149 159 90 18077 97
internal_value=0 -0.00240781 -0.145768 0.564093 1.0417 -0.21821 -0.147721
internal_count=67009 66984 22685 398 249 22287 18174
shrinkage=0.05


Tree=90
num_leaves=8
num_cat=0
split_feature=0 0 4 6 3 3 4
split_gain=2.23549 4.21205 2.65355 4.22474 2.4987 4.53971 8.7082
threshold=66.500000000000014 71.500000000000014 146.25000000000003 5.8500000000000005 68.833333333333357 69.250000000000014 118.16666666666667
decision_type=2 2 8 8 8 8 10
left_child=4 2 -2 -4 -1 6 -6
right_child=1 -3 3 -5 5 -7 -8
leaf_value=-0.011286047447544377 0.044732915177671591 -0.035621171250213725 -0.039675283777777716 0.040782642111194228 -0.013297377054806084 -4.1972817710738298e-05 0.080784428419160725
leaf_count=21375 334 76 30 21 1406 43099 668
internal_value=0 0.370908 0.589487 -0.030787 -0.00664216 0.00840604 0.700241
internal_count=67009 461 385 51 66548 45173 2074
shrinkage=0.05


Tree=91
num_leaves=8
num_cat=0
split_feature=4 4 4 0 5 2 5
split_gain=2.22116 4.45508 5.31121 7.24679 3.75532 5.49959 3.86144
threshold=168.33333333333334 162.16666666666671 159.25000000000003 58.500000000000007 1.9813067784765896 23.850000000000005 3.7228132387706858
decision_type=10 10 10 2 8 10 8
left_child=1 2 -1 4 5 -4 -6
right_child=-2 -3 3 -5 6 -7 -8
leaf_value=-0.00054308518337246815 0.012834533860723418 -0.023185901862627811 0.017361388570659698 -0.026436212039820484 0.0025280697461187067 0.12766599966857617 0.071864533311313039
leaf_count=66304 265 229 38 46 86 20 21
internal_value=0 -0.0100735 0.00317955 0.527438 0.868906 1.55877 0.429582
internal_count=67009 66744 66515 211 165 58 107
shrinkage=0.05


Tree=92
num_leaves=8
num_cat=0
split_feature=0 2 5 5 4 5 4
split_gain=2.18857 2.43989 5.39329 8.31897 8.55549 6.36488 6.8628
threshold=29.500000000000004 25.850000000000005 2.9320107858243456 2.7698612862547294 122.25000000000001 3.7228132387706858 135.83333333333334
decision_type=2 8 10 10 10 10 10
left_child=-1 2 3 -2 -5 -4 -7
right_child=1 -3 5 4 -6 6 -8
leaf_value=-0.028452072460356338 -0.0013118716060745007 0.0038699581833396587 -0.022551477627598706 -0.030153317372694263 0.045762178354751756 -0.020665957718961542 0.036276600698575502
leaf_count=2475 44214 12180 4855 979 805 1297 204
internal_value=0 0.00627788 -0.038424 0.00856077 0.61101 -0.28185 0.204183
internal_count=67009 64534 52354 45998 1784 6356 1501
shrinkage=0.05


Tree=93
num_leaves=8
num_cat=0
split_feature=1 6 5 4 5 5 4
split_gain=2.18061 5.58711 5.4367 5.49267 4.85757 7.628 4.82418
threshold=1.5000000000000002 5.4500000000000011 3.4395121951219516 131.83333333333334 1.9849615558570786 2.5359730848861286 136.83333333333334
decision_type=2 10 10 10 10 10 10
left_child=-1 4 -3 -4 -2 6 -6
right_child=1 2 3 -5 5 -7 -8
leaf_value=0.0012581819540513407 -0.029537644334511538 -0.0011499287174089249 -0.028412900679093835 0.07151739683962105 -0.0064838644598597898 -0.034838927492888694 0.054213126080423939
leaf_count=48203 8661 7660 147 75 1365 747 151
internal_value=0 -0.116393 0.0548476 0.942167 -0.364509 0.0341329 0.522164
internal_count=67009 18806 7882 222 10924 2263 1516
shrinkage=0.05


Tree=94
num_leaves=8
num_cat=0
split_feature=3 5 5 2 4 4 0
split_gain=2.05548 5.60567 2.41645 6.86502 5.51072 7.32902 5.52709
threshold=114.50000000000001 2.4774423337856177 3.157378740970072 34.550000000000004 135.16666666666671 129.83333333333334 55.500000000000007
decision_type=10 10 10 10 8 10 2
left_child=2 -2 3 -1 5 -5 -6
right_child=1 -3 -4 4 6 -7 -8
leaf_value=0.00015615591427094915 -0.020267070660825132 0.046448507801032018 -0.0065373783892611146 0.0045558888961335087 -0.013152860996964142 0.11771832264934896 0.062365440645651804
leaf_count=59052 40 41 7551 112 125 61 27
internal_value=0 0.406205 -0.00545967 0.0198665 0.667096 1.41952 0.186594
internal_count=67009 81 66928 59377 325 173 152
shrinkage=0.05


Tree=95
num_leaves=8
num_cat=0
split_feature=2 6 0 2 5 3 3
split_gain=2.0543 5.95413 2.67174 3.02701 2.71115 6.60146 8.57837
threshold=18.350000000000005 5.8500000000000005 37.500000000000007 35.350000000000001 0.93364779874213844 80.250000000000014 69.833333333333357
decision_type=8 10 2 10 10 8 10
left_child=1 -1 3 -2 5 6 -4
right_child=2 -3 4 -5 -6 -7 -8
leaf_value=-0.029506451295290854 -0.023339176887336929 0.058855310092856855 -0.030206395049235935 0.031916076265489562 0.00044446561457782934 -0.0025529497020838755 0.089683945346755362
leaf_count=3947 6971 209 764 79 53863 487 689
internal_value=0 -0.364034 0.00853797 -0.337668 0.0186982 0.394163 1.17804
internal_count=67009 4156 62853 7050 55803 1940 1453
shrinkage=0.05


Tree=96
num_leaves=8
num_cat=0
split_feature=0 0 5 5 2 5 4
split_gain=2.01442 3.83668 2.45367 3.03838 3.43558 2.40536 2.1982
threshold=66.500000000000014 71.500000000000014 1.8895663956639568 1.5054354247902639 21.750000000000004 2.8404545454545462 145.16666666666671
decision_type=2 2 10 8 10 8 8
left_child=6 2 3 4 -2 -4 -1
right_child=1 -3 5 -5 -6 -7 -8
leaf_value=-0.0020472812008212886 -0.026597439603432051 -0.035089251381883256 0.05622832398129346 -0.036221298655022952 0.063635044302055729 -0.003298436813865626 0.0038650401758983099
leaf_count=63453 46 76 154 79 42 64 3095
internal_value=0 0.349724 0.551691 -0.0199616 0.608741 0.852171 -0.00619893
internal_count=67009 461 385 167 88 218 66548
shrinkage=0.05


Tree=97
num_leaves=8
num_cat=0
split_feature=6 5 5 6 2 6 5
split_gain=1.99885 2.14568 9.47882 4.57179 2.9124 6.76662 6.99381
threshold=12.050000000000002 3.9213106295149642 3.8660256410256415 5.6500000000000012 23.350000000000005 5.0500000000000007 3.0074626865671648
decision_type=10 10 10 10 8 8 10
left_child=1 2 4 -4 -1 6 -6
right_child=-2 -3 3 -5 5 -7 -8
leaf_value=-0.0043822421604874243 0.037741539009532893 -0.012038015248561428 0.0066219698342111534 0.099180152187226783 0.038877896431752212 0.00090722490378084128 -0.037991551843563294
leaf_count=38665 25 1957 149 72 1489 24433 219
internal_value=0 -0.00220943 0.00947202 1.26694 -0.000793473 0.0451249 0.570915
internal_count=67009 66984 65027 221 64806 26141 1708
shrinkage=0.05


Tree=98
num_leaves=8
num_cat=0
split_feature=0 5 3 3 2 3 6
split_gain=1.96262 2.2953 5.57006 6.92222 4.78069 4.6312 4.51418
threshold=29.500000000000004 0.91239035087719311 81.250000000000014 67.833333333333357 22.950000000000003 89.166666666666671 4.8500000000000005
decision_type=2 10 8 10 8 8 10
left_child=-1 2 3 -2 6 -4 -5
right_child=1 -3 5 4 -6 -7 -8
leaf_value=-0.027502452944284023 -0.031553176892211925 -0.000165606885680284 -0.041738047739174701 0.0093010219373781088 -0.00026973680125556078 0.01780127110705388 0.11688301407053454
leaf_count=2475 1212 61506 343 469 338 155 511
internal_value=0 0.00589756 0.331052 0.907787 1.33042 -0.117643 1.79674
internal_count=67009 64534 3028 2530 1318 498 980
shrinkage=0.05


Tree=99
num_leaves=8
num_cat=0
split_feature=1 5 2 3 0 3 2
split_gain=1.97085 5.14821 5.20806 4.03029 4.32734 7.85388 5.9533
threshold=1.5000000000000002 3.6835686777920413 28.250000000000004 55.333333333333336 61.500000000000007 64.833333333333357 31.750000000000004
decision_type=2 10 10 8 2 10 10
left_child=3 -2 -3 -1 -5 -6 -7
right_child=1 2 -4 4 5 6 -8
leaf_value=0.062613254452061964 -0.0076118444398950366 0.06839082710891442 -0.030216880001139756 -0.00049730397713093611 0.096239680682536022 0.0059067821436878942 0.078061008118883446
leaf_count=907 18612 148 46 45453 122 1699 22
internal_value=0 -0.110992 0.824984 0.0239735 0.0188362 0.253334 0.183281
internal_count=67009 18806 194 48203 47296 1843 1721
shrinkage=0.05


end of trees

feature importances:
H25_age=165
H25_bmi=132
H25_dbp=112
H25_sbp=97
H25_lhrate=81
H25_a1c=61
H25_dl=32
H25_sex=10
H25_dm=10

parameters:
[boosting: gbdt]
[objective: binary]
[metric: binary]
[tree_learner: serial]
[device_type: cpu]
[data: ]
[valid: ]
[num_iterations: 100]
[learning_rate: 0.05]
[num_leaves: 8]
[num_threads: 0]
[max_depth: -1]
[min_data_in_leaf: 20]
[min_sum_hessian_in_leaf: 1]
[bagging_fraction: 0.4]
[bagging_freq: 0]
[bagging_seed: 3]
[feature_fraction: 1]
[feature_fraction_seed: 2]
[early_stopping_round: 0]
[max_delta_step: 0]
[lambda_l1: 0]
[lambda_l2: 1]
[min_gain_to_split: 0]
[drop_rate: 0.1]
[max_drop: 50]
[skip_drop: 0.5]
[xgboost_dart_mode: 0]
[uniform_drop: 0]
[drop_seed: 4]
[top_rate: 0.2]
[other_rate: 0.1]
[min_data_per_group: 100]
[max_cat_threshold: 32]
[cat_l2: 10]
[cat_smooth: 10]
[max_cat_to_onehot: 4]
[top_k: 20]
[monotone_constraints: ]
[feature_contri: ]
[forcedsplits_filename: ]
[refit_decay_rate: 0.9]
[verbosity: 0]
[max_bin: 255]
[min_data_in_bin: 3]
[bin_construct_sample_cnt: 200000]
[histogram_pool_size: -1]
[data_random_seed: 1]
[output_model: LightGBM_model.txt]
[snapshot_freq: -1]
[input_model: ]
[output_result: LightGBM_predict_result.txt]
[initscore_filename: ]
[valid_data_initscores: ]
[pre_partition: 0]
[enable_bundle: 1]
[max_conflict_rate: 0]
[is_enable_sparse: 1]
[sparse_threshold: 0.8]
[use_missing: 1]
[zero_as_missing: 0]
[two_round: 0]
[save_binary: 0]
[enable_load_from_binary_file: 1]
[header: 0]
[label_column: ]
[weight_column: ]
[group_column: ]
[ignore_column: ]
[categorical_feature: ]
[predict_raw_score: 0]
[predict_leaf_index: 0]
[predict_contrib: 0]
[num_iteration_predict: -1]
[pred_early_stop: 0]
[pred_early_stop_freq: 10]
[pred_early_stop_margin: 10]
[convert_model_language: ]
[convert_model: gbdt_prediction.cpp]
[num_class: 1]
[is_unbalance: 0]
[scale_pos_weight: 1]
[sigmoid: 1]
[boost_from_average: 1]
[reg_sqrt: 0]
[alpha: 0.9]
[fair_c: 1]
[poisson_max_delta_step: 0.7]
[tweedie_variance_power: 1.5]
[max_position: 20]
[label_gain: ]
[metric_freq: 1]
[is_provide_training_metric: 0]
[eval_at: ]
[num_machines: 1]
[local_listen_port: 12400]
[time_out: 120]
[machine_list_filename: ]
[machines: ]
[gpu_platform_id: -1]
[gpu_device_id: -1]
[gpu_use_dp: 0]

end of parameters

pandas_categorical:[]
