tree
version=v2
num_class=1
num_tree_per_iteration=1
label_index=0
max_feature_idx=8
objective=binary sigmoid:1
feature_names=H25_age H25_sex H25_bmi H25_dbp H25_sbp H25_lhrate H25_a1c H25_dm H25_dl
feature_infos=[21:77] [1:2] [0:51.700000000000003] [0:135] [0:212] [0.097560975609756101:8.8461538461538485] [2.7999999999999998:14.800000000000001] [0:1] [0:1]
tree_sizes=721 726 739 736 735 735 732 740 738 736 735 739 734 738 742 743 739 740 742 741 742 734 736 740 740 738 740 735 742 743 746 742 745 744 750 738 738 747 740 743 743 737 742 736 741 741 744 740 740 743 741 729 744 735 743 744 738 737 747 745 737 737 738 736 733 731 742 739 728 740 731 735 727 729 737 731 727 738 737 738 745 737 727 737 730 741 741 744 726 725 735 737 738 742 733 740 734 731 731 734

Tree=0
num_leaves=8
num_cat=0
split_feature=3 4 3 4 4 0 0
split_gain=1379.71 234.309 200.221 91.8852 71.0428 65.1856 63.5603
threshold=89.583333333333357 131.83333333333334 100.83333333333336 145.16666666666671 137.83333333333334 52.500000000000007 56.500000000000007
decision_type=10 10 10 10 10 2 2
left_child=1 6 4 5 -2 -3 -1
right_child=2 3 -4 -5 -6 -7 -8
leaf_value=-4.4324023222312361 -4.3068037473441212 -4.3947707552969417 -3.9444586786233558 -4.2275586746222489 -4.1661878134308301 -4.3164908321669007 -4.3824860509148387
leaf_count=45763 1226 6260 720 1018 2734 3337 5952
internal_value=0 -0.360978 4.73003 0.868288 3.77873 0.576548 -0.614285
internal_count=67010 62330 4680 10615 3960 9597 51715
shrinkage=1


Tree=1
num_leaves=8
num_cat=0
split_feature=3 4 4 0 0 4 2
split_gain=1042.17 167.747 148.048 63.8851 61.252 37.4153 62.5875
threshold=87.833333333333357 145.16666666666671 132.83333333333334 52.500000000000007 56.500000000000007 168.33333333333334 24.850000000000005
decision_type=10 10 10 2 2 10 10
left_child=2 -2 4 -4 -1 -3 -7
right_child=1 5 3 -5 -6 6 -8
leaf_value=-0.036524431417278229 0.09682563738337524 0.20310755919405638 0.0033413196205298364 0.085327541711004692 0.012112545201438361 0.099554219279279557 0.51987959181109999
leaf_count=46091 4582 2158 5082 2859 5989 117 132
internal_value=0 3.01662 -0.428471 0.696645 -0.613431 4.64955 7.62005
internal_count=67010 6989 60021 7941 52080 2407 249
shrinkage=0.05


Tree=2
num_leaves=8
num_cat=0
split_feature=3 3 3 8 0 0 4
split_gain=833.692 140.533 115.384 107.071 55.1561 45.8916 40.3599
threshold=87.833333333333357 77.833333333333357 93.250000000000014 1.0000000180025095e-35 61.500000000000007 61.500000000000007 134.83333333333334
decision_type=10 10 10 2 2 2 10
left_child=1 5 -2 4 6 -1 -3
right_child=2 3 -4 -5 -6 -7 -8
leaf_value=-0.038878760464199649 0.076973363642721268 -0.017777860493509778 0.17970487387917677 0.13523007536053985 0.10803064412242969 0.046537472426768152 0.03366055969274586
leaf_count=40558 4218 12225 2771 1262 803 1228 3945
internal_value=0 -0.416121 2.4879 0.248062 0.0487808 -0.720212 -0.0791182
internal_count=67010 60021 6989 18235 16973 41786 16170
shrinkage=0.05


Tree=3
num_leaves=8
num_cat=0
split_feature=3 4 0 2 4 0 3
split_gain=694.529 107.563 102.277 70.4242 43.5335 41.7934 36.7847
threshold=85.833333333333357 142.25000000000003 52.500000000000007 27.650000000000002 142.83333333333334 48.500000000000007 78.833333333333357
decision_type=10 10 2 10 10 2 10
left_child=2 -2 6 4 -4 -3 -1
right_child=1 5 3 -5 -6 -7 -8
leaf_value=-0.042782595413313945 0.055647131023441321 0.080101186763867571 -0.0050329441959469021 0.12056396685055426 0.12745507987150159 0.16703962879804835 -0.0085486519118840847
leaf_count=34316 6402 1149 13033 957 347 2151 8655
internal_value=0 1.83301 -0.470433 0.185499 0.00410738 2.7693 -0.711217
internal_count=67010 9702 57308 14337 13380 3300 42971
shrinkage=0.05


Tree=4
num_leaves=8
num_cat=0
split_feature=3 3 0 6 2 0 8
split_gain=587.301 116.697 81.2981 65.5346 49.2516 34.9526 28.2522
threshold=83.833333333333357 93.250000000000014 52.500000000000007 6.1500000000000012 27.650000000000002 61.500000000000007 1.0000000180025095e-35
decision_type=10 10 2 10 8 2 2
left_child=2 3 -1 6 5 -4 -2
right_child=1 -3 4 -5 -6 -7 -8
leaf_value=-0.037375222147905333 0.026456531976569449 0.12355018851872049 -0.014734506866761518 0.14329767476956554 0.094947918567638248 0.051110048903170668 0.1128635981209353
leaf_count=40897 8679 2771 10559 902 921 1690 591
internal_value=0 1.39284 -0.522985 0.889982 0.0883165 -0.081285 0.664131
internal_count=67010 12943 54067 10172 13170 12249 9270
shrinkage=0.05


Tree=5
num_leaves=8
num_cat=0
split_feature=4 3 8 3 0 6 0
split_gain=511.424 127.302 73.5752 53.368 40.0816 36.7592 28.8221
threshold=137.83333333333334 77.833333333333357 1.0000000180025095e-35 92.833333333333357 61.500000000000007 6.2500000000000009 52.500000000000007
decision_type=10 10 2 10 2 10 2
left_child=1 6 4 5 -3 -2 -1
right_child=3 2 -4 -5 -6 -7 -8
leaf_value=-0.043260551272775283 0.04044213486183016 -0.0034630997634554038 0.10459469154657049 0.11240229612783573 0.092448169151179954 0.1421693518712692 -0.012583701724545558
leaf_count=32342 4810 16189 1217 2487 681 508 8776
internal_value=0 -0.397078 0.207431 1.60485 0.0358038 1.05847 -0.719414
internal_count=67010 59205 18087 7805 16870 5318 41118
shrinkage=0.05


Tree=6
num_leaves=8
num_cat=0
split_feature=3 0 4 2 0 0 4
split_gain=452.95 75.1437 65.9692 39.8179 28.8531 28.3664 29.5303
threshold=83.833333333333357 52.500000000000007 139.83333333333334 27.650000000000002 61.500000000000007 48.500000000000007 168.33333333333334
decision_type=10 2 10 8 2 2 10
left_child=1 -1 -2 4 -3 -4 -7
right_child=2 3 5 -5 -6 6 -8
leaf_value=-0.036429359300603918 0.030418682046376475 -0.014112552713658419 0.046611612041544855 0.081144095229896185 0.044050339293799874 0.088115158075836642 0.19522517241764736
leaf_count=40897 8318 10559 1654 921 1690 2789 182
internal_value=0 -0.499327 1.12611 0.0804085 -0.0794145 1.65167 1.99732
internal_count=67010 54067 12943 13170 12249 4625 2971
shrinkage=0.05


Tree=7
num_leaves=8
num_cat=0
split_feature=4 4 3 8 6 0 2
split_gain=405.419 68.1053 54.8355 41.5351 31.5422 29.0794 26.849
threshold=131.16666666666671 142.25000000000003 77.833333333333357 1.0000000180025095e-35 6.2500000000000009 41.500000000000007 29.050000000000004
decision_type=10 10 10 2 8 2 8
left_child=2 5 -1 -4 -3 -2 -7
right_child=1 4 3 -5 -6 6 -8
leaf_value=-0.035846257144919867 -0.040421266083476182 0.061587284219523246 -0.0085312894976504357 0.081977102082805134 0.12322263155303965 0.025606990988792617 0.092216787064737474
leaf_count=39471 1106 3159 11945 829 1014 8494 992
internal_value=0 0.977066 -0.514829 -0.00698879 1.55188 0.543031 0.675817
internal_count=67010 14765 52245 12774 4173 10592 9486
shrinkage=0.05


Tree=8
num_leaves=8
num_cat=0
split_feature=4 3 0 2 0 6 2
split_gain=358.33 54.824 54.5181 39.2677 28.3705 22.9296 21.9994
threshold=131.16666666666671 87.833333333333357 51.500000000000007 23.950000000000003 52.500000000000007 6.1500000000000012 29.550000000000004
decision_type=10 10 2 10 2 8 10
left_child=2 4 -1 -4 6 -5 -2
right_child=1 -3 3 5 -6 -7 -8
leaf_value=-0.036295126151400466 -0.011043248392113229 0.063804457421856697 -0.018603671001201874 0.0092429703970891199 0.046394950300349902 0.076716424325957197 0.070355229995144319
leaf_count=37477 5231 5705 10240 3078 3211 1450 618
internal_value=0 0.885913 -0.502004 -0.0345035 0.39573 0.646391 -0.0152143
internal_count=67010 14765 52245 14768 9060 4528 5849
shrinkage=0.05


Tree=9
num_leaves=8
num_cat=0
split_feature=3 0 4 8 6 2 4
split_gain=324.104 55.6732 48.5467 41.7208 30.234 26.1487 23.1532
threshold=81.583333333333357 52.500000000000007 135.83333333333334 1.0000000180025095e-35 6.2500000000000009 29.050000000000004 168.33333333333334
decision_type=10 2 10 2 10 10 10
left_child=1 -1 3 -2 5 -3 -4
right_child=2 4 6 -5 -6 -7 -8
leaf_value=-0.037089584725161447 0.0036435906153165845 -0.011517058922473618 0.048405415211324673 0.09800627907381404 0.073245682985312185 0.10287518772073789 0.11623974217165496
leaf_count=38457 8437 10736 7391 640 846 242 261
internal_value=0 -0.525249 0.76496 0.270787 0.00531363 -0.140147 1.06858
internal_count=67010 50281 16729 9077 11824 10978 7652
shrinkage=0.05


Tree=10
num_leaves=8
num_cat=0
split_feature=3 4 0 8 0 4 0
split_gain=293.714 57.762 48.0109 38.7215 27.3146 28.1248 20.9824
threshold=79.833333333333357 135.83333333333334 61.500000000000007 1.0000000180025095e-35 62.500000000000007 119.33333333333336 45.500000000000007
decision_type=10 10 2 2 2 10 2
left_child=2 3 -1 -2 5 -4 -3
right_child=1 6 4 -5 -6 -7 -8
leaf_value=-0.033043198236711153 0.00022589216811978128 0.017143660067319932 0.0072233176559134502 0.078334042992062813 0.0025592109859293583 0.20268657876445864 0.055666254639531357
leaf_count=44548 11767 1995 244 868 1002 202 6384
internal_value=0 0.62394 -0.582137 0.172835 0.841953 2.37626 0.956522
internal_count=67010 21014 45996 12635 1448 446 8379
shrinkage=0.05


Tree=11
num_leaves=8
num_cat=0
split_feature=3 3 7 0 0 2 6
split_gain=264.892 48.4765 62.3237 46.4894 24.823 23.3396 20.1404
threshold=79.833333333333357 89.583333333333357 1.0000000180025095e-35 52.500000000000007 53.500000000000007 27.450000000000003 6.1500000000000012
decision_type=10 10 2 2 2 8 10
left_child=3 2 4 -1 -2 -6 -5
right_child=1 -3 -4 6 5 -7 -8
leaf_value=-0.039154090979842043 -0.003477844987094054 0.049920867815470012 0.14048219696495542 -0.0093175237605485454 0.018914734486352933 0.091578036595079515 0.055084768048792421
leaf_count=35570 11071 4680 426 9522 4252 585 904
internal_value=0 0.575331 0.285396 -0.56943 0.180491 0.613494 -0.039984
internal_count=67010 21014 16334 45996 15908 4837 10426
shrinkage=0.05


Tree=12
num_leaves=8
num_cat=0
split_feature=4 0 0 2 4 6 5
split_gain=241.262 45.9932 36.1212 34.8816 22.7854 20.1568 19.1674
threshold=130.83333333333334 51.500000000000007 45.500000000000007 23.950000000000003 142.25000000000003 6.2500000000000009 1.9959459459459461
decision_type=10 2 2 10 10 8 10
left_child=1 -1 -2 -3 -4 -6 -7
right_child=2 3 4 -5 5 6 -8
leaf_value=-0.035182516750898486 0.0008140229349731902 -0.019015487398425554 0.026363746223482282 0.029563965890268246 0.043498974882832518 0.030235142807603449 0.11822228181303135
leaf_count=36732 4451 9981 8284 4341 2466 260 495
internal_value=0 -0.475337 0.630387 -0.0424625 0.802212 1.11999 1.82587
internal_count=67010 51054 15956 14322 11505 3221 755
shrinkage=0.05


Tree=13
num_leaves=8
num_cat=0
split_feature=3 0 2 4 7 3 0
split_gain=222.714 43.6707 37.823 32.4485 25.34 27.9551 19.5696
threshold=79.833333333333357 52.500000000000007 25.150000000000002 145.16666666666671 1.0000000180025095e-35 92.833333333333357 47.500000000000007
decision_type=10 2 8 10 2 10 2
left_child=1 -1 3 6 5 -4 -2
right_child=2 -3 4 -5 -6 -7 -8
leaf_value=-0.038339432653821719 -0.02439703625121703 -0.0019542084676650077 0.021530326055498764 0.042129684462730389 0.11471741337411863 0.064756430685067604 0.011846518792448028
leaf_count=35570 4033 10426 6063 1621 377 1360 7560
internal_value=0 -0.547517 0.503278 0.245415 0.858253 0.750225 0.0208349
internal_count=67010 45996 21014 13214 7800 7423 11593
shrinkage=0.05


Tree=14
num_leaves=8
num_cat=0
split_feature=3 4 8 0 0 2 5
split_gain=204.713 46.0454 37.0726 31.4726 25.2165 18.8343 18.0858
threshold=76.583333333333357 135.83333333333334 1.0000000180025095e-35 61.500000000000007 52.500000000000007 24.050000000000004 2.2932183908045976
decision_type=10 10 2 2 2 8 8
left_child=4 2 3 5 -1 -2 -4
right_child=1 -3 6 -5 -6 -7 -8
leaf_value=-0.040294919479681696 -0.023638747460853173 0.034147926129948498 0.10614691971498635 0.070938291121318817 -0.0091599321357606119 0.0081772451696241512 0.018311149667413981
leaf_count=31254 9410 9074 558 661 8419 6988 646
internal_value=0 0.401842 0.0648625 -0.0782867 -0.627723 -0.183097 1.22639
internal_count=67010 27337 18263 17059 39673 16398 1204
shrinkage=0.05


Tree=15
num_leaves=8
num_cat=0
split_feature=3 4 8 0 0 6 2
split_gain=187.25 39.3111 31.8357 27.111 24.7029 17.7307 17.4404
threshold=76.583333333333357 135.83333333333334 1.0000000180025095e-35 61.500000000000007 52.500000000000007 6.2500000000000009 24.050000000000004
decision_type=10 10 2 2 2 10 8
left_child=4 2 3 6 -1 -6 -2
right_child=1 -3 -4 -5 5 -7 -8
leaf_value=-0.039874034525523322 -0.023001547437855829 0.031419642048777265 0.055285740412464139 0.06341995097872119 -0.015961271337953917 0.056912365317834224 0.0077107107691476474
leaf_count=31254 9410 9074 1204 661 7852 567 6988
internal_value=0 0.374685 0.0617147 -0.0746862 -0.615652 -0.175726 -0.175718
internal_count=67010 27337 18263 17059 39673 8419 16398
shrinkage=0.05


Tree=16
num_leaves=8
num_cat=0
split_feature=3 3 2 0 0 6 6
split_gain=171.352 35.8511 31.0259 24.1808 24.1692 19.26 15.6897
threshold=76.583333333333357 87.833333333333357 29.550000000000004 52.500000000000007 53.500000000000007 6.1500000000000012 6.2500000000000009
decision_type=10 10 8 2 2 10 10
left_child=3 2 4 -1 -2 -6 -5
right_child=1 -3 -4 6 5 -7 -8
leaf_value=-0.039441822176807889 -0.013472337319918018 0.031407735773532446 0.058721694560870147 -0.015414712725737887 0.0095902046845287598 0.074125084456523174 0.051695477174536542
leaf_count=31254 13294 6989 1396 7852 5088 570 567
internal_value=0 0.34973 0.0939051 -0.603435 -0.0148317 0.377755 -0.168237
internal_count=67010 27337 20348 39673 18952 5658 8419
shrinkage=0.05


Tree=17
num_leaves=8
num_cat=0
split_feature=3 2 0 0 4 7 4
split_gain=156.933 31.2079 34.7706 23.6359 19.3811 21.9978 15.8529
threshold=76.583333333333357 25.150000000000002 47.500000000000007 52.500000000000007 168.83333333333334 1.0000000180025095e-35 144.16666666666671
decision_type=10 8 2 2 10 2 10
left_child=3 2 -2 -1 5 -3 -4
right_child=1 4 6 -5 -6 -7 -8
leaf_value=-0.038998246368185829 -0.02208944916908449 0.02227778956486173 0.0074393956476555964 -0.0080509766991919678 0.092567608569183821 0.085834790698853358 0.037026060249980279
leaf_count=31254 6332 8981 10073 8419 131 444 1376
internal_value=0 0.326935 0.116982 -0.591114 0.617794 0.540765 0.324433
internal_count=67010 27337 17781 39673 9556 9425 11449
shrinkage=0.05


Tree=18
num_leaves=8
num_cat=0
split_feature=3 3 8 0 0 0 2
split_gain=143.868 28.4512 26.1513 23.7639 23.0596 22.9649 19.7585
threshold=76.583333333333357 87.833333333333357 1.0000000180025095e-35 61.500000000000007 52.500000000000007 62.500000000000007 25.350000000000005
decision_type=10 10 2 2 2 2 8
left_child=4 2 3 6 -1 -5 -2
right_child=1 -3 -4 5 -6 -7 -8
leaf_value=-0.038543309242227097 -0.017734934056012827 0.027315488855855274 0.04604253763965209 0.11432046366303616 -0.0077141990348656196 0.007435526852636716 0.014135761287605762
leaf_count=31254 12817 6989 1402 297 8419 579 5253
internal_value=0 0.306155 0.0778735 -0.0378901 -0.578721 0.961179 -0.138001
internal_count=67010 27337 20348 18946 39673 876 18070
shrinkage=0.05


Tree=19
num_leaves=8
num_cat=0
split_feature=3 2 6 0 4 0 4
split_gain=132.113 29.6718 21.8566 19.3376 18.7378 17.1495 14.9679
threshold=75.833333333333357 22.350000000000005 6.8500000000000005 56.500000000000007 134.83333333333334 53.500000000000007 131.83333333333334
decision_type=10 8 10 2 10 2 10
left_child=3 4 5 -1 -2 6 -3
right_child=1 2 -4 -5 -6 -7 -8
leaf_value=-0.035782668777864103 -0.024361655136809594 -0.0094501076685444552 0.063643965434968461 0.0010756651935140875 0.011813844381410428 0.031078329969565735 0.017584952473941266
leaf_count=33717 6836 7378 861 3690 2585 5644 6299
internal_value=0 0.273173 0.411492 -0.594533 -0.120314 0.347245 0.180043
internal_count=67010 29603 20182 37407 9421 19321 13677
shrinkage=0.05


Tree=20
num_leaves=8
num_cat=0
split_feature=3 0 2 0 4 3 8
split_gain=121.377 26.3162 22.7983 18.6335 18.0156 16.1837 17.8516
threshold=75.833333333333357 44.500000000000007 29.950000000000003 56.500000000000007 143.83333333333334 93.833333333333357 1.0000000180025095e-35
decision_type=10 2 8 2 10 10 2
left_child=3 5 4 -1 -3 6 -2
right_child=1 2 -4 -5 -6 -7 -8
leaf_value=-0.035250214567506995 -0.028165987566588564 0.0068952450430287172 0.052792888829627606 0.0010220432818237978 0.029135928971414111 0.027574072386140454 0.070855299961594828
leaf_count=33717 6317 18512 1372 3690 2776 439 187
internal_value=0 0.256188 0.355346 -0.582163 0.283215 -0.223985 -0.44053
internal_count=67010 29603 22660 37407 21288 6943 6504
shrinkage=0.05


Tree=21
num_leaves=8
num_cat=0
split_feature=3 2 0 2 0 6 4
split_gain=111.584 25.1081 18.5143 17.5185 17.3014 16.5837 16.492
threshold=75.833333333333357 22.350000000000005 52.500000000000007 29.050000000000004 37.500000000000007 6.8500000000000005 134.83333333333334
decision_type=10 8 2 10 2 10 10
left_child=2 6 -1 -4 -3 -6 -2
right_child=1 4 3 -5 5 -7 -8
leaf_value=-0.037940973180341411 -0.023734535774121563 -0.034668954297103323 -0.013735644102416317 0.090798015557560618 0.017252277659387 0.056478414929280352 0.010208786148286794
leaf_count=29636 6836 998 7593 178 18336 848 2585
internal_value=0 0.240652 -0.569707 -0.16649 0.364512 0.403209 -0.122441
internal_count=67010 29603 37407 7771 20182 19184 9421
shrinkage=0.05


Tree=22
num_leaves=8
num_cat=0
split_feature=3 4 0 2 2 0 0
split_gain=102.493 22.6658 18.066 17.164 15.3237 14.2328 11.6351
threshold=75.833333333333357 130.83333333333334 52.500000000000007 23.950000000000003 29.050000000000004 37.500000000000007 43.500000000000007
decision_type=10 10 2 8 10 2 2
left_child=2 3 -1 -2 -4 -3 -5
right_child=1 5 4 6 -6 -7 -8
leaf_value=-0.03746158427625005 -0.019734841913748101 -0.032885986030393125 -0.013236863874962847 -0.031552237975054506 0.081514008924989334 0.01961216627896839 0.019618423906633226
leaf_count=29636 8975 735 7593 1290 178 13360 5243
internal_value=0 0.225938 -0.557092 -0.079822 -0.158866 0.357327 0.238734
internal_count=67010 29603 37407 15508 7771 14095 6533
shrinkage=0.05


Tree=23
num_leaves=8
num_cat=0
split_feature=3 2 0 0 4 2 2
split_gain=94.1259 20.9538 17.5998 15.5526 13.9975 13.461 12.8453
threshold=75.833333333333357 22.350000000000005 52.500000000000007 53.500000000000007 134.83333333333334 29.050000000000004 24.950000000000003
decision_type=10 8 2 2 10 10 8
left_child=2 4 -1 6 -2 -4 -3
right_child=1 3 5 -5 -6 -7 -8
leaf_value=-0.036971070291255889 -0.022795894069967248 -0.0060496259736349542 -0.012750027430911682 0.028048071483203298 0.0085658864128293939 0.073572125334256569 0.016872382642946548
leaf_count=29636 6836 6364 7593 5988 2585 178 7830
internal_value=0 0.212153 -0.544428 0.322337 -0.121227 -0.151569 0.169202
internal_count=67010 29603 37407 20182 9421 7771 14194
shrinkage=0.05


Tree=24
num_leaves=8
num_cat=0
split_feature=3 0 2 0 3 3 8
split_gain=86.4803 19.8989 18.4286 17.1181 14.774 13.7246 15.5751
threshold=75.833333333333357 44.500000000000007 34.650000000000013 52.500000000000007 87.833333333333357 93.833333333333357 1.0000000180025095e-35
decision_type=10 2 8 2 10 10 2
left_child=3 5 4 -1 -3 6 -2
right_child=1 2 -4 -5 -6 -7 -8
leaf_value=-0.036469594335509073 -0.027516240167210954 0.0036530577630708087 0.076259156072876463 -0.0072291856362388836 0.021386102400943834 0.023520602550721807 0.061945309576226848
leaf_count=29636 6317 16624 346 7771 5690 439 187
internal_value=0 0.199475 0.281522 -0.53173 0.250109 -0.22108 -0.428231
internal_count=67010 29603 22660 37407 22314 6943 6504
shrinkage=0.05


Tree=25
num_leaves=8
num_cat=0
split_feature=3 2 0 0 6 4 4
split_gain=79.546 18.02 16.6966 13.3043 12.7296 12.4012 12.0853
threshold=75.833333333333357 22.350000000000005 51.500000000000007 37.500000000000007 6.8500000000000005 134.83333333333334 168.33333333333334
decision_type=10 8 2 2 10 10 10
left_child=2 5 -1 -3 6 -2 -5
right_child=1 3 -4 4 -6 -7 -8
leaf_value=-0.036697940581007261 -0.022176244154846026 -0.033535429587125291 -0.0081107309099301625 0.011564731486050847 0.046221974222573757 0.0073939214671947112 0.055241961498135261
leaf_count=28275 6836 998 9132 18166 848 2585 170
internal_value=0 0.187944 -0.519099 0.287975 0.319097 -0.122108 0.268725
internal_count=67010 29603 37407 20182 19184 9421 18336
shrinkage=0.05


Tree=26
num_leaves=8
num_cat=0
split_feature=4 0 3 6 5 4 3
split_gain=73.4166 27.3132 18.3691 17.2607 14.9696 14.6659 11.5132
threshold=117.25000000000001 45.500000000000007 85.833333333333357 6.3500000000000005 3.6272848122299775 131.16666666666671 91.833333333333357
decision_type=10 2 10 10 8 10 10
left_child=-1 2 -2 5 -4 -3 -6
right_child=1 3 4 -5 6 -7 -8
leaf_value=-0.029883552076003485 -0.028724414531767731 -0.0034643291116837702 -0.0022400684739643495 0.039430401700727064 -0.0053660817922785726 0.015943804494949743 0.10887936326483867
leaf_count=28262 10879 14221 1897 1675 168 9804 104
internal_value=0 0.14941 -0.245532 0.258511 0.158859 0.192288 1.33179
internal_count=67010 38748 13048 25700 2169 24025 272
shrinkage=0.05


Tree=27
num_leaves=8
num_cat=0
split_feature=3 0 2 0 4 2 0
split_gain=67.9973 16.3496 15.49 11.6729 10.712 10.659 15.1838
threshold=75.833333333333357 56.500000000000007 22.350000000000005 37.500000000000007 134.83333333333334 24.150000000000002 47.500000000000007
decision_type=10 2 8 2 10 10 2
left_child=1 5 4 -4 -2 -1 -7
right_child=2 -3 3 -5 -6 6 -8
leaf_value=-0.038402497924235196 -0.021333840504457014 0.0037048503686979862 -0.032836883154765316 0.014362988304289863 0.0062557571495420079 -0.036347151681395594 0.02544505858381951
leaf_count=26517 6836 3690 998 19184 2585 4533 2667
internal_value=0 -0.495459 0.168259 0.25926 -0.120393 -0.63226 -0.16186
internal_count=67010 37407 29603 20182 9421 33717 7200
shrinkage=0.05


Tree=28
num_leaves=8
num_cat=0
split_feature=4 0 3 2 5 4 0
split_gain=63.8766 23.2037 16.5457 15.5138 12.9638 12.1033 11.9881
threshold=117.25000000000001 45.500000000000007 85.833333333333357 29.950000000000003 3.6272848122299775 143.83333333333334 61.500000000000007
decision_type=10 2 10 8 8 10 2
left_child=-1 2 -2 5 -4 6 -3
right_child=1 3 4 -5 -6 -7 -8
leaf_value=-0.028788953576574551 -0.027832206443546271 -0.00029728169237672717 -0.0024768340443901936 0.038510286232264275 0.060099456336122736 0.0204739179003025 0.031513472833460086
leaf_count=28262 10879 20191 1897 1436 272 2684 1389
internal_value=0 0.134717 -0.233627 0.232983 0.143444 0.175344 0.0621636
internal_count=67010 38748 13048 25700 2169 24264 21580
shrinkage=0.05


Tree=29
num_leaves=8
num_cat=0
split_feature=4 0 2 3 4 2 2
split_gain=59.0447 21.1745 18.3254 19.274 13.3529 12.4328 11.8178
threshold=117.25000000000001 48.500000000000007 26.550000000000004 96.583333333333357 168.33333333333334 21.250000000000004 24.650000000000002
decision_type=10 2 10 10 10 8 10
left_child=6 2 3 -2 5 -3 -1
right_child=1 4 -4 -5 -6 -7 -8
leaf_value=-0.034522727539767623 -0.023552114720094566 -0.0097631765613308934 0.013635932278814293 0.032579189716159911 0.053860655544058611 0.014551730282715784 0.0020540821959286102
leaf_count=24231 14435 4028 4142 313 189 15641 4031
internal_value=0 0.127271 -0.12706 -0.336868 0.256518 0.217725 -0.563247
internal_count=67010 38748 18890 14748 19858 19669 28262
shrinkage=0.05


Tree=30
num_leaves=8
num_cat=0
split_feature=4 0 3 6 2 5 4
split_gain=54.5724 19.2409 15.0011 13.2398 11.3471 11.0615 10.8309
threshold=117.25000000000001 45.500000000000007 85.833333333333357 6.3500000000000005 24.650000000000002 3.6272848122299775 131.16666666666671
decision_type=10 2 10 10 10 8 10
left_child=4 2 -2 6 -1 -4 -3
right_child=1 3 5 -5 -6 -7 -8
leaf_value=-0.033969329386790578 -0.026877245215299567 -0.0037892217679916292 -0.0024155202161510493 0.032714667362208454 0.0019512051987826838 0.054122318718556175 0.012727505551337679
leaf_count=24231 10879 14221 1897 1675 4031 272 9804
internal_value=0 0.120226 -0.219614 0.207577 -0.550726 0.134224 0.149593
internal_count=67010 38748 13048 25700 28262 2169 24025
shrinkage=0.05


Tree=31
num_leaves=8
num_cat=0
split_feature=4 0 2 3 8 5 2
split_gain=50.4249 17.4507 12.7802 11.5604 13.6287 13.1979 10.8837
threshold=117.25000000000001 44.500000000000007 21.550000000000004 93.833333333333357 1.0000000180025095e-35 2.1878676470588245 24.650000000000002
decision_type=10 2 8 10 2 8 10
left_child=6 3 -3 4 -2 -6 -1
right_child=1 2 -4 -5 5 -7 -8
leaf_value=-0.033406829612334675 -0.026922517607148838 -0.0077175042257193009 0.012713572637591375 0.017918489981443738 0.14721206944765344 -0.0063021860107709705 0.0018536572994751336
leaf_count=24231 10287 6572 21190 439 72 188 4031
internal_value=0 0.113603 0.185522 -0.258718 -0.433679 1.0717 -0.538155
internal_count=67010 38748 27762 10986 10547 260 28262
shrinkage=0.05


Tree=32
num_leaves=8
num_cat=0
split_feature=3 0 2 0 2 4 6
split_gain=46.9903 15.5894 11.7502 11.5551 10.3597 8.57307 7.96569
threshold=75.833333333333357 49.500000000000007 29.050000000000004 37.500000000000007 22.350000000000005 134.83333333333334 6.2500000000000009
decision_type=10 2 10 2 8 10 10
left_child=1 -1 6 -2 5 -5 -3
right_child=3 2 -4 4 -6 -7 -8
leaf_value=-0.035392515494146744 -0.033793310100452063 -0.015975503778096874 0.063143192992546712 -0.019157009191558882 0.011313616429639281 0.0062361303864733675 0.036531418020676894
leaf_count=25472 1586 11098 257 6379 19184 2454 580
internal_value=0 -0.440506 -0.130168 0.130647 0.154094 -0.0890166 -0.222989
internal_count=67010 37407 11935 29603 28017 8833 11678
shrinkage=0.05


Tree=33
num_leaves=8
num_cat=0
split_feature=4 0 2 3 4 2 2
split_gain=43.7611 15.2758 15.6324 13.9801 10.9644 10.3342 9.10976
threshold=117.25000000000001 48.500000000000007 25.850000000000005 96.583333333333357 168.33333333333334 24.650000000000002 21.250000000000004
decision_type=10 2 10 10 10 10 8
left_child=5 2 3 -2 6 -1 -3
right_child=1 4 -4 -5 -6 -7 -8
leaf_value=-0.032423968015548629 -0.023313223497953575 -0.0091704244270974546 0.01011053572931099 0.027622287457354622 0.046438467518099824 0.0022006187105704004 0.011700438854078185
leaf_count=24231 13511 4028 5111 268 189 4031 15641
internal_value=0 0.102845 -0.116417 -0.344219 0.208973 -0.515618 0.174003
internal_count=67010 38748 18890 13779 19858 28262 19669
shrinkage=0.05


Tree=34
num_leaves=8
num_cat=0
split_feature=4 0 2 6 3 2 0
split_gain=40.4007 14.1617 15.6117 11.9665 11.2653 9.87789 8.73586
threshold=117.25000000000001 53.500000000000007 26.550000000000004 6.1500000000000012 87.833333333333357 24.650000000000002 56.500000000000007
decision_type=10 2 8 10 10 10 2
left_child=5 2 4 -3 -2 6 -1
right_child=1 3 -4 -5 -6 -7 -8
leaf_value=-0.038447138354857552 -0.017661752039792044 0.0087185699830556514 0.012547119660132465 0.036401094660990251 0.0036642788465093405 0.0020901195972766722 -0.0013267501348100009
leaf_count=21939 19185 9341 6126 1235 2861 4031 2292
internal_value=0 0.0972673 -0.0266746 0.270775 -0.172391 -0.502985 -0.636779
internal_count=67010 38748 28172 10576 22046 28262 24231
shrinkage=0.05


Tree=35
num_leaves=8
num_cat=0
split_feature=3 0 2 5 3 6 0
split_gain=37.4511 14.647 10.2971 12.5902 11.8946 10.3734 10.2448
threshold=75.833333333333357 49.500000000000007 20.450000000000003 1.403367289190719 68.833333333333357 6.1500000000000012 37.500000000000007
decision_type=10 2 10 8 10 10 2
left_child=1 -1 -3 4 -4 -5 -2
right_child=6 2 3 5 -6 -7 -8
leaf_value=-0.034098359228748501 -0.033110301273356353 -0.034648003290333622 -0.009063300845003246 -0.013845499991842659 0.10170709646873961 0.043242163055654204 0.0066844320979343097
leaf_count=25472 1586 3527 630 6539 625 614 28017
internal_value=0 -0.407837 -0.107316 0.0948284 1.14214 -0.0882746 0.112336
internal_count=67010 37407 11935 8408 1255 7153 29603
shrinkage=0.05


Tree=36
num_leaves=8
num_cat=0
split_feature=4 0 2 8 3 5 2
split_gain=35.0044 12.4124 10.781 9.96393 11.7729 10.6491 9.3814
threshold=117.25000000000001 44.500000000000007 34.650000000000013 1.0000000180025095e-35 92.833333333333357 2.1878676470588245 24.650000000000002
decision_type=10 2 8 2 10 8 10
left_child=6 3 -3 4 -2 -5 -1
right_child=1 2 -4 5 -6 -7 -8
leaf_value=-0.030839438868962767 -0.02608935008839482 0.0061674638693666965 0.04975270534833709 0.1285953619331521 0.013732262793528667 0.00078274525523637961 0.0024905210603020679
leaf_count=24231 10226 27367 395 73 478 209 4031
internal_value=0 0.0880732 0.146206 -0.233095 -0.316369 0.906252 -0.480533
internal_count=67010 38748 27762 10986 10704 282 28262
shrinkage=0.05


Tree=37
num_leaves=8
num_cat=0
split_feature=4 6 4 0 4 2 0
split_gain=32.3053 11.6526 11.9644 10.6247 9.78405 8.93535 8.72481
threshold=117.25000000000001 6.3500000000000005 131.16666666666671 59.500000000000007 121.16666666666667 24.650000000000002 56.500000000000007
decision_type=10 10 10 2 10 10 2
left_child=5 2 3 -2 -5 6 -1
right_child=1 -3 -4 4 -6 -7 -8
leaf_value=-0.037295826643117695 -0.012753918733708328 0.023202598411617422 0.0068087650391053306 0.072939297030376035 0.0028823551340340699 0.0023648266587700637 0.0006393797961037666
leaf_count=21939 21609 1956 13725 396 1062 4031 2292
internal_value=0 0.0835323 0.0374427 -0.16597 0.439794 -0.467955 -0.604718
internal_count=67010 38748 36792 23067 1458 28262 24231
shrinkage=0.05


Tree=38
num_leaves=8
num_cat=0
split_feature=3 0 2 5 3 0 6
split_gain=29.9062 13.7155 9.49674 11.2057 9.64102 9.00455 8.79066
threshold=75.833333333333357 49.500000000000007 20.450000000000003 1.403367289190719 67.833333333333357 37.500000000000007 6.1500000000000012
decision_type=10 2 10 8 10 2 10
left_child=1 -1 -3 4 -4 -2 -5
right_child=5 2 3 6 -6 -7 -8
leaf_value=-0.032793369551007596 -0.032283213843266101 -0.033570137525219305 -0.014346232408892587 -0.01276211969254944 0.086995905795145226 0.0058297194681266006 0.038922182191201665
leaf_count=25472 1586 3527 553 6539 702 28017 614
internal_value=0 -0.376359 -0.0860725 0.104708 1.07334 0.0972558 -0.0733129
internal_count=67010 37407 11935 8408 1255 29603 7153
shrinkage=0.05


Tree=39
num_leaves=8
num_cat=0
split_feature=4 6 0 2 2 3 2
split_gain=27.9351 11.1591 10.9841 13.388 9.68962 8.57023 8.4425
threshold=117.25000000000001 12.050000000000002 53.500000000000007 26.550000000000004 21.250000000000004 87.833333333333357 24.650000000000002
decision_type=10 10 2 8 10 10 10
left_child=6 2 3 5 -4 -2 -1
right_child=1 -3 4 -5 -6 -7 -8
leaf_value=-0.029212097050406862 -0.017031147615635102 0.12100329712238776 -0.010807132700262588 0.010569379607248675 0.014800754921017718 0.0015971794684653191 0.0027185005030389781
leaf_count=24231 19181 25 2277 6120 8290 2855 4031
internal_value=0 0.0757662 0.0685508 -0.0414212 0.21784 -0.178308 -0.445657
internal_count=67010 38748 38723 28156 10567 22036 28262
shrinkage=0.05


Tree=40
num_leaves=8
num_cat=0
split_feature=3 4 2 0 0 1 0
split_gain=26.2583 11.8797 12.0496 7.78251 6.91564 6.72279 5.76955
threshold=67.833333333333357 130.83333333333334 23.950000000000003 43.500000000000007 56.500000000000007 1.5000000000000002 59.500000000000007
decision_type=10 10 8 2 2 2 2
left_child=4 2 6 -4 -1 -6 -2
right_child=1 -3 3 -5 5 -7 -8
leaf_value=-0.035520004197618291 -0.021449239314631028 0.0073789458628726462 -0.026582505232434103 0.010114240525244088 0.034480666309636192 -0.03073733186954089 0.0092020208701117309
leaf_count=17748 19287 15632 2789 8652 777 771 1354
internal_value=0 0.0550474 -0.124202 0.101778 -0.566263 0.0675662 -0.342084
internal_count=67010 47714 32082 11441 19296 1548 20641
shrinkage=0.05


Tree=41
num_leaves=8
num_cat=0
split_feature=3 4 2 0 0 1 2
split_gain=24.376 10.7066 11.0743 7.13899 6.63713 6.1126 5.65551
threshold=67.833333333333357 130.83333333333334 23.950000000000003 43.500000000000007 56.500000000000007 1.5000000000000002 32.550000000000004
decision_type=10 10 8 2 2 2 10
left_child=4 2 -2 -4 -1 -6 -5
right_child=1 -3 3 6 5 -7 -8
leaf_value=-0.034995595223045323 -0.016537867768090547 0.0069636144211039936 -0.025978817564289436 0.0070745336443537562 0.03197863500771736 -0.030200369095751797 0.066007356528896
leaf_count=17748 20641 15632 2789 8466 777 771 186
internal_value=0 0.0520791 -0.118963 0.0959816 -0.553982 0.0637282 0.190375
internal_count=67010 47714 32082 11441 19296 1548 8652
shrinkage=0.05


Tree=42
num_leaves=8
num_cat=0
split_feature=3 6 0 2 8 0 3
split_gain=22.6272 10.5291 10.2748 10.1901 8.68705 9.93215 8.85459
threshold=67.833333333333357 12.050000000000002 44.500000000000007 34.650000000000013 1.0000000180025095e-35 42.500000000000007 92.833333333333357
decision_type=10 10 2 10 2 2 10
left_child=-1 2 4 -4 6 -6 -2
right_child=1 -3 3 -5 5 -7 -8
leaf_value=-0.027083084662567543 -0.024345520621119887 0.11417562829863881 0.0037297216768751047 0.050230597838145125 -0.036228913702725817 0.077576678144291644 0.009534855075860554
leaf_count=19296 12742 25 33911 243 116 200 477
internal_value=0 0.0493662 0.0427444 0.0930539 -0.241396 0.792065 -0.316865
internal_count=67010 47714 47689 34154 13535 316 13219
shrinkage=0.05


Tree=43
num_leaves=8
num_cat=0
split_feature=4 6 0 2 2 5 2
split_gain=21.0289 8.94291 9.0256 11.0126 8.16393 7.75694 8.81265
threshold=117.25000000000001 12.050000000000002 53.500000000000007 26.550000000000004 21.250000000000004 2.3963890696161361 27.350000000000005
decision_type=10 10 2 8 10 8 8
left_child=-1 2 3 -2 -4 6 -5
right_child=1 -3 4 5 -6 -7 -8
leaf_value=-0.020162192902352487 -0.008501836742154668 0.10253936940091202 -0.010545753194647033 0.065491383304087006 0.012976630471192095 0.00027877807366376463 0.013543106565402597
leaf_count=28262 22036 25 2277 536 8290 3898 1686
internal_value=0 0.0630668 0.0563266 -0.04388 0.189667 0.181566 0.498717
internal_count=67010 38748 38723 28156 10567 6120 2222
shrinkage=0.05


Tree=44
num_leaves=8
num_cat=0
split_feature=3 4 2 0 0 1 0
split_gain=20.0633 8.8121 9.72075 6.58447 6.11296 5.75955 5.28638
threshold=67.833333333333357 130.83333333333334 23.950000000000003 56.500000000000007 43.500000000000007 1.5000000000000002 59.500000000000007
decision_type=10 10 8 2 2 2 2
left_child=3 2 6 -1 -4 -5 -2
right_child=1 -3 4 5 -6 -7 -8
leaf_value=-0.033762918548584576 -0.020006571072551146 0.0061912806058165683 -0.02482797257594959 0.032502871315797287 0.0086474412061066843 -0.028942114208462627 0.0094704251064881926
leaf_count=17748 19287 15632 2789 777 8652 771 1354
internal_value=0 0.0457518 -0.11072 -0.521522 0.08845 0.0995576 -0.313275
internal_count=67010 47714 32082 19296 11441 1548 20641
shrinkage=0.05


Tree=45
num_leaves=8
num_cat=0
split_feature=3 6 0 2 8 5 3
split_gain=18.5955 8.48064 8.60673 8.6091 7.75306 9.04003 7.94129
threshold=67.833333333333357 12.050000000000002 44.500000000000007 34.650000000000013 1.0000000180025095e-35 2.1878676470588245 92.833333333333357
decision_type=10 10 2 10 2 8 10
left_child=-1 2 4 -4 6 -6 -2
right_child=1 -3 3 -5 5 -7 -8
leaf_value=-0.025456531415311835 -0.023364222031942768 0.097489085203744663 0.003256695330388372 0.044971713089562035 0.10857646496192148 -0.0026517633486924505 0.0087333038820790309
leaf_count=19296 12742 25 33911 243 81 235 477
internal_value=0 0.0433019 0.0370847 0.0823758 -0.226182 0.732833 -0.300293
internal_count=67010 47714 47689 34154 13535 316 13219
shrinkage=0.05


Tree=46
num_leaves=8
num_cat=0
split_feature=3 2 0 2 3 5 6
split_gain=17.2342 8.2366 8.69614 9.98939 8.95719 7.8142 7.27377
threshold=67.833333333333357 21.250000000000004 53.500000000000007 24.050000000000004 89.833333333333357 2.9112517580872015 6.1500000000000012
decision_type=10 8 2 8 10 8 10
left_child=-1 -2 3 4 -3 -5 -4
right_child=1 2 6 5 -6 -7 -8
leaf_value=-0.024827159527808913 -0.011039374094955798 -0.022987894306816054 0.0069512523887377249 0.01142742040101769 0.0072990664353493806 -0.0071047923788437762 0.027840829477088536
leaf_count=19296 11850 11168 8512 9285 763 4906 1230
internal_value=0 0.0413361 0.0847188 -0.0175888 -0.265994 0.095036 0.221584
internal_count=67010 47714 35864 26122 11931 14191 9742
shrinkage=0.05


Tree=47
num_leaves=8
num_cat=0
split_feature=3 0 0 2 3 2 7
split_gain=15.9445 7.75243 27.4033 17.8302 11.1014 17.5411 12.082
threshold=67.833333333333357 61.500000000000007 62.500000000000007 24.550000000000004 85.833333333333357 34.150000000000013 1.0000000180025095e-35
decision_type=10 2 2 10 10 10 2
left_child=-1 4 3 -3 5 6 -2
right_child=1 2 -4 -5 -6 -7 -8
leaf_value=-0.02419850338910173 -0.011051312631258067 0.097028575886742796 -0.0054927573418317374 0.010506427952026687 0.0061825023017349299 0.072240048551457992 0.035209091979770464
leaf_count=19296 35559 450 1416 244 9143 303 599
internal_value=0 0.0391408 0.356792 1.19818 0.00541596 -0.137629 -0.17441
internal_count=67010 47714 2110 694 45604 36461 36158
shrinkage=0.05


Tree=48
num_leaves=8
num_cat=0
split_feature=4 2 0 6 0 0 3
split_gain=14.8824 7.43751 8.32672 7.06246 6.69178 14.7888 14.6094
threshold=117.25000000000001 24.650000000000002 56.500000000000007 12.050000000000002 60.500000000000007 62.500000000000007 78.583333333333357
decision_type=10 10 2 10 2 2 10
left_child=1 2 -1 4 -2 6 -6
right_child=3 -3 -4 -5 5 -7 -8
leaf_value=-0.033488653561522162 0.00035637546376095366 0.0060767212021463138 0.0058277166051320609 0.086398151823964375 0.092743125188952724 -0.005567615327934523 0.02027880852632237
leaf_count=21939 36216 4031 2292 25 427 1250 830
internal_value=0 -0.354358 -0.502824 0.0510573 0.0448167 0.305712 0.716249
internal_count=67010 28262 24231 38748 38723 2507 1257
shrinkage=0.05


Tree=49
num_leaves=8
num_cat=0
split_feature=3 2 0 2 3 5 5
split_gain=14.0266 7.23313 7.19963 8.76079 7.96908 7.05161 7.1422
threshold=67.833333333333357 21.250000000000004 53.500000000000007 24.050000000000004 89.833333333333357 2.9112517580872015 3.588760504201681
decision_type=10 8 2 8 10 8 10
left_child=-1 -2 3 4 -3 -5 -7
right_child=1 2 -4 5 -6 6 -8
leaf_value=-0.023162430231004557 -0.010561485527549257 -0.022067248219133334 0.0099742767282023637 0.0106276537607607 0.0065400628172007508 -0.017786342870132164 0.011391227977450329
leaf_count=19296 11850 11168 9742 9285 763 3180 1726
internal_value=0 0.0362222 0.0764289 -0.017178 -0.252793 0.0870806 -0.139168
internal_count=67010 47714 35864 26122 11931 14191 4906
shrinkage=0.05


Tree=50
num_leaves=8
num_cat=0
split_feature=3 6 4 2 0 1 4
split_gain=12.9573 6.70671 6.93157 7.78895 6.60318 5.63148 5.00611
threshold=67.833333333333357 12.050000000000002 130.83333333333334 23.950000000000003 56.500000000000007 1.5000000000000002 168.33333333333334
decision_type=10 10 10 8 2 2 10
left_child=4 2 3 -2 -1 -6 -4
right_child=1 -3 6 -5 5 -7 -8
leaf_value=-0.0310864688140816 -0.014993181502334335 0.082370174654746151 0.0035346964619833001 0.0031239627916932202 0.036511079847548145 -0.026693942667921335 0.024788239267316242
leaf_count=17748 20637 25 15352 11434 777 771 266
internal_value=0 0.0342711 0.0285079 -0.111859 -0.450784 0.186083 0.0965258
internal_count=67010 47714 47689 32071 19296 1548 15618
shrinkage=0.05


Tree=51
num_leaves=8
num_cat=0
split_feature=0 3 2 2 4 5 2
split_gain=12.4633 10.9549 8.52438 5.91685 6.54358 5.92524 5.57526
threshold=44.500000000000007 82.833333333333357 20.350000000000005 34.650000000000013 135.16666666666671 3.1222000995520163 37.45000000000001
decision_type=2 10 8 10 8 10 10
left_child=1 -1 -2 -4 5 -5 -6
right_child=2 -3 3 4 6 -7 -8
leaf_value=-0.029086912557275447 -0.01487146530671753 0.00060509264455996974 0.0036833868691390197 0.12420986756130609 0.039667648351264059 -0.0046279339310498413 -0.032047671498081957
leaf_count=19901 8675 2795 35385 78 80 45 51
internal_value=0 -0.292908 0.052257 0.0890072 0.738726 1.76946 0.244942
internal_count=67010 22696 44314 35639 254 123 131
shrinkage=0.05


Tree=52
num_leaves=8
num_cat=0
split_feature=3 8 3 5 0 0 6
split_gain=11.5109 6.44506 9.01856 11.2368 10.8962 19.0731 8.80422
threshold=67.833333333333357 1.0000000180025095e-35 92.833333333333357 3.6272848122299775 61.500000000000007 62.500000000000007 5.3500000000000005
decision_type=10 2 10 8 2 2 8
left_child=-1 2 4 -4 -2 6 -6
right_child=1 -3 3 -5 5 -7 -8
leaf_value=-0.021614064704553054 -0.0065457367526103837 0.014719300446698487 0.0050277680425368457 0.04583957165280815 -0.0098803434994151965 -0.0067032263008320091 0.072560137263173077
leaf_count=19296 40303 2854 2588 242 119 1143 465
internal_value=0 0.0318916 -0.00185245 0.182705 -0.0774146 0.364532 1.12645
internal_count=67010 47714 44860 2830 42030 1727 584
shrinkage=0.05


Tree=53
num_leaves=8
num_cat=0
split_feature=0 3 2 8 5 2 2
split_gain=11.1832 10.0112 7.58089 5.2288 8.93364 5.21483 5.67982
threshold=44.500000000000007 82.833333333333357 20.350000000000005 1.0000000180025095e-35 2.1878676470588245 34.650000000000013 37.45000000000001
decision_type=2 10 8 2 8 10 8
left_child=1 -1 -2 -3 -5 -4 -7
right_child=2 3 5 4 -6 6 -8
leaf_value=-0.028241388099439487 -0.014198420532263343 -0.0044111012860545305 0.0034420182439479697 0.12214891710765843 -0.0015759934898035965 0.056496162790727868 -0.0092995828819317037
leaf_count=19901 8675 2677 35385 26 92 162 92
internal_value=0 -0.28026 0.0491557 0.00789171 0.877661 0.0833882 0.6845
internal_count=67010 22696 44314 2795 118 35639 254
shrinkage=0.05


Tree=54
num_leaves=8
num_cat=0
split_feature=0 3 6 4 2 5 2
split_gain=10.3198 12.0438 8.58174 7.67116 7.27236 6.36344 7.64508
threshold=48.500000000000007 79.833333333333357 8.8500000000000032 168.33333333333334 24.850000000000005 3.3230550284629987 21.250000000000004
decision_type=2 10 10 10 10 8 8
left_child=1 -1 -3 5 -5 6 -2
right_child=3 2 -4 4 -6 -7 -8
leaf_value=-0.024125705379142451 -0.010123897195269136 -0.0023945769560795487 0.077048499597645606 -0.0019445525232288559 0.055088494004200933 -0.012581666037632562 0.0074494368258489407
leaf_count=27818 8400 8588 60 103 86 2798 19157
internal_value=0 -0.169807 -0.0153652 0.0764681 0.640618 0.0509362 0.0918021
internal_count=67010 36466 8648 30544 189 30355 27557
shrinkage=0.05


Tree=55
num_leaves=8
num_cat=0
split_feature=4 2 0 2 6 0 0
split_gain=9.72716 6.40058 7.51477 6.74965 5.54343 4.96742 11.6012
threshold=117.25000000000001 24.650000000000002 56.500000000000007 24.850000000000005 12.050000000000002 60.500000000000007 62.500000000000007
decision_type=10 10 2 10 10 2 2
left_child=1 2 -1 -3 5 -2 -7
right_child=4 3 -4 -5 -6 6 -8
leaf_value=-0.031257801024841034 6.5773001149987625e-05 0.074972052199699699 0.0068238650092593105 -0.0027143223959176315 0.072857897905872743 0.030073091963024663 -0.0059327496862770657
leaf_count=21939 36216 394 2292 3637 25 1257 1250
internal_value=0 -0.299462 -0.449117 0.140427 0.0399318 0.0341921 0.254504
internal_count=67010 28262 24231 4031 38748 38723 2507
shrinkage=0.05


Tree=56
num_leaves=8
num_cat=0
split_feature=0 3 2 8 6 2 4
split_gain=9.20494 8.93223 6.27485 4.77398 8.16853 4.58541 5.6394
threshold=44.500000000000007 82.833333333333357 20.350000000000005 1.0000000180025095e-35 6.2500000000000009 34.650000000000013 135.16666666666671
decision_type=2 10 8 2 8 10 8
left_child=1 -1 -2 -3 -5 -4 -7
right_child=2 3 5 4 -6 6 -8
leaf_value=-0.026937839435277097 -0.013172626121005114 -0.0041472996352897402 0.0030511537540792335 0.086296203192516768 -0.023091512762718841 0.077076568129052309 0.0091347388561207402
leaf_count=19901 8675 2677 35385 71 47 123 131
internal_value=0 -0.258363 0.0441951 0.0103741 0.830577 0.0747658 0.630207
internal_count=67010 22696 44314 2795 118 35639 254
shrinkage=0.05


Tree=57
num_leaves=8
num_cat=0
split_feature=3 0 6 0 0 2 6
split_gain=8.83217 5.89216 5.29548 5.1292 16.7358 13.5452 9.74445
threshold=67.833333333333357 52.500000000000007 12.050000000000002 61.500000000000007 62.500000000000007 24.550000000000004 6.1500000000000012
decision_type=10 2 10 2 2 10 10
left_child=1 -1 3 -2 5 -5 -7
right_child=2 -3 -4 4 -6 6 -8
leaf_value=-0.032351777970976575 -0.00030106343407597223 0.0017604496123488995 0.069976996359039048 0.072310918712800445 -0.0055160658766936609 -0.026725794879319194 0.060730673448308417
leaf_count=15953 45579 3343 25 450 1416 186 58
internal_value=0 -0.392101 0.0274645 0.0221422 0.272372 0.862948 0.0588998
internal_count=67010 19296 47714 47689 2110 694 244
shrinkage=0.05


Tree=58
num_leaves=8
num_cat=0
split_feature=3 0 8 3 5 0 0
split_gain=8.15522 5.60741 5.13764 7.43614 9.71367 8.31007 12.8942
threshold=67.833333333333357 52.500000000000007 1.0000000180025095e-35 92.833333333333357 3.6272848122299775 61.500000000000007 62.500000000000007
decision_type=10 2 2 10 8 2 2
left_child=1 -1 3 5 -5 -2 -7
right_child=2 -3 -4 4 -6 6 -8
leaf_value=-0.031784881547440073 -0.006077846420681229 0.0016737691851953153 0.012862810762600655 0.0042429637765451708 0.041489461541410866 0.043938842680104742 -0.0062146743733757989
leaf_count=15953 40303 3343 2854 2588 242 584 1143
internal_value=0 -0.380474 0.0262294 -0.00422178 0.161721 -0.0734686 0.30336
internal_count=67010 19296 47714 44860 2830 42030 1727
shrinkage=0.05


Tree=59
num_leaves=8
num_cat=0
split_feature=2 3 0 5 2 6 5
split_gain=7.85143 6.41449 9.62147 7.70599 9.9564 10.5285 11.7695
threshold=20.450000000000003 83.833333333333357 45.500000000000007 1.1560470779220782 23.950000000000003 5.6500000000000012 2.177598566308244
decision_type=8 10 2 8 8 10 8
left_child=-1 2 -2 -4 5 -5 -7
right_child=1 -3 3 4 -6 6 -8
leaf_value=-0.014891692954613935 -0.02304287661099717 0.0054332154100770261 0.038844830564365662 -0.026120396139314148 0.0072754704264366005 0.044272612407058903 -0.021545592102785362
leaf_count=15863 15982 11668 1469 9744 9429 1499 1356
internal_value=0 0.0326434 -0.0872899 0.00698987 -0.0385267 -0.29778 0.237169
internal_count=67010 51147 39479 23497 22028 12599 2855
shrinkage=0.05


Tree=60
num_leaves=8
num_cat=0
split_feature=0 4 2 3 6 5 5
split_gain=7.4527 11.1472 6.54841 6.91006 4.60129 9.3358 8.23705
threshold=41.500000000000007 159.25000000000003 21.250000000000004 104.83333333333336 6.9500000000000011 2.2357026143790852 3.2268439108061755
decision_type=2 10 8 10 10 10 10
left_child=1 -1 3 -2 -4 -6 -7
right_child=2 -3 4 -5 5 6 -8
leaf_value=-0.026258113193383999 -0.012871899611882526 0.056467413023770854 0.0019061288549095214 0.052505245341456987 -0.010369925510596805 0.055539032349698592 0.00067720199823651048
leaf_count=12424 16303 57 37081 41 424 419 261
internal_value=0 -0.380987 0.0238838 -0.207203 0.0624211 0.364027 0.707379
internal_count=67010 12481 54529 16344 38185 1104 680
shrinkage=0.05


Tree=61
num_leaves=8
num_cat=0
split_feature=0 2 3 5 2 5 4
split_gain=7.05811 10.1712 11.3185 6.85814 10.7807 7.77527 6.42825
threshold=48.500000000000007 26.550000000000004 96.583333333333357 2.3223072717331879 27.350000000000005 3.588760504201681 168.33333333333334
decision_type=2 10 10 8 10 10 10
left_child=1 2 -1 4 -3 -5 -2
right_child=6 3 -4 5 -6 -7 -8
leaf_value=-0.019794317670891952 0.0019481754093051383 0.085958992825586028 0.020422327145884531 -0.013070161660837843 0.0096842756748373067 0.02724154929472386 0.02852645485899636
leaf_count=30990 30355 441 313 2708 1203 811 189
internal_value=0 -0.143161 -0.294506 0.133968 0.562363 -0.0513703 0.0624553
internal_count=67010 36466 31303 5163 1644 3519 30544
shrinkage=0.05


Tree=62
num_leaves=8
num_cat=0
split_feature=3 0 1 6 5 5 4
split_gain=6.68053 5.12178 5.01524 4.54165 4.4776 6.60341 10.4055
threshold=67.833333333333357 56.500000000000007 1.5000000000000002 12.050000000000002 2.9279220779220783 3.588760504201681 147.25000000000003
decision_type=10 2 2 10 10 10 10
left_child=1 -1 -3 4 -2 -6 -7
right_child=3 2 -4 -5 5 6 -8
leaf_value=-0.026652438985217283 0.0030769838723911265 0.034666058185772668 -0.025545548278496161 0.063123437895553636 -0.013606914785818366 -0.0059236043547759168 0.039171704286021361
leaf_count=17748 38759 777 771 25 5846 2875 209
internal_value=0 -0.352345 0.196469 0.0234132 0.0183731 -0.123671 0.136122
internal_count=67010 19296 1548 47714 47689 8930 3084
shrinkage=0.05


Tree=63
num_leaves=8
num_cat=0
split_feature=0 4 2 3 7 6 6
split_gain=6.43611 9.85016 5.74495 6.05962 4.1072 7.6039 5.46626
threshold=41.500000000000007 159.25000000000003 21.250000000000004 104.83333333333336 1.0000000180025095e-35 5.9500000000000011 6.9500000000000011
decision_type=2 10 8 10 2 8 10
left_child=1 -1 3 -2 6 -6 -4
right_child=2 -3 4 -5 5 -7 -8
leaf_value=-0.025217203518951653 -0.012246641712552919 0.051078983511508802 0.00087010612209486638 0.047765257594488908 0.10123412990045365 0.012317750246651653 0.025323678613260143
leaf_count=12424 16303 57 36662 41 60 912 551
internal_value=0 -0.360163 0.0220921 -0.19613 0.0578659 0.371259 0.0370526
internal_count=67010 12481 54529 16344 38185 972 37213
shrinkage=0.05


Tree=64
num_leaves=8
num_cat=0
split_feature=4 2 0 2 0 0 5
split_gain=6.03501 5.39672 6.28083 6.07185 8.01303 4.33425 4.63743
threshold=117.25000000000001 24.650000000000002 56.500000000000007 24.850000000000005 53.500000000000007 58.500000000000007 2.1878676470588245
decision_type=10 10 2 10 2 2 10
left_child=1 2 -1 4 -3 6 -4
right_child=-2 3 5 -5 -6 -7 -8
leaf_value=-0.028696892623460646 0.0015505820956641921 0.12417411981784071 0.065812476573908291 -0.0017537667132568044 -0.025386771139488069 -0.012164985175637208 -0.017443172765108341
leaf_count=21939 38748 313 617 3637 81 1366 309
internal_value=0 -0.245142 -0.393717 0.156682 1.42105 0.131753 0.762169
internal_count=67010 28262 24231 4031 394 2292 926
shrinkage=0.05


Tree=65
num_leaves=8
num_cat=0
split_feature=0 3 4 6 2 2 5
split_gain=5.87621 6.51743 4.38411 5.59447 4.17614 4.2704 7.12382
threshold=44.500000000000007 82.833333333333357 125.25000000000001 5.0500000000000007 34.650000000000013 37.45000000000001 3.2043135435992585
decision_type=2 10 10 10 8 8 8
left_child=1 -1 3 -3 -2 6 -6
right_child=4 2 -4 -5 5 -7 -8
leaf_value=-0.023791220233689073 0.001056965232398091 -0.02741170849477613 -0.0032772907769177124 0.081711584599303319 0.072583436846143434 -2.9879112762284569e-05 -0.01546476022733272
leaf_count=19901 43757 160 2370 265 112 395 50
internal_value=0 -0.213043 0.00928517 0.950392 0.0349326 0.488456 0.931466
internal_count=67010 22696 2795 425 44314 557 162
shrinkage=0.05


Tree=66
num_leaves=8
num_cat=0
split_feature=2 3 3 5 5 3 0
split_gain=5.6503 4.8257 7.98675 17.583 4.72386 4.69856 8.61737
threshold=20.450000000000003 76.833333333333357 81.250000000000014 0.93062431243124333 1.8509050492219756 83.833333333333357 60.500000000000007
decision_type=8 10 10 8 10 10 2
left_child=1 -1 3 -3 -4 6 -2
right_child=5 2 4 -5 -6 -7 -8
leaf_value=-0.027955502693283608 -0.0077273403850917233 0.16569483121585421 -0.025880275861548299 0.0041000161257167406 0.013189693301540246 0.0045858628300160268 0.016468737736518285
leaf_count=12515 37487 133 1244 1449 522 11668 1992
internal_value=0 -0.259426 -0.0464309 0.692132 -0.278264 0.027556 -0.0762338
internal_count=67010 15863 3348 1582 1766 51147 39479
shrinkage=0.05


Tree=67
num_leaves=8
num_cat=0
split_feature=0 2 3 5 2 5 4
split_gain=5.34141 8.52561 9.78458 5.92552 9.12359 6.72115 5.40166
threshold=48.500000000000007 26.550000000000004 96.583333333333357 2.3223072717331879 27.350000000000005 3.588760504201681 168.33333333333334
decision_type=2 10 10 8 10 10 10
left_child=1 2 -1 4 -3 -5 -2
right_child=6 3 -4 5 -6 -7 -8
leaf_value=-0.018393954294040307 0.0016307637335104094 0.076991016354517161 0.018762847227314531 -0.012456671612541603 0.0086846330670260121 0.024701623961877014 0.025672833746689556
leaf_count=30990 30355 441 313 2708 1203 811 189
internal_value=0 -0.125698 -0.268686 0.125389 0.516338 -0.0490751 0.0543224
internal_count=67010 36466 31303 5163 1644 3519 30544
shrinkage=0.05


Tree=68
num_leaves=8
num_cat=0
split_feature=0 4 2 0 5 2 3
split_gain=5.06464 8.64213 4.52989 6.31694 5.32191 4.33123 6.89464
threshold=41.500000000000007 159.25000000000003 21.550000000000004 61.500000000000007 1.0351909184726524 21.150000000000002 93.833333333333357
decision_type=2 10 8 2 8 10 10
left_child=1 -1 3 -2 -5 6 -6
right_child=2 -3 -4 4 5 -7 -8
leaf_value=-0.023661816420892934 -0.01235590676491502 0.04676312758338759 0.0027026527490035738 0.089025941752454318 -0.025822048016068928 0.054453554305896247 0.067273932532223621
leaf_count=12424 17559 57 36213 66 557 112 22
internal_value=0 -0.327513 0.0196914 -0.159274 0.436311 0.168487 -0.15186
internal_count=67010 12481 54529 18316 757 691 579
shrinkage=0.05


Tree=69
num_leaves=8
num_cat=0
split_feature=3 0 2 4 6 5 5
split_gain=4.7359 4.52003 4.17232 9.20371 3.99865 4.33938 5.77298
threshold=67.833333333333357 49.500000000000007 26.050000000000004 110.33333333333336 12.050000000000002 2.9279220779220783 3.588760504201681
decision_type=10 2 10 10 10 10 10
left_child=1 -1 -3 -4 5 -2 -7
right_child=4 2 3 -5 -6 6 -8
leaf_value=-0.030906587776128605 0.0028729059176250647 -0.0087681848297600472 0.1234139892467877 -0.018672300021905435 0.05800872421680936 -0.013269052228565788 0.0057704388882102078
leaf_count=14004 38759 4971 130 191 25 5846 3084
internal_value=0 -0.306713 0.000323361 0.920792 0.0198689 0.0150588 -0.124883
internal_count=67010 19296 5292 321 47714 47689 8930
shrinkage=0.05


Tree=70
num_leaves=8
num_cat=0
split_feature=2 3 3 5 0 6 4
split_gain=4.51417 4.40687 7.52291 14.4853 4.53091 4.44005 4.28924
threshold=20.450000000000003 76.833333333333357 81.250000000000014 0.93062431243124333 59.500000000000007 5.3500000000000005 123.83333333333336
decision_type=8 10 10 8 2 10 10
left_child=1 -1 3 -3 6 -6 -4
right_child=-2 2 4 -5 5 -7 -8
leaf_value=-0.026636880796820861 0.0012380148004707001 0.14632862075612571 0.038870085688665013 0.0047230509134985376 -0.023607201924457935 0.05164891042302644 -0.02753563967028938
leaf_count=12515 51147 133 295 1449 79 113 1279
internal_value=0 -0.23539 -0.0333852 0.6779 -0.263196 0.449107 -0.438642
internal_count=67010 15863 3348 1582 1766 192 1574
shrinkage=0.05


Tree=71
num_leaves=8
num_cat=0
split_feature=0 4 8 2 0 5 0
split_gain=4.44242 7.8472 4.15418 6.84137 6.3906 5.55153 5.49059
threshold=41.500000000000007 159.25000000000003 1.0000000180025095e-35 33.750000000000007 46.500000000000007 2.2743516761543332 61.500000000000007
decision_type=2 10 2 10 2 8 2
left_child=1 -1 6 4 5 -4 -2
right_child=2 -3 3 -5 -6 -7 -8
leaf_value=-0.022778237535848365 -0.0020986237066580294 0.04356433066831316 0.088448539844315235 0.068875395418065977 0.0025038876152481057 0.011632807776377692 0.012426961919925567
leaf_count=12424 48945 57 182 70 2703 311 2318
internal_value=0 -0.310428 0.0186702 0.221539 0.152811 0.890574 -0.00915018
internal_count=67010 12481 54529 3266 3196 493 51263
shrinkage=0.05


Tree=72
num_leaves=8
num_cat=0
split_feature=4 0 2 5 3 0 0
split_gain=4.3118 6.88474 5.32231 7.26694 8.63216 6.87039 9.24247
threshold=130.83333333333334 51.500000000000007 20.950000000000003 1.403367289190719 78.166666666666671 54.500000000000007 61.500000000000007
decision_type=10 2 10 8 8 2 2
left_child=1 -1 -3 4 5 -4 -7
right_child=-2 2 3 -5 -6 6 -8
leaf_value=-0.013600116349515077 0.0027550044745289432 -0.019221490471617919 0.13566025238118534 0.0020966404237318281 -0.00647095168910998 -0.011329989431945102 0.10798802991518366
leaf_count=36732 15956 4216 346 8892 346 432 90
internal_value=0 -0.100908 0.0464869 0.129584 0.800264 1.43564 0.648126
internal_count=67010 51054 14322 10106 1214 868 522
shrinkage=0.05


Tree=73
num_leaves=8
num_cat=0
split_feature=0 8 0 5 3 5 2
split_gain=4.0577 5.04587 7.05688 5.62152 5.2224 3.94389 3.60045
threshold=44.500000000000007 1.0000000180025095e-35 42.500000000000007 2.1878676470588245 92.833333333333357 4.3176274944567643 29.950000000000003
decision_type=2 2 2 8 10 8 8
left_child=1 4 -3 -4 -1 -6 -2
right_child=6 2 3 -5 5 -7 -8
leaf_value=-0.0192063397749321 0.00020980056019381986 -0.036507453148973426 0.10958769871253307 0.011736611855618147 -0.00088874856066543332 0.054588857924708037 0.012074417946681126
leaf_count=21814 42443 159 76 169 442 36 1871
internal_value=0 -0.180267 0.552643 1.11048 -0.242954 0.126578 0.0294888
internal_count=67010 22696 404 245 22292 478 44314
shrinkage=0.05


Tree=74
num_leaves=8
num_cat=0
split_feature=7 3 6 3 0 1 2
split_gain=3.8459 5.95279 9.38744 5.29915 10.0313 8.96909 7.64819
threshold=1.0000000180025095e-35 90.250000000000014 5.9500000000000011 85.833333333333357 61.500000000000007 1.5000000000000002 34.150000000000013
decision_type=2 8 10 10 2 2 10
left_child=3 2 -2 4 6 -6 -1
right_child=1 -3 -4 -5 5 -7 -8
leaf_value=-0.0097193834800726672 0.11495525603110512 -0.017105338441614406 0.016532243599213049 0.0032028545251892265 0.029287060500116608 -0.021655404218505793 0.044175522058285184
leaf_count=54245 92 118 923 9410 1320 595 307
internal_value=0 0.291961 0.504641 -0.0161884 -0.105864 0.334342 -0.171029
internal_count=67010 1133 1015 65877 56467 1915 54552
shrinkage=0.05


Tree=75
num_leaves=8
num_cat=0
split_feature=0 2 3 5 3 4 5
split_gain=3.69754 3.7017 5.43358 8.35513 8.581 15.032 6.95122
threshold=38.500000000000007 22.350000000000005 87.833333333333357 1.0351909184726524 81.250000000000014 119.33333333333336 1.7085970464135023
decision_type=2 8 10 8 8 10 8
left_child=-1 2 3 4 5 -2 -4
right_child=1 -3 6 -5 -6 -7 -8
leaf_value=-0.018463312573763945 -0.019310737655796346 0.0026252035945262052 -0.011195069142261238 -0.016801972028974713 -0.037939815689341155 0.10549584173253246 0.021517896367342183
leaf_count=8801 1636 32240 780 21821 261 645 826
internal_value=0 0.0137212 -0.113009 -0.244268 0.541902 1.03233 0.120248
internal_count=67010 58209 25969 24363 2542 2281 1606
shrinkage=0.05


Tree=76
num_leaves=8
num_cat=0
split_feature=0 8 5 2 2 2 3
split_gain=3.5503 6.84005 10.9081 6.8981 6.86531 6.43363 6.1782
threshold=48.500000000000007 1.0000000180025095e-35 1.9673022095509627 27.250000000000004 24.750000000000004 24.450000000000003 94.833333333333357
decision_type=2 2 8 10 10 8 10
left_child=1 4 5 -4 -1 -3 -5
right_child=-2 2 3 6 -6 -7 -8
leaf_value=-0.017028802252826335 0.0022306834936538355 0.15196863330532495 -0.032801703550377502 0.054038777064348203 0.00098470016983593961 0.025828678324409729 -0.03596717252955052
leaf_count=26783 30544 129 485 223 8733 91 22
internal_value=0 -0.103364 0.459427 0.0244048 -0.155579 1.73019 0.62877
internal_count=67010 36466 950 730 35516 220 245
shrinkage=0.05


Tree=77
num_leaves=8
num_cat=0
split_feature=0 6 2 4 5 6 0
split_gain=3.48157 3.41912 3.2339 7.77812 9.03766 12.1713 6.32906
threshold=30.500000000000004 12.050000000000002 24.050000000000004 145.16666666666671 2.0518360949395436 4.6500000000000012 61.500000000000007
decision_type=2 10 8 10 8 10 2
left_child=-1 2 3 6 -5 -6 -2
right_child=1 -3 -4 4 5 -7 -8
leaf_value=-0.032427881088402527 -0.010899692587854884 0.051741621252871718 0.0029637477311701696 -0.0041893420706048201 0.094059536806321176 0.014992681842801784 0.013377731705650018
leaf_count=3054 39444 27 21740 794 82 434 1435
internal_value=0 0.00779005 0.00345967 -0.0719463 0.200911 0.598685 -0.158804
internal_count=67010 63956 63929 42189 1310 516 40879
shrinkage=0.05


Tree=78
num_leaves=8
num_cat=0
split_feature=4 2 7 3 6 2 5
split_gain=3.40925 3.20963 3.14454 5.41259 8.14974 4.18933 4.00693
threshold=100.25000000000001 24.250000000000004 1.0000000180025095e-35 90.833333333333357 5.9500000000000011 35.650000000000013 2.8345771144278609
decision_type=10 10 2 10 10 8 10
left_child=1 -1 6 4 -4 -6 -2
right_child=2 -3 3 -5 5 -7 -8
leaf_value=-0.036316890275578974 0.0018638867881185274 0.02851148269373556 0.10421471137140215 -0.016873940972374765 0.009255608902102681 0.074577927225479054 -0.0066659773880473954
leaf_count=5261 48814 378 85 117 860 35 11460
internal_value=0 -0.519321 0.00939071 0.270555 0.469283 0.30537 -0.00633863
internal_count=67010 5639 61371 1097 980 895 60274
shrinkage=0.05


Tree=79
num_leaves=8
num_cat=0
split_feature=0 2 6 5 4 5 5
split_gain=3.26719 3.14146 6.6468 5.24907 7.78929 4.85164 11.3171
threshold=30.500000000000004 29.950000000000003 5.1500000000000012 2.4379280821917813 155.25000000000003 2.8345771144278609 2.7711309523809526
decision_type=2 8 10 8 8 10 10
left_child=-1 5 3 -3 -5 6 -2
right_child=1 2 -4 4 -6 -7 -8
leaf_value=-0.031864485937066381 0.00030792151803527587 -0.0051603682565437726 0.0031724327841440129 0.077790389987497599 -0.032397552784742045 -0.0084513903837742186 0.045372495366551656
leaf_count=3054 49415 203 2265 332 26 10744 971
internal_value=0 0.00766702 0.183191 0.804412 1.19483 -0.0155727 0.0308449
internal_count=67010 63956 2826 561 358 61130 50386
shrinkage=0.05


Tree=80
num_leaves=8
num_cat=0
split_feature=6 4 2 0 5 4 6
split_gain=3.18426 3.32431 5.60924 4.61971 7.09987 4.71636 8.58073
threshold=12.050000000000002 130.83333333333334 23.950000000000003 57.500000000000007 2.1878676470588245 121.16666666666667 5.5500000000000007
decision_type=10 10 10 2 8 10 10
left_child=1 2 3 -1 5 6 -5
right_child=-2 -3 -4 4 -6 -7 -8
leaf_value=-0.017187784935851283 0.049067845466275545 0.0022164756000415376 0.0025692037954085814 -0.00065555111961759381 -0.024460780960623211 -0.005195819117460438 0.082387674964083391
leaf_count=33489 27 15942 14419 773 1101 638 621
internal_value=0 -0.00314255 -0.093495 -0.238216 0.0870057 0.442941 0.840894
internal_count=67010 66983 51041 36622 3133 2032 1394
shrinkage=0.05


Tree=81
num_leaves=8
num_cat=0
split_feature=4 2 8 2 6 4 5
split_gain=3.09005 3.02962 2.98389 5.18368 5.94676 7.18467 6.03148
threshold=100.25000000000001 24.250000000000004 1.0000000180025095e-35 33.750000000000007 5.3500000000000005 135.16666666666671 2.3024785801713592
decision_type=10 10 2 10 8 8 8
left_child=1 -1 -2 4 5 -4 -6
right_child=2 -3 3 -5 6 -7 -8
leaf_value=-0.03570544440606533 -0.00070358714211402312 0.027049408815024323 0.078603374707661974 0.056695407867962566 0.014919699093287987 -0.0029995625428231635 -0.012791138631667368
leaf_count=5261 58137 378 381 77 1338 89 1349
internal_value=0 -0.502801 0.00893827 0.178264 0.117537 0.815677 0.0196566
internal_count=67010 5639 61371 3234 3157 470 2687
shrinkage=0.05


Tree=82
num_leaves=8
num_cat=0
split_feature=0 4 4 5 4 6 3
split_gain=3.02537 3.01213 4.60078 4.40043 5.43008 5.41192 4.05053
threshold=30.500000000000004 168.33333333333334 166.33333333333334 2.0518360949395436 172.50000000000003 5.5500000000000007 92.166666666666671
decision_type=2 10 8 10 10 8 8
left_child=-1 2 -2 6 5 -5 -3
right_child=1 3 -4 4 -6 -7 -8
leaf_value=-0.031192131486213227 5.5668659810288826e-05 0.050151162049536027 -0.045356820506360321 -9.7089776335758718e-05 0.0076693772832445058 0.086966634818042385 -0.02146635795650944
leaf_count=3054 63618 23 76 23 93 35 88
internal_value=0 0.00734287 -0.00580295 0.304963 0.575434 1.20328 -0.182679
internal_count=67010 63956 63694 262 151 58 111
shrinkage=0.05


Tree=83
num_leaves=8
num_cat=0
split_feature=6 0 5 3 3 0 5
split_gain=2.91149 3.03395 4.20615 3.32551 6.11189 6.93912 4.43319
threshold=12.050000000000002 44.500000000000007 1.3089572192513372 85.833333333333357 86.250000000000014 42.500000000000007 1.7473105841526897
decision_type=10 2 8 10 10 2 10
left_child=1 2 -1 -4 5 -5 -6
right_child=-2 -3 3 4 6 -7 -8
leaf_value=-0.037165478966635329 0.046416292506050366 0.0010805146525997324 -0.0142072016728937 -0.01490985042199248 0.031698552213030043 0.099872059071753339 -0.008783953810097762
leaf_count=4169 27 44290 16945 164 232 137 1046
internal_value=0 -0.0029511 -0.162435 -0.0912495 0.0922382 1.12651 -0.0288849
internal_count=67010 66983 22693 18524 1579 301 1278
shrinkage=0.05


Tree=84
num_leaves=8
num_cat=0
split_feature=4 2 0 0 2 2 6
split_gain=2.82123 2.88185 2.6571 11.3702 9.52421 6.89083 7.36729
threshold=100.25000000000001 24.250000000000004 61.500000000000007 62.500000000000007 24.550000000000004 22.450000000000003 5.3500000000000005
decision_type=10 10 2 2 10 10 8
left_child=1 -1 -2 4 5 -4 -7
right_child=2 -3 3 -5 -6 6 -8
leaf_value=-0.03513833975174039 -0.00060443402679476654 0.025920857881794282 0.019202784373747582 -0.0063669227849725259 -0.00069725861056931567 0.0041177014251887007 0.10313324885044294
leaf_count=5261 58940 378 311 1642 264 56 158
internal_value=0 -0.487645 0.00856237 0.176567 0.619771 1.05764 1.60727
internal_count=67010 5639 61371 2431 789 525 214
shrinkage=0.05


Tree=85
num_leaves=8
num_cat=0
split_feature=3 2 5 5 2 2 6
split_gain=2.77753 4.27193 5.58313 7.84352 8.1948 5.89485 5.56363
threshold=100.83333333333336 29.050000000000004 2.8345771144278609 2.7844645550527907 26.850000000000005 22.250000000000004 6.1500000000000012
decision_type=10 8 10 10 8 10 10
left_child=1 2 3 6 5 -5 -1
right_child=-2 -3 -4 4 -6 -7 -8
leaf_value=-0.0028144191704555306 0.0093735676928791024 0.0084266708478931123 -0.011548726487925128 -0.025457313032253209 -0.034544347319923466 0.084337216454198005 0.014859351595731707
leaf_count=49477 720 3923 10352 198 90 452 1798
internal_value=0 -0.0180304 -0.0504799 0.00101427 0.88097 1.34705 -0.0179796
internal_count=67010 66290 62367 52015 740 650 51275
shrinkage=0.05


Tree=86
num_leaves=8
num_cat=0
split_feature=0 2 6 5 5 2 6
split_gain=2.74533 2.72145 2.98791 4.40802 7.04094 4.40641 3.45635
threshold=30.500000000000004 20.350000000000005 5.3500000000000005 1.9834699453551912 2.0692049808429123 18.650000000000002 5.2500000000000009
decision_type=2 8 10 10 10 10 10
left_child=-1 2 3 5 -5 -2 -6
right_child=1 -3 -4 4 6 -7 -8
leaf_value=-0.0303439948715927 0.00025707701251584251 0.0012371815591647058 0.0018216444071165407 0.093997003213125763 -0.032306296184254173 -0.042877671511254246 0.043773101648358598
leaf_count=3054 2382 49936 6160 235 995 4034 214
internal_value=0 0.00691934 -0.191214 -0.396565 0.301791 -0.577399 -0.249593
internal_count=67010 63956 14020 7860 1444 6416 1209
shrinkage=0.05


Tree=87
num_leaves=8
num_cat=0
split_feature=6 4 0 2 2 3 2
split_gain=2.61993 2.70959 4.81181 4.59408 3.80308 4.04436 3.36987
threshold=12.050000000000002 130.83333333333334 51.500000000000007 21.450000000000003 31.450000000000003 81.833333333333357 18.650000000000002
decision_type=10 10 2 10 10 10 8
left_child=1 2 4 -4 6 -6 -1
right_child=-2 -3 3 -5 5 -7 -8
leaf_value=0.02020209667946446 0.043500673600064294 0.0019895727459228671 -0.016000742416262235 0.0061868736321235556 0.062054717960965226 -0.018787091537399436 -0.015716528850846068
leaf_count=3879 27 15942 5137 9178 392 103 32352
internal_value=0 -0.00282026 -0.0849633 0.0366411 -0.234355 0.574301 -0.272321
internal_count=67010 66983 51041 14315 36726 495 36231
shrinkage=0.05


Tree=88
num_leaves=8
num_cat=0
split_feature=8 2 3 6 5 4 4
split_gain=2.56447 4.4725 5.53604 6.01716 4.98419 4.37839 7.09498
threshold=1.0000000180025095e-35 33.750000000000007 92.166666666666671 5.3500000000000005 1.2080627705627709 119.33333333333336 135.83333333333334
decision_type=2 10 8 8 8 10 10
left_child=-1 2 3 5 -5 -2 -7
right_child=1 -3 -4 4 -6 6 -8
leaf_value=-0.0010067036316589119 -0.025606822846425917 0.051137473041710069 -0.018945469778278892 0.059759741235694989 0.0023018925097845187 0.09947941840719135 -0.0056125444531675605
leaf_count=63644 184 78 228 148 2458 215 55
internal_value=0 0.156768 0.100033 0.228603 0.120244 1.03377 1.32499
internal_count=67010 3366 3288 3060 2606 454 270
shrinkage=0.05


Tree=89
num_leaves=8
num_cat=0
split_feature=0 4 4 5 4 6 3
split_gain=2.55379 2.61632 4.42326 3.9063 4.79212 4.57273 3.75166
threshold=30.500000000000004 168.33333333333334 166.33333333333334 2.0518360949395436 172.50000000000003 5.5500000000000007 92.166666666666671
decision_type=2 10 8 10 10 8 8
left_child=-1 2 -2 6 5 -5 -3
right_child=1 3 -4 4 -6 -7 -8
leaf_value=-0.029706251661929851 5.4859413883194099e-05 0.047187276165149866 -0.0450012676221394 -0.00017958998036268127 0.0068312267207125401 0.079208994901119739 -0.021051685367384651
leaf_count=3054 63618 23 76 23 93 35 88
internal_value=0 0.00671972 -0.00560908 0.282436 0.533119 1.11043 -0.179027
internal_count=67010 63956 63694 262 151 58 111
shrinkage=0.05


Tree=90
num_leaves=8
num_cat=0
split_feature=4 2 5 5 4 0 0
split_gain=2.51613 2.72874 2.54664 7.83339 8.6416 4.6165 6.54508
threshold=100.25000000000001 24.250000000000004 3.1624764299182906 3.588760504201681 143.83333333333334 47.500000000000007 42.500000000000007
decision_type=10 10 10 10 10 2 2
left_child=1 -1 -2 -4 5 6 -5
right_child=2 -3 3 4 -6 -7 -8
leaf_value=-0.034437143982194156 0.0016819865032029057 0.024896718871497022 -0.018851593173649206 -0.038492005524549101 0.029127204658566181 -0.019069474540581385 0.037024940019996254
leaf_count=5261 54119 378 3718 595 313 1678 948
internal_value=0 -0.468881 0.00805417 -0.121841 0.120162 -0.162117 0.331956
internal_count=67010 5639 61371 7252 3534 3221 1543
shrinkage=0.05


Tree=91
num_leaves=8
num_cat=0
split_feature=0 5 8 5 2 5 4
split_gain=2.4345 5.61993 6.1526 9.24872 5.62404 5.51027 6.67057
threshold=48.500000000000007 3.588760504201681 1.0000000180025095e-35 2.0057471264367823 23.350000000000005 3.1222000995520163 134.83333333333334
decision_type=2 8 2 8 8 10 10
left_child=1 2 5 4 -4 6 -1
right_child=-2 -3 3 -5 -6 -7 -8
leaf_value=-0.017335533132707283 0.0018450654200108376 0.015629800049885751 0.13952545742805686 -0.0056992241840635831 0.027741760079898758 -0.03469638536669678 0.0029834747499273475
leaf_count=26761 30544 3487 106 522 133 2093 3364
internal_value=0 -0.0864021 -0.148261 0.432811 1.42345 -0.201466 -0.138366
internal_count=67010 36466 32979 761 239 32218 30125
shrinkage=0.05


Tree=92
num_leaves=8
num_cat=0
split_feature=6 0 5 5 2 2 6
split_gain=2.40672 2.36453 3.95944 3.1525 3.52174 4.1214 4.6593
threshold=12.050000000000002 44.500000000000007 1.3089572192513372 2.06091527520099 24.750000000000004 21.550000000000004 5.5500000000000007
decision_type=10 2 8 10 10 8 8
left_child=1 2 -1 4 5 6 -4
right_child=-2 -3 3 -5 -6 -7 -8
leaf_value=-0.036342945722805796 0.04132911268993239 0.00093954515626399617 0.047567180416331852 -0.010728373364275831 0.028960323566235204 -0.023153834654704011 -0.019190031615141306
leaf_count=4169 27 44290 2784 8898 1409 3286 2147
internal_value=0 -0.00266008 -0.145183 -0.0769542 0.170047 -0.0843993 0.400392
internal_count=67010 66983 22693 18524 9626 8217 4931
shrinkage=0.05


Tree=93
num_leaves=8
num_cat=0
split_feature=0 3 2 5 5 2 6
split_gain=2.32799 2.46209 3.7877 4.97538 6.77047 7.12379 5.22357
threshold=30.500000000000004 100.83333333333336 29.050000000000004 2.8345771144278609 2.7844645550527907 26.850000000000005 8.6500000000000004
decision_type=2 10 8 10 10 8 10
left_child=-1 2 3 4 -2 -6 -5
right_child=1 -3 -4 6 5 -7 -8
leaf_value=-0.028907093963566912 -0.00062459593286700373 0.009070491625500391 0.0081610947544730403 -0.012595802233712233 0.060888448765513387 -0.034105033190448469 0.041494530138295009
leaf_count=3054 48599 712 3738 10095 638 88 86
internal_value=0 0.00622757 -0.0120294 -0.0429593 0.00568322 0.8075 -0.215218
internal_count=67010 63956 63244 59506 49325 726 10181
shrinkage=0.05


Tree=94
num_leaves=8
num_cat=0
split_feature=4 2 0 0 2 6 6
split_gain=2.27367 2.59345 2.22515 10.0577 8.28727 6.2794 7.74973
threshold=100.25000000000001 24.250000000000004 61.500000000000007 62.500000000000007 24.550000000000004 6.1500000000000012 6.7500000000000009
decision_type=10 10 2 2 10 10 10
left_child=1 -1 -2 4 -4 -6 -7
right_child=2 -3 3 -5 5 6 -8
leaf_value=-0.033811694750783251 -0.00057809347107050965 0.023960203405097247 0.048216961506141492 -0.0063988497872529224 -0.024387846301067204 0.087840768392317137 -0.023231410591886659
leaf_count=5261 58940 378 525 1642 201 35 28
internal_value=0 -0.452652 0.00746861 0.160195 0.568685 -0.0235501 0.815431
internal_count=67010 5639 61371 2431 789 264 63
shrinkage=0.05


Tree=95
num_leaves=8
num_cat=0
split_feature=2 0 5 5 6 2 3
split_gain=2.22834 2.72293 2.69316 8.8885 4.68411 4.04637 2.99565
threshold=20.350000000000005 29.500000000000004 1.9673022095509627 2.06091527520099 5.3500000000000005 18.650000000000002 83.583333333333357
decision_type=8 2 10 8 10 10 10
left_child=2 -2 4 -4 5 -1 -6
right_child=1 -3 3 -5 6 -7 -8
leaf_value=-0.0013991311703901381 -0.038953752275400572 0.0010909580920252663 0.080680897689119041 -0.0092538611770664799 0.016978571417311381 -0.042593495133887257 -0.01965738704361842
leaf_count=2724 1535 50334 512 2528 4512 4507 358
internal_value=0 0.0170453 -0.178039 0.173727 -0.295755 -0.573992 0.0515169
internal_count=67010 51869 15141 3040 12101 7231 4870
shrinkage=0.05


Tree=96
num_leaves=8
num_cat=0
split_feature=3 0 6 4 0 3 4
split_gain=2.20846 2.94821 4.55318 2.74037 3.95631 3.85073 6.36172
threshold=113.25000000000001 41.500000000000007 5.2500000000000009 146.25000000000003 35.500000000000007 73.166666666666671 118.16666666666667
decision_type=10 2 10 10 2 8 10
left_child=1 2 3 5 -5 6 -1
right_child=-2 -3 -4 4 -6 -7 -8
leaf_value=-0.01517223139168199 0.021701295956319526 0.00042147077473737144 -0.033360011476564713 -0.017282058107517827 0.066744142109508298 -0.02719916597529309 0.073331293936888614
leaf_count=4222 84 54450 4696 59 50 2018 1431
internal_value=0 -0.00567397 -0.27899 0.0320612 0.670402 -0.157374 0.377945
internal_count=67010 66926 12476 7780 109 7671 5653
shrinkage=0.05


Tree=97
num_leaves=8
num_cat=0
split_feature=7 3 6 2 6 0 0
split_gain=2.12996 4.73953 7.05187 3.49062 3.24199 4.44534 8.72708
threshold=1.0000000180025095e-35 90.250000000000014 5.9500000000000011 35.650000000000013 6.9500000000000011 54.500000000000007 58.500000000000007
decision_type=2 8 10 8 10 2 2
left_child=4 2 -2 -4 -1 -6 -7
right_child=1 -3 3 -5 5 6 -8
leaf_value=-0.0012522406625540136 0.091334613093142669 -0.017732489492364358 0.0066614409586709155 0.063906867932698841 -0.0053565642470384933 0.079116348397642339 0.00072491341368259013
leaf_count=65251 92 118 888 35 362 105 159
internal_value=0 0.211398 0.390947 0.241178 -0.0121342 0.330766 0.706268
internal_count=67010 1133 1015 923 65877 626 264
shrinkage=0.05


Tree=98
num_leaves=8
num_cat=0
split_feature=6 5 5 4 6 4 2
split_gain=2.13634 2.20213 6.08209 7.1739 7.49113 4.93962 5.99814
threshold=12.050000000000002 3.1624764299182906 3.588760504201681 147.25000000000003 5.9500000000000011 110.33333333333336 24.850000000000005
decision_type=10 10 10 10 10 8 8
left_child=1 -1 5 -4 -5 6 -3
right_child=-2 2 3 4 -6 -7 -8
leaf_value=0.0010452058560183454 0.038469674348564478 -0.027074442339231754 -0.0062483273208315052 0.052301960945727491 -0.011681575829445031 -0.020809624995253691 0.098482411317142013
leaf_count=59478 27 431 3442 143 66 3223 200
internal_value=0 -0.00247543 -0.12435 0.0872812 0.59742 -0.354214 0.879291
internal_count=67010 66983 7505 3651 209 3854 631
shrinkage=0.05


Tree=99
num_leaves=8
num_cat=0
split_feature=4 2 8 6 4 3 2
split_gain=2.09452 2.43171 2.01092 3.83294 5.08607 5.67731 4.59662
threshold=100.25000000000001 24.250000000000004 1.0000000180025095e-35 5.3500000000000005 135.16666666666671 85.833333333333357 33.750000000000007
decision_type=10 10 2 8 8 10 10
left_child=1 -1 -2 4 5 -4 -5
right_child=2 -3 3 6 -6 -7 -8
leaf_value=-0.033242443971839924 -0.00059324163584134897 0.022505687317627893 0.023781144133939724 0.00017321640819955686 -0.003310657801184105 0.13022726744572755 0.046080275909220564
leaf_count=5261 58137 378 355 2687 89 27 76
internal_value=0 -0.439508 0.00730486 0.144359 0.685788 1.26475 0.0680614
internal_count=67010 5639 61371 3234 471 382 2763
shrinkage=0.05


end of trees

feature importances:
H25_age=161
H25_bmi=139
H25_dbp=113
H25_sbp=104
H25_lhrate=73
H25_a1c=70
H25_dl=26
H25_dm=8
H25_sex=6

parameters:
[boosting: gbdt]
[objective: binary]
[metric: binary]
[tree_learner: serial]
[device_type: cpu]
[data: ]
[valid: ]
[num_iterations: 100]
[learning_rate: 0.05]
[num_leaves: 8]
[num_threads: 0]
[max_depth: -1]
[min_data_in_leaf: 20]
[min_sum_hessian_in_leaf: 1]
[bagging_fraction: 0.4]
[bagging_freq: 0]
[bagging_seed: 3]
[feature_fraction: 1]
[feature_fraction_seed: 2]
[early_stopping_round: 0]
[max_delta_step: 0]
[lambda_l1: 0]
[lambda_l2: 1]
[min_gain_to_split: 0]
[drop_rate: 0.1]
[max_drop: 50]
[skip_drop: 0.5]
[xgboost_dart_mode: 0]
[uniform_drop: 0]
[drop_seed: 4]
[top_rate: 0.2]
[other_rate: 0.1]
[min_data_per_group: 100]
[max_cat_threshold: 32]
[cat_l2: 10]
[cat_smooth: 10]
[max_cat_to_onehot: 4]
[top_k: 20]
[monotone_constraints: ]
[feature_contri: ]
[forcedsplits_filename: ]
[refit_decay_rate: 0.9]
[verbosity: 0]
[max_bin: 255]
[min_data_in_bin: 3]
[bin_construct_sample_cnt: 200000]
[histogram_pool_size: -1]
[data_random_seed: 1]
[output_model: LightGBM_model.txt]
[snapshot_freq: -1]
[input_model: ]
[output_result: LightGBM_predict_result.txt]
[initscore_filename: ]
[valid_data_initscores: ]
[pre_partition: 0]
[enable_bundle: 1]
[max_conflict_rate: 0]
[is_enable_sparse: 1]
[sparse_threshold: 0.8]
[use_missing: 1]
[zero_as_missing: 0]
[two_round: 0]
[save_binary: 0]
[enable_load_from_binary_file: 1]
[header: 0]
[label_column: ]
[weight_column: ]
[group_column: ]
[ignore_column: ]
[categorical_feature: ]
[predict_raw_score: 0]
[predict_leaf_index: 0]
[predict_contrib: 0]
[num_iteration_predict: -1]
[pred_early_stop: 0]
[pred_early_stop_freq: 10]
[pred_early_stop_margin: 10]
[convert_model_language: ]
[convert_model: gbdt_prediction.cpp]
[num_class: 1]
[is_unbalance: 0]
[scale_pos_weight: 1]
[sigmoid: 1]
[boost_from_average: 1]
[reg_sqrt: 0]
[alpha: 0.9]
[fair_c: 1]
[poisson_max_delta_step: 0.7]
[tweedie_variance_power: 1.5]
[max_position: 20]
[label_gain: ]
[metric_freq: 1]
[is_provide_training_metric: 0]
[eval_at: ]
[num_machines: 1]
[local_listen_port: 12400]
[time_out: 120]
[machine_list_filename: ]
[machines: ]
[gpu_platform_id: -1]
[gpu_device_id: -1]
[gpu_use_dp: 0]

end of parameters

pandas_categorical:[]
