tree
version=v2
num_class=1
num_tree_per_iteration=1
label_index=0
max_feature_idx=8
objective=binary sigmoid:1
feature_names=H25_age H25_sex H25_bmi H25_dbp H25_sbp H25_lhrate H25_a1c H25_dm H25_dl
feature_infos=[21:77] [1:2] [0:65.599999999999994] [0:145] [0:228] [0.24468085106382975:8.8461538461538485] [2.7999999999999998:15.300000000000001] [0:1] [0:1]
tree_sizes=710 716 728 734 731 730 729 736 732 733 739 739 743 732 735 732 741 733 738 732 745 733 730 739 734 732 739 737 741 733 738 742 737 742 738 730 744 738 747 747 746 736 742 741 742 743 750 747 748 742 738 742 753 744 747 734 744 753 734 740 745 734 738 743 740 736 738 735 746 737 743 743 733 739 738 741 742 739 749 749 743 736 739 735 739 727 751 744 740 736 733 745 736 741 743 745 737 745 733 740

Tree=0
num_leaves=8
num_cat=0
split_feature=3 3 4 6 4 0 0
split_gain=1620.4 266.119 224.151 136.922 62.2765 60.2245 56.6326
threshold=89.583333333333357 100.83333333333336 130.83333333333334 6.5500000000000007 135.83333333333334 61.500000000000007 45.500000000000007
decision_type=8 10 10 10 10 2 2
left_child=2 4 -1 5 -2 -4 -6
right_child=1 -3 3 -5 6 -7 -8
leaf_value=-4.42863643034406 -4.3049342645797299 -3.8943951252437521 -4.3803644378716333 -4.1643126427926855 -4.3001291531512509 -4.2435972641599866 -4.1281166609870192
leaf_count=50554 974 730 10534 624 627 634 2332
internal_value=0 5.13585 -0.39045 0.73787 4.03856 0.487669 4.69928
internal_count=67009 4663 62346 11792 3933 11168 2959
shrinkage=1


Tree=1
num_leaves=8
num_cat=0
split_feature=4 3 3 0 6 2 0
split_gain=1178.06 281.834 114.777 78.3885 42.6102 42.12 52.8996
threshold=142.83333333333334 85.833333333333357 92.833333333333357 60.500000000000007 6.2500000000000009 24.650000000000002 48.500000000000007
decision_type=8 10 10 2 8 8 2
left_child=1 3 4 -1 -2 -4 -7
right_child=2 -3 5 -5 -6 6 -8
leaf_value=-0.032219359096285052 0.083142036088263802 0.069055401364719396 0.18817919949609646 0.048355994485311082 0.22310101746388564 0.1870448116727807 0.40820578744749164
leaf_count=53904 1571 6423 924 2550 571 456 610
internal_value=0 -0.35101 4.16847 -0.568177 2.55289 5.44278 6.61461
internal_count=67009 62877 4132 56454 2142 1990 1066
shrinkage=0.05


Tree=2
num_leaves=8
num_cat=0
split_feature=3 4 4 0 0 2 4
split_gain=934.831 149.183 140.937 58.3364 53.0896 46.6252 41.5577
threshold=87.833333333333357 145.16666666666671 132.83333333333334 61.500000000000007 53.500000000000007 27.550000000000004 168.33333333333334
decision_type=8 10 10 2 2 10 10
left_child=2 -2 4 -4 -1 -6 -3
right_child=1 6 3 -5 5 -7 -8
leaf_value=-0.038945490092177085 0.081179503154707844 0.17274891930716857 0.020529220823139127 0.15638614418691099 -0.010056294401793585 0.11295654354393575 0.32640659582769527
leaf_count=41612 4557 2148 7482 510 9818 622 260
internal_value=0 2.62783 -0.44173 0.646538 -0.627644 -0.0362211 3.96663
internal_count=67009 6965 60044 7992 52052 10440 2408
shrinkage=0.05


Tree=3
num_leaves=8
num_cat=0
split_feature=3 4 4 0 0 2 2
split_gain=760.419 130.202 90.6524 51.5643 49.0518 35.9853 31.1765
threshold=87.833333333333357 132.83333333333334 145.16666666666671 52.500000000000007 52.500000000000007 29.150000000000002 30.950000000000003
decision_type=8 10 10 2 2 10 10
left_child=1 3 -2 -1 6 -5 -3
right_child=2 4 -4 5 -6 -7 -8
leaf_value=-0.039358646079175351 0.071276702866363562 -0.0079271885901925163 0.1568876752093088 -0.0094070193757558058 0.073520241012005244 0.12576100752178684 0.1093084606361473
leaf_count=39598 4557 4765 2408 12131 2831 323 396
internal_value=0 -0.429149 2.20295 -0.615364 0.596444 -0.093441 0.0608119
internal_count=67009 60044 6965 52052 7992 12454 5161
shrinkage=0.05


Tree=4
num_leaves=8
num_cat=0
split_feature=3 3 0 4 6 2 2
split_gain=648.479 102.441 89.4234 58.5903 53.0317 37.2046 31.5194
threshold=85.833333333333357 93.250000000000014 52.500000000000007 136.83333333333334 6.4500000000000011 34.050000000000004 29.050000000000004
decision_type=8 10 2 10 10 10 10
left_child=2 4 5 6 -2 -1 -4
right_child=1 -3 3 -5 -6 -7 -8
leaf_value=-0.037081770531985955 0.041358185930496567 0.12968307280386682 -0.0086222205080861928 0.087455285861851084 0.17045975388522683 0.10223526817079837 0.10430584919885594
leaf_count=42772 6534 2748 12578 1252 422 319 384
internal_value=0 1.65954 -0.48543 0.136705 1.03981 -0.71355 -0.0769233
internal_count=67009 9704 57305 14214 6956 43091 12962
shrinkage=0.05


Tree=5
num_leaves=8
num_cat=0
split_feature=3 0 4 7 4 2 2
split_gain=553.543 85.2109 72.5559 55.7523 35.3871 33.946 33.4068
threshold=85.833333333333357 52.500000000000007 155.16666666666671 1.0000000180025095e-35 117.25000000000001 26.950000000000003 34.050000000000004
decision_type=8 2 10 2 10 8 10
left_child=1 6 5 4 -3 -2 -1
right_child=2 3 -4 -5 -6 -7 -8
leaf_value=-0.036565375619137939 0.04351540786555616 -0.028203716456599855 0.13882552747029753 0.14609892677698477 0.019123756175067411 0.09553078204625029 0.090425317252720572
leaf_count=42772 6459 5722 1020 441 8051 2225 319
internal_value=0 -0.47256 1.45623 0.129527 0.012518 1.16384 -0.702586
internal_count=67009 57305 9704 14214 13773 8684 43091
shrinkage=0.05


Tree=6
num_leaves=8
num_cat=0
split_feature=4 3 0 7 2 4 2
split_gain=487.851 95.4969 59.009 37.5541 31.9184 28.1464 26.3032
threshold=132.83333333333334 92.833333333333357 53.500000000000007 1.0000000180025095e-35 22.450000000000003 139.83333333333334 25.050000000000004
decision_type=8 8 2 2 10 10 8
left_child=2 3 -1 5 -4 -2 -3
right_child=1 6 4 -5 -6 -7 -8
leaf_value=-0.035272522199974878 0.012214111198441287 0.067725025747855647 -0.022958931909050982 0.14198159324961754 0.0265136964917379 0.056240400363100664 0.12538187309530785
leaf_count=42638 7138 1421 5308 325 5629 3179 1371
internal_value=0 1.1482 -0.527382 0.684946 0.0655523 0.573614 1.977
internal_count=67009 13434 53575 10642 10937 10317 2792
shrinkage=0.05


Tree=7
num_leaves=8
num_cat=0
split_feature=3 0 3 6 8 2 8
split_gain=433.702 74.2676 58.2857 40.4733 37.4469 25.6376 25.0492
threshold=83.833333333333357 60.500000000000007 93.250000000000014 6.4500000000000011 1.0000000180025095e-35 27.550000000000004 1.0000000180025095e-35
decision_type=8 2 10 10 2 10 2
left_child=1 4 3 6 -1 -6 -2
right_child=2 -3 -4 -5 5 -7 -8
leaf_value=-0.03309175812591466 0.020914960536022948 0.045427503046322509 0.084214717998600058 0.11611657242475484 0.0020386809092690782 0.12242709380825023 0.098436685758857778
leaf_count=49378 9007 2470 2748 589 1784 386 647
internal_value=0 -0.50809 1.06038 0.692763 -0.602511 0.604682 0.537409
internal_count=67009 54018 12991 10243 51548 2170 9654
shrinkage=0.05


Tree=8
num_leaves=8
num_cat=0
split_feature=4 4 0 2 6 3 4
split_gain=389.764 57.9111 55.5588 30.8137 24.6422 23.2332 21.6643
threshold=132.83333333333334 143.16666666666671 51.500000000000007 23.950000000000003 8.4500000000000011 83.833333333333357 168.33333333333334
decision_type=8 8 2 10 8 10 10
left_child=2 5 -1 -4 6 -2 -3
right_child=1 4 3 -5 -6 -7 -8
leaf_value=-0.036385519810941895 0.0022674171547046379 0.053113870225413279 -0.016853196218991319 0.027605821759317035 0.12703895226448378 0.042385057780864696 0.12157153578966706
leaf_count=38339 4601 2970 10535 4701 588 5021 254
internal_value=0 0.959091 -0.504971 -0.0377053 1.46921 0.541674 1.25882
internal_count=67009 13434 53575 15236 3812 9622 3224
shrinkage=0.05


Tree=9
num_leaves=8
num_cat=0
split_feature=4 4 0 2 0 2 6
split_gain=348.439 55.8746 44.6958 26.3037 29.3818 25.9801 17.76
threshold=130.83333333333334 143.16666666666671 51.500000000000007 27.950000000000003 47.500000000000007 23.950000000000003 8.4500000000000011
decision_type=8 10 2 10 2 10 8
left_child=2 3 -1 4 -2 -4 -3
right_child=1 6 5 -5 -6 -7 -8
leaf_value=-0.037206050517092464 -0.017464636400727953 0.056597590003409165 -0.019185426203870492 0.062258958893410703 0.028853667807931083 0.023366044748981334 0.10896883285305999
leaf_count=36759 3818 3220 9992 1922 6439 4287 572
internal_value=0 0.807897 -0.535293 0.454009 0.27503 -0.0984169 1.30894
internal_count=67009 15971 51038 12179 10257 14279 3792
shrinkage=0.05


Tree=10
num_leaves=8
num_cat=0
split_feature=3 0 7 3 8 4 5
split_gain=312.62 67.7576 33.5354 30.6061 27.7485 25.4719 21.3114
threshold=83.833333333333357 52.500000000000007 1.0000000180025095e-35 92.833333333333357 1.0000000180025095e-35 117.25000000000001 3.6403125000000007
decision_type=8 2 2 10 2 10 8
left_child=1 -1 5 4 -2 -3 -5
right_child=3 2 -4 6 -6 -7 -8
leaf_value=-0.035542622622767327 0.020320336603022637 -0.026447834692617897 0.10607880349851084 0.052541222750962784 0.089941690521940218 0.015588909565849549 0.12459481423343631
leaf_count=40954 9190 5672 401 2783 756 6991 262
internal_value=0 -0.474208 0.0794504 0.820365 0.539514 -0.0258989 1.20158
internal_count=67009 54018 13064 12991 9946 12663 3045
shrinkage=0.05


Tree=11
num_leaves=8
num_cat=0
split_feature=4 0 4 2 2 3 0
split_gain=285.288 41.7288 39.0012 26.0052 22.7508 21.5443 25.3541
threshold=130.83333333333334 51.500000000000007 139.83333333333334 30.750000000000004 23.950000000000003 87.833333333333357 50.500000000000007
decision_type=8 2 8 10 10 10 2
left_child=1 -1 3 5 -3 6 -2
right_child=2 4 -4 -5 -6 -7 -8
leaf_value=-0.036269679614592022 -0.027875793279826068 -0.018421659411928557 0.050164590045957962 0.088529296321025228 0.021170729506971013 0.038652269665946308 0.021945969745151919
leaf_count=36759 4421 9992 5607 566 4287 2035 3342
internal_value=0 -0.512535 0.691478 0.31982 -0.0934682 0.203522 -0.0554162
internal_count=67009 51038 15971 10364 14279 9798 7763
shrinkage=0.05


Tree=12
num_leaves=8
num_cat=0
split_feature=4 0 4 4 2 3 8
split_gain=255.787 40.2724 32.0755 21.4016 19.355 16.8045 24.7438
threshold=130.83333333333334 51.500000000000007 143.16666666666671 117.25000000000001 22.450000000000003 77.833333333333357 1.0000000180025095e-35
decision_type=8 2 8 10 8 10 2
left_child=1 5 4 -3 -2 -1 -7
right_child=2 3 -4 -5 -6 6 -8
leaf_value=-0.04205327358390324 -0.0065823304082007067 -0.024999527478471971 0.049079617587217933 0.011905596472313974 0.028103386612023301 -0.021294425861306428 0.097360332056134272
leaf_count=29423 3726 6955 3812 7324 8433 6976 360
internal_value=0 -0.499785 0.636016 -0.0893587 0.36801 -0.714833 -0.264819
internal_count=67009 51038 15971 14279 12159 36759 7336
shrinkage=0.05


Tree=13
num_leaves=8
num_cat=0
split_feature=3 0 2 2 4 0 4
split_gain=230.758 58.8646 31.2785 21.0437 19.5112 18.1801 16.8856
threshold=81.833333333333357 60.500000000000007 25.150000000000002 31.250000000000004 168.33333333333334 52.500000000000007 116.16666666666667
decision_type=8 2 8 10 10 2 10
left_child=1 3 -2 5 -4 -1 -3
right_child=2 6 4 -5 -6 -7 -8
leaf_value=-0.037579738927790075 0.015704834370576758 -0.011470851227468814 0.040178674723823166 0.041663437036250091 0.10768440919761793 -0.013053063372901783 0.06427889099670489
leaf_count=37850 10217 919 6404 770 140 9403 1306
internal_value=0 -0.489996 0.585364 -0.592083 0.906639 -0.627 0.797069
internal_count=67009 50248 16761 48023 6544 47253 2225
shrinkage=0.05


Tree=14
num_leaves=8
num_cat=0
split_feature=4 0 0 2 2 4 6
split_gain=211.865 37.3943 27.2453 20.7821 19.6396 17.1045 17.8248
threshold=130.83333333333334 51.500000000000007 47.500000000000007 26.550000000000004 23.950000000000003 142.83333333333334 8.0500000000000025
decision_type=8 2 2 8 10 8 8
left_child=1 -1 3 -2 -3 -4 -7
right_child=2 4 5 -5 -6 6 -8
leaf_value=-0.034759322884598105 -0.011248417501394603 -0.017443077159364922 0.023678333516543255 0.032087460165597922 0.019213061055889259 0.040993895400301648 0.093306809567352877
leaf_count=36759 4002 9992 7185 1926 4287 2441 417
internal_value=0 -0.477217 0.55217 0.138867 -0.0847419 0.731968 0.997459
internal_count=67009 51038 15971 5928 14279 10043 2858
shrinkage=0.05


Tree=15
num_leaves=8
num_cat=0
split_feature=3 0 2 3 0 4 0
split_gain=196.198 50.076 33.9251 25.3843 14.7296 14.5542 16.3338
threshold=78.833333333333357 60.500000000000007 25.850000000000005 87.833333333333357 49.500000000000007 116.16666666666667 62.500000000000007
decision_type=8 2 8 10 2 10 2
left_child=1 -1 3 4 -2 -3 -7
right_child=2 5 -4 -5 -6 6 -8
leaf_value=-0.032776192299018445 -0.02378708286159141 -0.0091541369196853333 0.039977639629353523 0.026182228886813125 0.0093874491238687564 0.11626894900573111 0.016186339704846835
leaf_count=42228 5724 880 6849 4371 6020 450 487
internal_value=0 -0.551871 0.440289 0.225523 -0.0802136 0.765733 1.32576
internal_count=67009 44045 22964 16115 11744 1817 937
shrinkage=0.05


Tree=16
num_leaves=8
num_cat=0
split_feature=3 0 3 7 2 0 0
split_gain=178.311 46.4634 29.1787 33.3744 16.3778 17.3625 14.9044
threshold=78.833333333333357 60.500000000000007 89.583333333333357 1.0000000180025095e-35 29.050000000000004 48.500000000000007 52.500000000000007
decision_type=8 2 10 2 10 2 2
left_child=1 6 3 4 5 -2 -1
right_child=2 -3 -4 -5 -6 -7 -8
leaf_value=-0.038343243206534289 -0.0190359544290385 0.035301081995057791 0.034768218236533026 0.088918438586829573 0.040660935498089579 0.01070567671263635 -0.013389859763405532
leaf_count=34317 6988 1817 4643 469 1510 9354 7911
internal_value=0 -0.539115 0.40964 0.182231 0.0989814 0.00382978 -0.643719
internal_count=67009 44045 22964 18321 17852 16342 42228
shrinkage=0.05


Tree=17
num_leaves=8
num_cat=0
split_feature=3 0 2 0 0 4 6
split_gain=162.352 43.0524 26.4999 19.3091 14.648 14.5881 13.7872
threshold=78.833333333333357 60.500000000000007 25.150000000000002 47.500000000000007 52.500000000000007 168.33333333333334 6.8500000000000005
decision_type=8 2 8 2 2 10 10
left_child=1 4 3 -2 -1 6 -4
right_child=2 -3 5 -5 -6 -7 -8
leaf_value=-0.037868161693032532 -0.015521269171535738 0.032485622482767144 0.023871352130101529 0.016181032290691552 -0.012898616692933493 0.081767908563438699 0.068298535497323995
leaf_count=34317 4942 1817 7727 9599 7911 141 555
internal_value=0 -0.526457 0.382002 0.162074 -0.63183 0.645341 0.570229
internal_count=67009 44045 22964 14541 42228 8423 8282
shrinkage=0.05


Tree=18
num_leaves=8
num_cat=0
split_feature=4 8 0 0 2 2 4
split_gain=150.27 33.3839 25.8581 18.0725 17.5903 15.8424 12.5266
threshold=130.83333333333334 1.0000000180025095e-35 51.500000000000007 47.500000000000007 26.750000000000004 23.250000000000004 116.16666666666667
decision_type=8 2 2 2 10 8 10
left_child=1 2 -1 5 -3 -2 -4
right_child=3 4 6 -5 -6 -7 -8
leaf_value=-0.03525296693891658 -0.025652566252801795 0.0070542437791172924 -0.026506542136272699 0.028368935835701221 0.10018129752277871 0.015864941090270843 0.0038454906123105144
leaf_count=35720 2076 1734 6089 10043 467 3852 7028
internal_value=0 -0.4349 -0.506599 0.430564 0.70058 0.0967237 -0.16415
internal_count=67009 51038 48837 15971 2201 5928 13117
shrinkage=0.05


Tree=19
num_leaves=8
num_cat=0
split_feature=3 0 3 8 6 0 5
split_gain=137.62 39.2331 21.5744 27.4507 16.8426 15.1717 15.3792
threshold=78.833333333333357 60.500000000000007 89.583333333333357 1.0000000180025095e-35 7.0500000000000007 45.500000000000007 2.8699677938808374
decision_type=8 2 8 2 10 2 8
left_child=1 -1 3 4 -2 6 -5
right_child=2 -3 -4 5 -6 -7 -8
leaf_value=-0.030560166259868807 -0.0013167078605308663 0.029884279523876109 0.028659078600138777 0.22748985304664293 0.062113565207387082 0.038854125609211289 -0.0016977210114434349
leaf_count=42228 16599 1817 4663 79 378 1181 64
internal_value=0 -0.503875 0.338435 0.143444 0.0330764 1.10213 3.1232
internal_count=67009 44045 22964 18301 16977 1324 143
shrinkage=0.05


Tree=20
num_leaves=8
num_cat=0
split_feature=4 0 2 3 8 4 0
split_gain=125.66 30.1799 15.6469 15.2028 17.9764 15.0459 14.5176
threshold=130.83333333333334 51.500000000000007 23.950000000000003 77.833333333333357 1.0000000180025095e-35 156.25000000000003 45.500000000000007
decision_type=8 2 8 10 2 10 2
left_child=1 3 -3 -1 -5 6 -2
right_child=5 2 -4 4 -6 -7 -8
leaf_value=-0.039244436013815616 -0.0049607837544501099 -0.015887960828324763 0.016709213994400177 -0.018191098682167131 0.076493733218615412 0.040712039387276938 0.020056610208376888
leaf_count=29423 4296 9879 4400 6976 360 973 10702
internal_value=0 -0.412504 -0.0662377 -0.635996 -0.201108 0.379998 0.294199
internal_count=67009 51038 14279 36759 7336 15971 14998
shrinkage=0.05


Tree=21
num_leaves=8
num_cat=0
split_feature=3 4 8 0 6 0 6
split_gain=116.131 25.1797 27.8669 23.157 21.2674 18.4081 16.7093
threshold=75.833333333333357 137.83333333333334 1.0000000180025095e-35 61.500000000000007 6.9500000000000011 62.500000000000007 5.3500000000000005
decision_type=8 8 2 2 10 2 8
left_child=4 2 3 -2 -1 6 -5
right_child=1 -3 -4 5 -6 -7 -8
leaf_value=-0.030043536388097109 -0.007712365936956473 0.023369538753045094 0.051021081549320793 -0.028541996931794402 0.065926390475211025 0.0086030023249317016 0.15358535185866301
leaf_count=37005 19974 7324 1480 67 399 533 227
internal_value=0 0.256495 0.0360334 -0.0701024 -0.558597 1.06335 2.32034
internal_count=67009 29605 22281 20801 37404 827 294
shrinkage=0.05


Tree=22
num_leaves=8
num_cat=0
split_feature=3 2 0 2 4 5 4
split_gain=106.592 22.6796 21.411 22.7884 14.4414 13.897 12.8049
threshold=75.833333333333357 22.450000000000003 52.500000000000007 29.050000000000004 135.83333333333334 3.8615900383141768 156.25000000000003
decision_type=8 8 2 10 10 10 10
left_child=2 4 -1 -4 -2 -6 -3
right_child=1 6 3 -5 5 -7 -8
leaf_value=-0.037205174292923061 -0.021119985400795262 0.014438282964522431 -0.012077227844917595 0.10323918250150788 0.006742369323225467 0.13674287891796141 0.04030400059046059
leaf_count=29637 7362 19076 7588 179 2405 31 731
internal_value=0 0.241019 -0.545846 -0.113887 -0.104409 0.214019 0.36062
internal_count=67009 29605 37404 7767 9798 2436 19807
shrinkage=0.05


Tree=23
num_leaves=8
num_cat=0
split_feature=4 3 6 0 2 2 5
split_gain=99.2299 29.5264 26.2473 21.4421 14.7443 12.8167 14.04
threshold=117.25000000000001 85.833333333333357 7.0500000000000007 46.500000000000007 20.350000000000005 29.850000000000005 0.97108416945373477
decision_type=8 8 10 2 8 10 8
left_child=-1 2 3 -2 -3 6 -5
right_child=1 4 -4 5 -6 -7 -8
leaf_value=-0.033359940228899862 -0.026508516619865058 -0.018134289600595689 0.064510216657249791 0.066139149871242364 0.022002136609470948 0.055072620776033566 -0.0028785543210449725
leaf_count=28276 12213 822 647 621 8782 621 15027
internal_value=0 0.18214 -0.0553867 -0.123448 0.382029 0.069999 0.00290568
internal_count=67009 38733 29129 28482 9604 16269 15648
shrinkage=0.05


Tree=24
num_leaves=8
num_cat=0
split_feature=4 0 2 4 2 3 6
split_gain=91.9389 26.7721 24.326 13.7622 13.4865 13.4263 12.1548
threshold=117.25000000000001 47.500000000000007 25.450000000000003 142.83333333333334 29.850000000000005 88.833333333333357 8.0500000000000025
decision_type=8 2 8 8 10 10 8
left_child=-1 2 5 4 -3 -2 -5
right_child=1 3 -4 6 -6 -7 -8
leaf_value=-0.032783803907696772 -0.034131188020248393 0.0055080769696166203 0.01234490983234251 0.020727732363326271 0.047491449915054697 0.006625113822190179 0.058130542619547643
leaf_count=28276 10742 18277 5181 2441 848 827 417
internal_value=0 0.171687 -0.141651 0.307881 0.172879 -0.46883 0.542807
internal_count=67009 38733 16750 21983 19125 11569 2858
shrinkage=0.05


Tree=25
num_leaves=8
num_cat=0
split_feature=4 4 8 0 0 6 3
split_gain=85.1719 24.0743 19.7506 23.3502 19.687 14.2486 12.268
threshold=117.25000000000001 137.83333333333334 1.0000000180025095e-35 61.500000000000007 62.500000000000007 5.3500000000000005 82.833333333333357
decision_type=8 8 2 2 2 8 10
left_child=-1 2 3 -2 5 -5 -4
right_child=1 -3 6 4 -6 -7 -8
leaf_value=-0.032199529650005269 -0.0092821441108300509 0.018265348472755454 0.004787740878713781 -0.029779574366254408 0.0043977602098036932 0.12596728750632355 0.066882592388004716
leaf_count=28276 28018 7771 1273 70 693 292 616
internal_value=0 0.161891 -0.025626 -0.105871 0.869384 1.98845 0.719122
internal_count=67009 38733 30962 29073 1055 362 1889
shrinkage=0.05


Tree=26
num_leaves=8
num_cat=0
split_feature=3 0 2 2 0 6 4
split_gain=78.9233 20.8327 17.8692 17.0155 12.4871 11.0759 10.1595
threshold=75.833333333333357 52.500000000000007 29.050000000000004 22.450000000000003 58.500000000000007 6.9500000000000011 135.83333333333334
decision_type=8 2 10 8 2 10 10
left_child=1 -1 5 4 6 -3 -2
right_child=3 2 -4 -5 -6 -7 -8
leaf_value=-0.035616496673427318 -0.027287909363818807 -0.014400921273250969 0.087546842625026169 0.014715423903862296 0.024632007242177331 0.069979598115325253 0.0024489359421796934
leaf_count=29637 6631 7398 179 19807 1161 190 2006
internal_value=0 -0.501008 -0.0693353 0.194714 -0.10619 -0.195463 -0.251918
internal_count=67009 37404 7767 29605 9798 7588 8637
shrinkage=0.05


Tree=27
num_leaves=8
num_cat=0
split_feature=4 0 2 3 6 2 5
split_gain=74.3806 21.9559 20.9576 11.9907 11.6513 10.3029 9.80283
threshold=117.25000000000001 47.500000000000007 25.450000000000003 88.833333333333357 11.050000000000002 20.750000000000004 2.3210916442048526
decision_type=8 2 8 10 10 8 8
left_child=-1 2 3 -2 5 -3 -4
right_child=1 4 6 -5 -6 -7 -8
leaf_value=-0.031145616607535367 -0.033274008653561116 -0.007931621419003802 0.035067503674167708 0.0052003090026666796 0.118430440004101 0.015447046625693029 -0.0005222179247857617
leaf_count=28276 10742 3513 1701 827 41 18429 3480
internal_value=0 0.146216 -0.139548 -0.452589 0.266366 0.253409 0.211907
internal_count=67009 38733 16750 11569 21983 21942 5181
shrinkage=0.05


Tree=28
num_leaves=8
num_cat=0
split_feature=4 0 8 6 3 0 0
split_gain=68.8865 20.1572 19.0866 12.0724 15.1437 14.0783 12.1899
threshold=117.25000000000001 44.500000000000007 1.0000000180025095e-35 6.4500000000000011 89.583333333333357 60.500000000000007 62.500000000000007
decision_type=8 2 2 10 8 2 2
left_child=-1 2 -2 4 5 -3 -7
right_child=1 3 -4 -5 -6 6 -8
leaf_value=-0.030541413254920737 -0.016617343257360633 -0.0035190121491500224 0.075958719622607834 0.03370193696231033 0.019341558469932074 0.052866542777985782 -0.0003408908735002198
leaf_count=28276 10783 20709 278 1542 3578 941 902
internal_value=0 0.138064 -0.240883 0.220644 0.169738 0.023117 0.549619
internal_count=67009 38733 11061 27672 26130 22552 1843
shrinkage=0.05


Tree=29
num_leaves=8
num_cat=0
split_feature=4 0 8 5 2 2 0
split_gain=63.7942 18.0869 16.8333 12.8895 11.0707 10.508 11.48
threshold=117.25000000000001 44.500000000000007 1.0000000180025095e-35 2.1582156611039802 26.150000000000002 22.450000000000003 58.500000000000007
decision_type=8 2 2 8 10 8 2
left_child=-1 2 4 -4 -2 6 -3
right_child=1 5 3 -5 -6 -7 -8
leaf_value=-0.02993117913326367 -0.029225602535223147 -0.0095671167224045325 0.17336010970488872 0.015220562594862836 0.00318467060161404 0.014545052401801529 0.023673463086378299
leaf_count=28276 8138 8225 62 216 2645 18011 1436
internal_value=0 0.130487 -0.231273 1.37089 -0.320969 0.207663 -0.0289802
internal_count=67009 38733 11061 278 10783 27672 9661
shrinkage=0.05


Tree=30
num_leaves=8
num_cat=0
split_feature=3 0 2 2 0 3 6
split_gain=59.3687 19.7265 14.684 12.4129 14.6509 9.89366 9.24568
threshold=75.833333333333357 52.500000000000007 29.050000000000004 25.850000000000005 47.500000000000007 88.833333333333357 6.9500000000000011
decision_type=8 2 10 8 2 10 10
left_child=1 -1 6 4 5 -2 -3
right_child=3 2 -4 -5 -6 -7 -8
leaf_value=-0.034004139264091536 -0.029458096364782024 -0.012594534052367698 0.077286564102239289 0.017182444794827886 0.0076953566795933681 0.006528339600093705 0.06228184160167316
leaf_count=29637 6907 7398 179 8207 13609 882 190
internal_value=0 -0.458694 -0.0364139 0.160252 0.0437275 -0.327721 -0.160183
internal_count=67009 37404 7767 29605 21398 7789 7588
shrinkage=0.05


Tree=31
num_leaves=8
num_cat=0
split_feature=4 0 3 6 5 2 4
split_gain=55.6095 15.6521 19.5993 11.2887 10.0077 8.92965 8.84558
threshold=117.25000000000001 53.500000000000007 82.833333333333357 6.1500000000000012 1.0489804078368652 24.650000000000002 155.16666666666671
decision_type=8 2 10 10 8 10 10
left_child=5 2 -2 -3 -4 -1 -6
right_child=1 3 4 -5 6 -7 -8
leaf_value=-0.034433172069315419 -0.01639866673838996 0.010691785722145719 -0.042159402092592023 0.038811729873136004 0.0048660029341566612 -0.00032899752305221936 0.029143939379985176
leaf_count=24293 18775 9255 374 1206 8555 3983 568
internal_value=0 0.118172 -0.0092922 0.306407 0.148067 -0.576636 0.186043
internal_count=67009 38733 28272 10461 9497 28276 9123
shrinkage=0.05


Tree=32
num_leaves=8
num_cat=0
split_feature=4 0 8 5 2 6 2
split_gain=51.4495 14.289 15.2567 12.434 9.53415 9.02625 8.60006
threshold=117.25000000000001 44.500000000000007 1.0000000180025095e-35 2.1209508881922678 26.150000000000002 12.050000000000002 24.650000000000002
decision_type=8 2 2 8 10 10 10
left_child=6 2 4 -4 -2 -3 -1
right_child=1 5 3 -5 -6 -7 -8
leaf_value=-0.033880620694958015 -0.028018589615388462 0.008492798607460909 0.16492844867488665 0.013120778919546558 0.0022806215875240603 0.11186886685479501 -0.00031333387569287005
leaf_count=24293 8138 27650 57 221 2645 22 3983
internal_value=0 0.111625 -0.214754 1.27937 -0.303953 0.178239 -0.564229
internal_count=67009 38733 11061 278 10783 27672 28276
shrinkage=0.05


Tree=33
num_leaves=8
num_cat=0
split_feature=3 4 8 0 0 6 0
split_gain=47.8242 17.2064 20.4323 10.0289 9.74179 9.67959 8.65626
threshold=68.833333333333357 130.83333333333334 1.0000000180025095e-35 60.500000000000007 57.500000000000007 6.4500000000000011 34.500000000000007
decision_type=8 8 2 2 2 10 2
left_child=3 2 4 -1 5 -2 -3
right_child=1 6 -4 -5 -6 -7 -8
leaf_value=-0.036571564356877279 -0.019219841949161497 -0.031584655191807476 0.038808254412298779 0.018831556554631798 0.011088864652620694 0.040752852185702848 0.011203728271475618
leaf_count=20860 24896 660 1607 694 2856 527 14909
internal_value=0 0.091194 -0.134441 -0.638447 -0.23244 -0.335928 0.201944
internal_count=67009 45455 29886 21554 28279 25423 15569
shrinkage=0.05


Tree=34
num_leaves=8
num_cat=0
split_feature=4 3 6 0 5 5 2
split_gain=44.5371 12.8058 14.6798 11.9391 10.9392 10.4391 10.2797
threshold=117.25000000000001 85.833333333333357 7.0500000000000007 46.500000000000007 0.97108416945373477 1.2010638297872342 23.850000000000005
decision_type=8 8 10 2 8 8 10
left_child=-1 2 3 -2 -5 -3 -6
right_child=1 5 -4 4 6 -7 -8
leaf_value=-0.02704795950160184 -0.022641495576154753 -0.019785621508877735 0.042086883140087093 0.056694901664902569 -0.013183026562492376 0.01331146788576873 0.010190986360131394
leaf_count=28276 12213 716 647 625 9064 8888 6580
internal_value=0 0.10089 -0.0591596 -0.115901 0.0156308 0.221811 -0.034455
internal_count=67009 38733 29129 28482 16269 9604 15644
shrinkage=0.05


Tree=35
num_leaves=8
num_cat=0
split_feature=3 2 4 5 0 6 0
split_gain=42.1894 14.3711 10.0625 10.9846 9.59853 9.3244 9.41286
threshold=68.833333333333357 22.450000000000003 135.83333333333334 3.8615900383141768 60.500000000000007 12.050000000000002 53.500000000000007
decision_type=8 8 10 10 2 10 2
left_child=4 2 -2 -4 -1 6 -3
right_child=1 5 3 -5 -6 -7 -8
leaf_value=-0.035732309904008545 -0.018291224289786266 0.0025191776190561354 0.0020506550724028443 0.1089484803792002 0.018477095538030324 0.11380132049962077 0.0164414536216392
leaf_count=20860 14977 20319 2605 35 694 20 7499
internal_value=0 0.08299 -0.158732 0.107634 -0.618182 0.168786 0.159788
internal_count=67009 45455 17617 2640 21554 27838 27818
shrinkage=0.05


Tree=36
num_leaves=8
num_cat=0
split_feature=3 4 2 0 3 2 0
split_gain=39.2208 13.3367 19.1137 12.3802 11.2103 9.48078 9.12351
threshold=68.833333333333357 137.83333333333334 32.95000000000001 50.500000000000007 89.833333333333357 21.150000000000002 60.500000000000007
decision_type=8 8 10 2 10 8 2
left_child=6 2 3 4 -2 -5 -1
right_child=1 -3 -4 5 -6 -7 -8
leaf_value=-0.035207063691918124 -0.019743997699788001 0.011168044892578702 0.064193173019080133 -0.020233769432110242 0.023951567861773659 0.0085945774058051923 0.017365908878023868
leaf_count=20860 21989 7672 470 3493 566 11265 694
internal_value=0 0.0788283 -0.0540255 -0.0932026 -0.304375 0.0725799 -0.606157
internal_count=67009 45455 37783 37313 22555 14758 21554
shrinkage=0.05


Tree=37
num_leaves=8
num_cat=0
split_feature=3 2 0 0 4 0 0
split_gain=36.4189 12.2921 12.3647 13.1115 9.02642 10.1549 8.67088
threshold=68.833333333333357 23.350000000000005 60.500000000000007 62.500000000000007 168.33333333333334 34.500000000000007 60.500000000000007
decision_type=8 8 2 2 10 2 2
left_child=6 2 -2 -4 5 -3 -1
right_child=1 4 3 -5 -6 -7 -8
leaf_value=-0.034671879632890229 -0.009676999417676229 -0.038681614819786804 0.051605242185622402 -0.0092877532719267738 0.039223571938574453 0.0082858458708985113 0.016335852105985402
leaf_count=20860 21396 1059 711 693 180 21416 694
internal_value=0 0.0746362 -0.104051 0.448553 0.173313 0.140007 -0.59402
internal_count=67009 45455 22800 1404 22655 22475 21554
shrinkage=0.05


Tree=38
num_leaves=8
num_cat=0
split_feature=4 6 0 3 2 5 7
split_gain=34.1402 10.6821 10.4201 12.5776 8.40409 8.32568 7.92846
threshold=117.25000000000001 12.050000000000002 53.500000000000007 82.833333333333357 24.650000000000002 1.0489804078368652 1.0000000180025095e-35
decision_type=8 10 2 10 10 8 2
left_child=4 2 3 -2 6 -5 -1
right_child=1 -3 -4 5 -6 -7 -8
leaf_value=-0.033022425606028999 -0.014783762011977595 0.10790493369564053 0.011211366064088362 -0.041655571364092925 0.0033312154645292399 0.0062100162331908508 0.066644292855825002
leaf_count=24131 18769 25 10453 373 3983 9113 162
internal_value=0 0.0840282 0.0762154 -0.0291262 -0.498397 0.0912752 -0.623343
internal_count=67009 38733 38708 28255 28276 9486 24293
shrinkage=0.05


Tree=39
num_leaves=8
num_cat=0
split_feature=3 2 0 0 4 8 5
split_gain=32.1752 11.9885 9.14271 8.19331 7.44866 9.72892 9.30895
threshold=67.833333333333357 22.450000000000003 57.500000000000007 34.500000000000007 135.83333333333334 1.0000000180025095e-35 1.1483983983983987
decision_type=8 8 2 2 10 2 10
left_child=-1 2 4 -3 5 -2 -6
right_child=1 3 -4 -5 6 -7 -8
leaf_value=-0.030838170224407154 -0.027607569788965638 -0.03057169132368431 0.011659148764222936 0.0080103063568772396 -0.04264076751152171 0.04848223294306897 0.0092043544744334262
leaf_count=19254 14151 1377 2279 27492 370 381 1705
internal_value=0 0.0632688 -0.156988 0.139779 -0.283732 -0.475086 -0.00360604
internal_count=67009 47755 18886 28869 16607 14532 2075
shrinkage=0.05


Tree=40
num_leaves=8
num_cat=0
split_feature=3 4 8 0 2 5 5
split_gain=29.9085 10.851 17.6931 14.1505 7.25255 7.59678 6.51932
threshold=67.833333333333357 132.83333333333334 1.0000000180025095e-35 60.500000000000007 23.950000000000003 0.93364779874213844 3.2386128364389237
decision_type=8 8 2 2 8 8 8
left_child=-1 2 3 4 5 -2 -4
right_child=1 -3 6 -5 -6 -7 -8
leaf_value=-0.030235516570422227 0.033501864253148814 0.0077474108391513696 0.043754113366395585 0.024145784739940983 -0.0037548565405530615 -0.025190813958955262 -0.016964887028372812
leaf_count=19254 902 13225 1502 1554 11064 19153 355
internal_value=0 0.0598154 -0.100146 -0.18799 -0.275383 -0.446853 0.651385
internal_count=67009 47755 34530 32673 31119 20055 1857
shrinkage=0.05


Tree=41
num_leaves=8
num_cat=0
split_feature=3 2 0 4 0 6 5
split_gain=27.7993 10.2522 7.9483 7.48328 10.143 7.28793 6.914
threshold=67.833333333333357 22.450000000000003 57.500000000000007 168.33333333333334 34.500000000000007 11.850000000000003 1.2700557700557702
decision_type=8 8 2 10 2 10 8
left_child=-1 2 -2 4 -3 -6 -4
right_child=1 3 6 -5 5 -7 -8
leaf_value=-0.029627312097413535 -0.013481155955713043 -0.039291474421823486 0.048675885229431809 0.032708433080776173 0.0056690134802292666 0.093751786101168896 0.00072697309022478338
leaf_count=19254 16607 1366 426 200 27281 22 1853
internal_value=0 0.0566695 -0.148616 0.126513 0.0996775 0.121992 0.210407
internal_count=67009 47755 18886 28869 28669 27303 2279
shrinkage=0.05


Tree=42
num_leaves=8
num_cat=0
split_feature=4 6 0 8 5 2 7
split_gain=26.1459 8.62789 8.32097 12.6958 10.5974 7.72085 7.48639
threshold=117.25000000000001 12.050000000000002 44.500000000000007 1.0000000180025095e-35 2.1209508881922678 24.650000000000002 1.0000000180025095e-35
decision_type=8 10 2 2 8 10 2
left_child=5 2 3 -2 -5 6 -1
right_child=1 -3 -4 4 -6 -7 -8
leaf_value=-0.031302501785323865 -0.014062058531258421 0.092459145327641004 0.0055514112971013149 0.14381065066608428 0.010117933240527739 0.0042575346101187735 0.064736820067884324
leaf_count=24131 10780 25 27650 57 221 3983 162
internal_value=0 0.070242 0.0629745 -0.193032 1.11892 -0.456564 -0.585933
internal_count=67009 38733 38708 11058 278 28276 24293
shrinkage=0.05


Tree=43
num_leaves=8
num_cat=0
split_feature=3 3 5 0 6 5 2
split_gain=24.5967 9.19259 21.147 14.0098 13.6007 9.73866 9.15151
threshold=67.833333333333357 83.833333333333357 0.93364779874213844 46.500000000000007 5.6500000000000012 1.1806392235609104 23.850000000000005
decision_type=8 8 8 2 10 8 10
left_child=-1 2 3 -2 6 -3 -4
right_child=1 5 4 -5 -6 -7 -8
leaf_value=-0.028594575776529369 -0.03335336390921944 -0.021861548090389232 -0.024868660944084325 0.10381945656882591 0.0095829939215670845 0.0088720146788963707 -0.0020880195635260717
leaf_count=19254 481 928 17422 613 7111 12063 9137
internal_value=0 0.0523026 -0.0937885 1.40643 -0.145626 0.14006 -0.299351
internal_count=67009 47755 34764 1094 33670 12991 26559
shrinkage=0.05


Tree=44
num_leaves=8
num_cat=0
split_feature=3 2 4 0 8 5 2
split_gain=22.83 8.61648 11.8216 12.7832 11.1227 14.4122 8.09079
threshold=67.833333333333357 29.950000000000003 135.83333333333334 50.500000000000007 1.0000000180025095e-35 2.55829054666264 21.150000000000002
decision_type=8 10 8 2 2 8 10
left_child=-1 2 3 4 -2 -6 -5
right_child=1 -3 -4 6 5 -7 -8
leaf_value=-0.027974604999438858 -0.02294501234930911 0.017662408752367364 0.0069417631263325834 -0.020710463187981674 0.082615387453450234 -0.031995802793908283 0.0071705306765289844
leaf_count=19254 21474 2501 8850 3685 403 357 10485
internal_value=0 0.0495169 0.00996204 -0.134075 -0.374454 0.631824 0.042516
internal_count=67009 47755 45254 36404 22234 760 14170
shrinkage=0.05


Tree=45
num_leaves=8
num_cat=0
split_feature=3 6 2 3 0 8 5
split_gain=21.1815 8.00738 7.60731 7.71162 11.0751 12.649 8.2075
threshold=67.833333333333357 12.050000000000002 20.350000000000005 83.833333333333357 60.500000000000007 1.0000000180025095e-35 1.9712215320910977
decision_type=8 10 8 8 2 2 8
left_child=-1 2 -2 4 5 -4 -7
right_child=1 -3 3 -5 -6 6 -8
leaf_value=-0.027351589115084396 -0.014479462919853279 0.086491046884102668 -0.012992151284006288 0.0076351083371950391 0.021427431040302175 0.067240185008489786 0.0044364836855733279
leaf_count=19254 7650 24 25142 11801 1553 465 1120
internal_value=0 0.0469019 0.0402251 0.0723063 -0.0740941 -0.16821 0.526247
internal_count=67009 47755 47731 40081 28280 26727 1585
shrinkage=0.05


Tree=46
num_leaves=8
num_cat=0
split_feature=3 0 2 0 0 0 3
split_gain=19.656 7.49876 7.46224 12.2691 7.62638 24.5312 7.49936
threshold=67.833333333333357 52.500000000000007 25.850000000000005 47.500000000000007 61.500000000000007 62.500000000000007 88.833333333333357
decision_type=8 2 8 2 2 2 10
left_child=1 -1 3 6 -5 -6 -2
right_child=2 -3 -4 4 5 -7 -8
leaf_value=-0.037872824740627725 -0.025606301403381538 -0.00034434466511022065 0.0087322404831827564 -0.00028734696642666028 0.065522638817175752 -0.0062309939499080617 0.0036483894944662485
leaf_count=15947 14875 3307 10965 19358 554 1121 882
internal_value=0 -0.534525 0.0446254 -0.0350275 0.0558373 0.415157 -0.336447
internal_count=67009 19254 47755 36790 21033 1675 15757
shrinkage=0.05


Tree=47
num_leaves=8
num_cat=0
split_feature=4 2 7 6 0 4 6
split_gain=18.3562 7.07003 6.98379 6.78951 6.78534 8.90675 6.14465
threshold=117.25000000000001 24.650000000000002 1.0000000180025095e-35 12.050000000000002 53.500000000000007 155.16666666666671 6.1500000000000012
decision_type=8 10 2 10 2 10 10
left_child=1 2 -1 4 5 -2 -6
right_child=3 -3 -4 -5 6 -7 -8
leaf_value=-0.029092654848913685 -0.0047857992885339999 0.0058839975354269937 0.062877359397861099 0.078107022060500575 0.0049449447360168236 0.017283050725064603 0.024356061128167416
leaf_count=24131 27651 3983 162 25 9255 604 1198
internal_value=0 -0.403194 -0.53802 0.0559725 0.0493035 -0.0365403 0.165164
internal_count=67009 28276 24293 38733 38708 28255 10453
shrinkage=0.05


Tree=48
num_leaves=8
num_cat=0
split_feature=3 0 2 2 4 0 8
split_gain=17.3311 7.24855 7.21909 6.8858 8.90102 10.3527 9.88046
threshold=67.833333333333357 52.500000000000007 26.750000000000004 29.950000000000003 135.83333333333334 50.500000000000007 1.0000000180025095e-35
decision_type=8 2 10 8 10 2 2
left_child=1 -1 -3 4 5 6 -2
right_child=3 2 -4 -5 -6 -7 -8
leaf_value=-0.03714334763455434 -0.021521632663830809 -0.011420477319790998 0.075162115417670927 0.015051762751116979 0.0057473339478876367 0.0017091597179053186 0.029341437581384907
leaf_count=15947 21408 3170 137 2761 8792 14039 755
internal_value=0 -0.513697 0.00386504 0.0410301 0.00432565 -0.122507 -0.345794
internal_count=67009 19254 3307 47755 44994 36202 22163
shrinkage=0.05


Tree=49
num_leaves=8
num_cat=0
split_feature=3 0 2 6 2 3 0
split_gain=16.0266 7.02431 6.68174 6.6315 6.46471 5.88697 8.751
threshold=67.833333333333357 52.500000000000007 20.350000000000005 12.050000000000002 26.750000000000004 83.833333333333357 60.500000000000007
decision_type=8 2 8 10 10 8 2
left_child=1 -1 -2 5 -3 6 -4
right_child=2 4 3 -5 -6 -7 -8
leaf_value=-0.036661543397380425 -0.013700648806428774 -0.011000333829741131 -0.0076930623935605198 0.078035442805192035 0.069365144704769996 0.006534008263798588 0.018418597455698026
leaf_count=15947 7651 3170 26727 23 137 11801 1553
internal_value=0 -0.500899 0.0389041 0.0683664 0.00661558 0.0615498 -0.0674071
internal_count=67009 19254 47755 40104 3307 40081 28280
shrinkage=0.05


Tree=50
num_leaves=8
num_cat=0
split_feature=3 0 2 6 2 3 0
split_gain=14.8196 6.79593 6.09408 5.96772 5.79493 7.78193 5.67835
threshold=67.833333333333357 52.500000000000007 20.350000000000005 12.050000000000002 26.750000000000004 64.833333333333357 47.500000000000007
decision_type=8 2 8 10 10 10 2
left_child=1 -1 -2 6 -3 -6 -4
right_child=2 4 3 -5 5 -7 -8
leaf_value=-0.036169347605807124 -0.013198538505337854 -0.010591684761895787 -0.0047940001537770741 0.072802383548280253 0.12321911536376924 -0.026154323393209916 0.0056961729612906237
leaf_count=15947 7651 3170 17075 23 73 64 23006
internal_value=0 -0.488138 0.0369824 0.0648843 0.00899471 1.28278 0.058323
internal_count=67009 19254 47755 40104 3307 137 40081
shrinkage=0.05


Tree=51
num_leaves=8
num_cat=0
split_feature=4 2 0 2 4 0 6
split_gain=13.7194 6.34855 6.60451 5.65757 5.4243 6.55468 5.78085
threshold=117.25000000000001 24.650000000000002 55.500000000000007 24.850000000000005 168.33333333333334 41.500000000000007 8.4500000000000011
decision_type=8 10 2 10 10 2 10
left_child=1 2 -1 -3 5 -2 -7
right_child=4 3 -4 -5 -6 6 -8
leaf_value=-0.032765449583640457 -0.017831111212137304 0.071836048294060859 0.0036138407285258725 -0.0035558039219190257 0.021841342649183179 0.0018566730071884431 0.032940296924142153
leaf_count=21423 5433 413 2870 3570 274 32724 302
internal_value=0 -0.361629 -0.498423 0.130568 0.0469631 0.026698 0.0527252
internal_count=67009 28276 24293 3983 38733 38459 33026
shrinkage=0.05


Tree=52
num_leaves=8
num_cat=0
split_feature=3 0 2 4 5 0 6
split_gain=12.9354 6.4693 5.89121 7.26472 7.19675 9.38267 8.04092
threshold=67.833333333333357 52.500000000000007 29.950000000000003 139.83333333333334 2.7416573971078981 58.500000000000007 5.3500000000000005
decision_type=8 2 8 10 8 2 10
left_child=1 -1 3 4 6 -6 -2
right_child=2 -3 -4 -5 5 -7 -8
leaf_value=-0.035327073577146782 -0.0091122158051790067 0.00081663014078419023 0.013595757936724046 0.0064740933430564836 -0.022651313158649586 0.017086676923590158 0.0078840919952873623
leaf_count=15947 16890 3307 2761 4832 8780 803 13689
internal_value=0 -0.466195 0.0339467 -0.000189311 -0.0882449 -0.315331 -0.00459131
internal_count=67009 19254 47755 44994 40162 9583 30579
shrinkage=0.05


Tree=53
num_leaves=8
num_cat=0
split_feature=3 0 2 0 0 5 5
split_gain=11.9703 6.20224 5.39914 5.78829 5.34783 5.80015 6.02048
threshold=67.833333333333357 52.500000000000007 22.450000000000003 34.500000000000007 58.500000000000007 1.2700557700557702 3.4395121951219516
decision_type=8 2 8 2 2 8 10
left_child=1 -1 4 -4 -2 -6 -7
right_child=2 -3 3 -5 5 6 -8
leaf_value=-0.034808437645306792 -0.010794181572653459 0.00077728751568667976 -0.028908499180976089 0.0048259310090348305 0.046223843636287211 -0.0055031432854009237 0.077930775390072746
leaf_count=15947 17068 3307 1377 27492 338 1426 54
internal_value=0 -0.453978 0.0321689 0.0807446 -0.120638 0.196684 0.00245696
internal_count=67009 19254 47755 28869 18886 1818 1480
shrinkage=0.05


Tree=54
num_leaves=8
num_cat=0
split_feature=4 2 7 2 4 0 6
split_gain=11.1323 5.89096 6.40845 5.05997 4.63452 5.76104 5.63077
threshold=117.25000000000001 24.650000000000002 1.0000000180025095e-35 24.850000000000005 168.33333333333334 34.500000000000007 6.8500000000000005
decision_type=8 10 2 10 10 2 10
left_child=1 2 -1 -3 5 -2 -7
right_child=4 3 -4 -5 -6 6 -8
leaf_value=-0.026004434938138518 -0.028737078239172088 0.067383247659204726 0.061458060414085483 -0.0028766886557808433 0.019893143510022093 0.00050662012077189308 0.018121302600760277
leaf_count=24131 2603 413 162 3570 274 34721 1135
internal_value=0 -0.33364 -0.471278 0.139606 0.0413195 0.0224671 0.0370915
internal_count=67009 28276 24293 3983 38733 38459 35856
shrinkage=0.05


Tree=55
num_leaves=8
num_cat=0
split_feature=3 0 2 1 2 3 3
split_gain=10.4741 5.94854 5.1843 7.06484 5.03768 6.78907 6.56886
threshold=67.833333333333357 52.500000000000007 26.750000000000004 1.5000000000000002 29.950000000000003 100.83333333333336 102.25000000000001
decision_type=8 2 10 2 10 10 10
left_child=1 -1 -3 -4 5 -2 -7
right_child=4 2 3 -5 -6 6 -8
leaf_value=-0.033991068659602656 -0.0017629906302971763 -0.0096190931671381232 0.11411582327670336 -0.026175429235461567 0.012679945872003827 0.04537248840769581 0.0066285873875111109
leaf_count=15947 44641 3170 84 53 2501 148 465
internal_value=0 -0.433066 0.0252058 1.20324 0.0296299 -0.00129398 0.31048
internal_count=67009 19254 3307 137 47755 45254 613
shrinkage=0.05


Tree=56
num_leaves=8
num_cat=0
split_feature=3 0 2 6 5 2 0
split_gain=9.63956 5.73345 4.88804 4.95814 4.77459 9.71131 6.46395
threshold=67.833333333333357 52.500000000000007 20.350000000000005 12.050000000000002 2.8699677938808374 34.350000000000001 47.500000000000007
decision_type=8 2 8 10 8 10 2
left_child=1 -1 -2 4 5 6 -4
right_child=2 -3 3 -5 -6 -7 -8
leaf_value=-0.033449479610353626 -0.012255740451567465 0.0013817585950174991 -0.0068100153204948104 0.064212884404792378 -0.0044562443000507176 0.049142582032053871 0.007041379347650277
leaf_count=15947 7651 3307 12207 23 10026 264 17584
internal_value=0 -0.4203 0.0281823 0.0526846 0.0465938 0.0992643 0.076227
internal_count=67009 19254 47755 40104 40081 30055 29791
shrinkage=0.05


Tree=57
num_leaves=8
num_cat=0
split_feature=4 2 7 2 0 4 7
split_gain=9.01737 5.37145 5.93417 4.56697 4.25308 6.29805 5.16496
threshold=117.25000000000001 24.650000000000002 1.0000000180025095e-35 24.850000000000005 53.500000000000007 155.16666666666671 1.0000000180025095e-35
decision_type=8 10 2 10 2 10 2
left_child=1 2 -1 -3 5 6 -2
right_child=4 3 -4 -5 -6 -7 -8
leaf_value=-0.024713020343809684 -0.0056127960024391979 0.063377954654016647 0.058324171240798667 -0.0024488700269745395 0.0063108946584664654 0.014037152381940518 0.021464377327101682
leaf_count=24131 27165 413 162 3570 10461 605 502
internal_value=0 -0.306714 -0.443948 0.143145 0.0366406 -0.0318023 -0.0828002
internal_count=67009 28276 24293 3983 38733 28272 27667
shrinkage=0.05


Tree=58
num_leaves=8
num_cat=0
split_feature=3 0 2 3 8 2 0
split_gain=8.43111 5.45801 4.64962 6.77633 4.40087 12.0304 9.34609
threshold=67.833333333333357 52.500000000000007 26.750000000000004 64.833333333333357 1.0000000180025095e-35 33.750000000000007 44.500000000000007
decision_type=8 2 10 10 2 10 2
left_child=1 -1 -3 -4 -2 6 -6
right_child=4 2 3 -5 5 -7 -8
leaf_value=-0.03260583397987523 -6.182888996199622e-05 -0.008907293862611786 0.10831708965053191 -0.026573375406536121 0.062474703003934241 0.088083601577082407 0.0017111439121530469
leaf_count=15947 44885 3170 73 64 308 73 2489
internal_value=0 -0.400089 0.0348571 1.12615 0.0260608 0.247204 0.145915
internal_count=67009 19254 3307 137 47755 2870 2797
shrinkage=0.05


Tree=59
num_leaves=8
num_cat=0
split_feature=4 2 5 0 0 8 0
split_gain=7.78697 4.97402 6.22498 4.64168 4.02476 8.72013 8.79319
threshold=117.25000000000001 22.550000000000004 1.191093853271646 61.500000000000007 44.500000000000007 1.0000000180025095e-35 42.500000000000007
decision_type=8 10 10 2 2 2 2
left_child=1 -1 -3 -4 5 -2 -7
right_child=4 2 3 -5 -6 6 -8
leaf_value=-0.025373704306650553 -0.011561188520458468 0.069289557573194702 -0.012622877741318584 0.042751302195021046 0.0032720220860841809 -0.024427208054490716 0.081266389420233023
leaf_count=18714 10783 647 8618 297 27672 103 175
internal_value=0 -0.28876 -0.0169609 -0.12918 0.0339117 -0.149462 0.870148
internal_count=67009 28276 9562 8915 38733 11061 278
shrinkage=0.05


Tree=60
num_leaves=8
num_cat=0
split_feature=3 0 2 6 5 2 5
split_gain=7.34369 5.22041 4.22536 4.40449 4.31023 7.86868 6.03753
threshold=67.833333333333357 52.500000000000007 20.350000000000005 12.050000000000002 2.8699677938808374 34.350000000000001 3.5678746928746934
decision_type=8 2 8 10 10 10 10
left_child=1 -1 -2 4 5 -4 -6
right_child=2 -3 3 -5 6 -7 -8
leaf_value=-0.03175665967785566 -0.011610888170088351 0.0022082073695991627 0.0034382628262999899 0.059401726596996822 -0.011207052191036957 0.043119222143125323 0.0078301363728638714
leaf_count=15947 7651 3307 30404 23 6274 265 3138
internal_value=0 -0.379748 0.0242024 0.0467163 0.0409097 0.0897602 -0.0906156
internal_count=67009 19254 47755 40104 40081 30669 9412
shrinkage=0.05


Tree=61
num_leaves=8
num_cat=0
split_feature=3 0 2 1 0 0 4
split_gain=6.77724 4.96109 4.16103 6.14472 4.11688 5.90325 4.58079
threshold=67.833333333333357 52.500000000000007 26.750000000000004 1.5000000000000002 68.500000000000014 66.500000000000014 168.33333333333334
decision_type=8 2 10 2 2 2 10
left_child=1 -1 -3 -4 5 6 -2
right_child=4 2 3 -5 -6 -7 -8
leaf_value=-0.031184544569411367 0.00017501062782686013 -0.008284418131381947 0.10010050112336791 -0.026579439811977291 -0.037779040420587599 0.047360473787174999 0.018923340620102664
leaf_count=15947 47146 3170 84 53 177 170 262
internal_value=0 -0.368313 0.0419841 1.05208 0.0230608 0.0302569 0.0213458
internal_count=67009 19254 3307 137 47755 47578 47408
shrinkage=0.05


Tree=62
num_leaves=8
num_cat=0
split_feature=4 8 0 2 5 2 0
split_gain=6.48099 9.45743 7.72264 5.84978 5.63466 9.71881 4.82041
threshold=130.83333333333334 1.0000000180025095e-35 60.500000000000007 23.950000000000003 1.9712215320910977 26.950000000000003 48.500000000000007
decision_type=8 2 2 8 8 10 2
left_child=1 2 3 -1 6 -6 -3
right_child=-2 4 -4 -5 5 -7 -8
leaf_value=-0.020587721855463429 0.0032405971099974591 0.11372116059167825 0.013697202540469904 -0.003517281075119789 -0.023449567035382965 0.046472946040691618 0.027145459845401499
leaf_count=33900 15971 159 1927 13010 1105 339 598
internal_value=0 -0.128067 -0.194354 -0.263795 0.408737 0.0794535 1.00121
internal_count=67009 51038 48837 46910 2201 1444 757
shrinkage=0.05


Tree=63
num_leaves=8
num_cat=0
split_feature=2 3 0 2 6 5 2
split_gain=6.00848 5.09422 8.30177 8.73144 8.42107 11.3142 5.92628
threshold=20.450000000000003 83.833333333333357 52.500000000000007 24.050000000000004 5.4500000000000011 1.1483983983983987 29.150000000000002
decision_type=8 8 2 10 10 8 10
left_child=-1 2 3 -2 5 -4 -7
right_child=1 -3 4 -5 -6 6 -8
leaf_value=-0.013206571770778176 -0.02767696434783214 0.0047011177592997952 0.061888590090371433 -0.0011925947017227207 0.01456443291979144 -0.022684216859455236 0.044014842268644078
leaf_count=15938 17836 11713 337 11453 5420 4217 95
internal_value=0 0.0289109 -0.0827901 -0.26723 0.0911099 -0.221411 -0.362645
internal_count=67009 51071 39358 29289 10069 4649 4312
shrinkage=0.05


Tree=64
num_leaves=8
num_cat=0
split_feature=3 7 0 0 0 2 0
split_gain=5.63461 4.78735 3.91894 5.2311 13.3532 13.774 7.71568
threshold=67.833333333333357 1.0000000180025095e-35 68.500000000000014 61.500000000000007 62.500000000000007 24.550000000000004 66.500000000000014
decision_type=8 2 2 2 2 10 2
left_child=1 -1 3 -2 5 -5 -6
right_child=2 -3 -4 4 6 -7 -8
leaf_value=-0.020589537420577845 7.9801383724425001e-06 0.052548726510015159 -0.037368199869322473 0.069920520390948079 -0.013504399260239042 -0.00017962277026036121 0.043176266325588825
leaf_count=19113 45675 141 177 452 1039 242 170
internal_value=0 -0.342768 0.0207981 0.0277351 0.289049 0.810245 -0.0789117
internal_count=67009 19254 47755 47578 1903 694 1209
shrinkage=0.05


Tree=65
num_leaves=8
num_cat=0
split_feature=0 8 0 5 5 2 8
split_gain=5.4901 11.1943 10.4199 8.55616 5.76608 5.23275 8.28015
threshold=44.500000000000007 1.0000000180025095e-35 42.500000000000007 2.1401754385964917 1.4873397435897437 33.750000000000007 1.0000000180025095e-35
decision_type=2 2 2 10 8 10 2
left_child=1 4 -3 -4 -1 -2 -7
right_child=5 2 3 -5 -6 6 -8
leaf_value=-0.038182861741162012 0.0010426361405139228 -0.026104018458758767 0.15854200312227762 0.025749999846989381 -0.0085100576458790045 0.0082064412666429023 0.085972269827912118
leaf_count=6261 43797 171 66 173 16183 297 61
internal_value=0 -0.193457 0.905762 1.67646 -0.273939 0.0362797 0.556927
internal_count=67009 22854 410 239 22444 44155 358
shrinkage=0.05


Tree=66
num_leaves=8
num_cat=0
split_feature=2 6 4 5 3 3 2
split_gain=5.31635 4.61418 4.50435 5.96431 4.23859 3.94005 8.09745
threshold=20.850000000000005 5.5500000000000007 136.83333333333334 0.91239035087719311 78.166666666666671 85.833333333333357 34.050000000000004
decision_type=8 10 10 10 8 8 10
left_child=1 -1 3 -3 -4 6 -2
right_child=5 2 4 -5 -6 -7 -8
leaf_value=-0.017863637419909328 -0.0043242538984351441 0.071133459297417767 0.096988454602565777 -0.019580175549169656 0.014737198578524095 0.0048556130442125693 0.042546424147701038
leaf_count=14842 39177 211 52 3580 235 8543 369
internal_value=0 -0.220783 0.128928 -0.198166 0.61436 0.0309318 -0.0564115
internal_count=67009 18920 4078 3791 287 48089 39546
shrinkage=0.05


Tree=67
num_leaves=8
num_cat=0
split_feature=0 4 3 1 6 6 4
split_gain=5.08495 10.2434 5.10006 5.705 5.30648 8.80421 7.05842
threshold=53.500000000000007 109.25000000000001 58.583333333333336 1.5000000000000002 7.0500000000000007 7.5500000000000007 143.16666666666671
decision_type=2 10 10 2 10 10 8
left_child=1 -1 3 -2 -4 6 -6
right_child=2 -3 4 -5 5 -7 -8
leaf_value=-0.034373973516044036 0.11842906987263052 -0.0016269045030971752 0.0021070717732589775 -0.00013623066726755546 0.086727755598137085 0.0006807479365420312 0.00078050971564777973
leaf_count=13211 189 38416 14228 440 189 296 40
internal_value=0 -0.0700669 0.0934899 1.20873 0.0794951 0.511905 1.18908
internal_count=67009 51627 15382 629 14753 525 229
shrinkage=0.05


Tree=68
num_leaves=8
num_cat=0
split_feature=2 0 6 3 0 2 6
split_gain=4.74453 4.07271 3.81911 3.81703 6.70754 8.60403 5.78127
threshold=20.450000000000003 29.500000000000004 12.050000000000002 83.833333333333357 60.500000000000007 23.950000000000003 6.2500000000000009
decision_type=8 2 10 8 2 10 10
left_child=-1 -2 3 4 5 6 -3
right_child=1 2 -4 -5 -6 -7 -8
leaf_value=-0.011923338657639971 -0.036774470719336615 -0.021885803517304236 0.053664537551321924 0.0042040227030943475 0.01384209217689584 0.0016533604461315004 0.031996338483831405
leaf_count=15938 1519 21069 24 11619 1949 14495 396
internal_value=0 0.0258824 0.0334714 0.0281422 -0.0702947 -0.146708 -0.377973
internal_count=67009 51071 49552 49528 37909 35960 21465
shrinkage=0.05


Tree=69
num_leaves=8
num_cat=0
split_feature=0 8 0 5 5 2 8
split_gain=4.52557 10.1459 9.21296 7.03284 5.42048 4.3013 6.99655
threshold=44.500000000000007 1.0000000180025095e-35 42.500000000000007 2.1401754385964917 1.4873397435897437 33.750000000000007 1.0000000180025095e-35
decision_type=2 2 2 10 8 10 2
left_child=1 4 -3 -4 -1 -2 -7
right_child=5 2 3 -5 -6 6 -8
leaf_value=-0.037387151880320754 0.00094627574907806412 -0.025637214438687675 0.14176140000046891 0.024282139574476724 -0.0078544272107239771 0.0067670283013657939 0.076157607064947716
leaf_count=6261 43797 171 66 173 16183 297 61
internal_value=0 -0.177174 0.854513 1.54711 -0.256504 0.0331365 0.496807
internal_count=67009 22854 410 239 22444 44155 358
shrinkage=0.05


Tree=70
num_leaves=8
num_cat=0
split_feature=0 4 2 4 5 2 3
split_gain=4.3163 9.31589 4.82002 5.35906 4.78494 7.65473 9.06424
threshold=53.500000000000007 109.25000000000001 20.050000000000004 155.16666666666671 3.025320512820513 34.350000000000001 89.833333333333357
decision_type=2 10 8 10 10 8 10
left_child=1 -1 -3 4 5 -4 -7
right_child=-2 2 3 -5 -6 6 -8
leaf_value=-0.033507169451844392 0.0042983693338913206 -0.022805148455438028 -0.0010823418540422036 0.01438221174882981 -0.013118022892727467 0.07022574905113961 -0.016431027391235239
leaf_count=13211 15382 5492 26068 569 5853 374 60
internal_value=0 -0.064665 -0.029648 -0.00255627 -0.0493762 0.0167218 0.782075
internal_count=67009 51627 38416 32924 32355 26502 434
shrinkage=0.05


Tree=71
num_leaves=8
num_cat=0
split_feature=2 0 3 0 0 2 6
split_gain=4.09995 7.05395 5.55825 4.40454 16.0629 5.31261 4.85766
threshold=25.850000000000005 47.500000000000007 88.833333333333357 61.500000000000007 62.500000000000007 25.150000000000002 8.5500000000000025
decision_type=8 2 10 2 2 10 10
left_child=1 2 -1 6 5 -5 -3
right_child=-2 3 -4 4 -6 -7 -8
leaf_value=-0.021226711728413852 0.0046467301613595446 -0.002751243809474291 0.0037547847362484894 0.053045931811225168 -0.0078968314577553024 -0.020924312996503474 0.044506081958873983
leaf_count=26126 12395 25417 882 616 1409 53 111
internal_value=0 -0.0567949 -0.281356 0.00871436 0.258758 0.903589 -0.0385238
internal_count=67009 54614 27008 27606 2078 669 25528
shrinkage=0.05


Tree=72
num_leaves=8
num_cat=0
split_feature=4 4 3 3 4 0 5
split_gain=3.84046 3.74383 3.91873 4.06393 7.42201 7.26447 7.36627
threshold=100.25000000000001 102.25000000000001 68.833333333333357 69.250000000000014 118.83333333333336 57.500000000000007 2.426568627450981
decision_type=8 8 8 8 10 2 8
left_child=-1 -2 -3 4 -4 6 -6
right_child=1 2 3 -5 5 -7 -8
leaf_value=-0.028562060730890321 0.044732347434407377 -0.015359554060609524 -0.01253613611260272 0.00056664567071150072 0.14321875569864986 -0.025877464640896127 -0.0032381772700834847
leaf_count=5667 1828 14683 1256 42887 421 47 220
internal_value=0 0.00898864 0.00344542 0.0200299 0.668519 1.47305 2.06793
internal_count=67009 61342 59514 44831 1944 688 641
shrinkage=0.05


Tree=73
num_leaves=8
num_cat=0
split_feature=2 0 6 5 5 4 6
split_gain=3.70631 3.70416 3.36045 3.37203 5.84753 6.31985 8.25385
threshold=20.450000000000003 29.500000000000004 12.050000000000002 2.8699677938808374 3.5678746928746934 146.25000000000003 5.8500000000000005
decision_type=8 2 10 10 10 10 10
left_child=-1 -2 3 -3 -5 -6 -7
right_child=1 2 -4 4 5 6 -8
leaf_value=-0.01071027147164513 -0.036058265173113169 0.0033369702243792251 0.049519832269923222 -0.01108177591969671 -0.003601154535703649 0.052136124038413736 -0.009453922748914198
leaf_count=15938 1519 38628 24 7275 3379 156 90
internal_value=0 0.0226821 0.0297368 0.0246754 -0.0907053 0.148428 0.577943
internal_count=67009 51071 49552 49528 10900 3625 246
shrinkage=0.05


Tree=74
num_leaves=8
num_cat=0
split_feature=0 4 3 3 6 6 4
split_gain=3.64247 8.35191 4.95576 4.88661 4.38425 7.64806 5.74956
threshold=53.500000000000007 109.25000000000001 58.583333333333336 56.833333333333336 7.0500000000000007 7.5500000000000007 143.16666666666671
decision_type=2 10 10 8 10 10 8
left_child=1 -1 3 -2 -4 6 -6
right_child=2 -3 4 -5 5 -7 -8
leaf_value=-0.032525542868590114 0.00056329269199100905 -0.0013710066429177201 0.0015315924883016114 0.10979530051862506 0.076111455662280669 -0.00062457568209833792 4.4272834374410647e-05
leaf_count=13211 428 38416 14228 201 189 296 40
internal_value=0 -0.0597945 0.0785362 1.16762 0.0648221 0.450257 1.05864
internal_count=67009 51627 15382 629 14753 525 229
shrinkage=0.05


Tree=75
num_leaves=8
num_cat=0
split_feature=2 0 3 2 2 0 2
split_gain=3.57347 6.15052 5.02481 4.19545 5.40914 4.00443 4.35616
threshold=25.850000000000005 47.500000000000007 88.833333333333357 18.650000000000002 18.350000000000005 33.500000000000007 37.650000000000013
decision_type=8 2 10 10 10 2 10
left_child=1 2 3 4 -1 6 -2
right_child=5 -3 -4 -5 -6 -7 -8
leaf_value=-0.011787100660515719 -0.045282707884063411 0.0003764897254412111 0.0035517645858717251 -0.023677866669078736 0.081634289928161533 0.005316834549381858 0.037383633863689411
leaf_count=2519 720 27606 882 22911 696 11642 33
internal_value=0 -0.0530953 -0.265595 -0.405652 0.382744 0.0866021 -0.585765
internal_count=67009 54614 27008 26126 3215 12395 753
shrinkage=0.05


Tree=76
num_leaves=8
num_cat=0
split_feature=4 4 6 3 0 0 4
split_gain=3.36451 3.58393 3.73519 3.35853 3.74237 4.32759 3.39039
threshold=100.25000000000001 102.25000000000001 5.4500000000000011 67.833333333333357 68.500000000000014 66.500000000000014 168.33333333333334
decision_type=8 8 10 8 2 2 10
left_child=-1 2 -2 -3 5 6 -5
right_child=1 3 -4 4 -6 -7 -8
leaf_value=-0.027426602277915074 -0.0031746851955035643 -0.016404972538043263 0.083921546670225305 -2.6987441833427203e-05 -0.037060380323296296 0.038766153837655346 0.015862853399117683
leaf_count=5667 1215 12601 613 46308 175 168 262
internal_value=0 0.00841031 0.8691 0.00295013 0.016289 0.0230177 0.0150666
internal_count=67009 61342 1828 59514 46913 46738 46570
shrinkage=0.05


Tree=77
num_leaves=8
num_cat=0
split_feature=2 4 5 0 5 5 5
split_gain=3.19824 4.21532 8.13654 4.06386 3.88337 7.51498 6.7585
threshold=22.450000000000003 135.83333333333334 3.8615900383141768 30.500000000000004 1.7783625730994153 2.2906158357771265 2.0515030946065433
decision_type=8 10 10 2 10 10 10
left_child=1 -1 4 -2 -3 6 -6
right_child=3 2 -4 -5 5 -7 -8
leaf_value=-0.012167588171891567 -0.036813261878281704 -0.010397531339770241 0.085414508473790396 0.0023072376710993516 0.0056904460403822141 -0.011655956513585811 0.062904648542318711
leaf_count=29317 1136 1481 35 33844 362 569 265
internal_value=0 -0.112064 0.0560987 0.0372179 -0.00232517 0.224194 0.630272
internal_count=67009 32029 2712 34980 2677 1196 627
shrinkage=0.05


Tree=78
num_leaves=8
num_cat=0
split_feature=0 4 3 1 2 2 2
split_gain=3.09097 7.44194 4.75427 4.78571 3.9993 5.27151 5.52968
threshold=53.500000000000007 109.25000000000001 58.583333333333336 1.5000000000000002 20.050000000000004 21.350000000000005 22.850000000000005
decision_type=2 10 10 2 8 10 10
left_child=1 -1 3 -2 -3 -6 -7
right_child=2 4 -4 -5 5 6 -8
leaf_value=-0.031485929871107377 0.10679695730718147 -0.021248612636170179 0.002937654140574356 -8.2422104868264346e-05 0.020046659015687571 -0.017044233984489756 0.00075492903614106952
leaf_count=13211 189 5492 14753 440 5078 7142 20704
internal_value=0 -0.0551888 0.0722189 1.12982 -0.0253665 -0.00123796 -0.0345693
internal_count=67009 51627 15382 629 38416 32924 27846
shrinkage=0.05


Tree=79
num_leaves=8
num_cat=0
split_feature=4 4 6 2 6 5 3
split_gain=2.97497 3.48302 3.16624 2.93178 2.91848 2.77344 4.98371
threshold=100.25000000000001 102.25000000000001 5.4500000000000011 43.750000000000007 12.050000000000002 2.8699677938808374 75.833333333333357
decision_type=8 8 10 10 10 10 10
left_child=-1 2 -2 4 5 -3 -7
right_child=1 3 -4 -5 -6 6 -8
leaf_value=-0.026380450676902992 -0.0021123304609173888 0.0014753658711480436 0.078348018422159729 0.056988988851693602 0.043597683247269314 -0.027901610649478537 -0.0025527010459634927
leaf_count=5667 1215 48519 613 24 26 4271 6674
internal_value=0 0.00783301 0.852611 0.00242713 -0.000966504 -0.00537001 -0.11054
internal_count=67009 61342 1828 59514 59490 59464 10945
shrinkage=0.05


Tree=80
num_leaves=8
num_cat=0
split_feature=0 2 0 0 3 5 3
split_gain=2.95138 3.15312 5.40412 13.8594 5.50267 5.96971 6.24346
threshold=29.500000000000004 25.850000000000005 61.500000000000007 62.500000000000007 86.833333333333357 0.93364779874213844 82.250000000000014
decision_type=2 8 2 2 10 10 8
left_child=-1 2 4 -4 5 6 -2
right_child=1 -3 3 -5 -6 -7 -8
leaf_value=-0.031032366971411981 0.044254958812770376 0.0043782446841085744 0.04084405022692883 -0.0078347876273024159 0.0019995994660993817 -0.011503200242035693 -0.03600442486420985
leaf_count=2474 2605 12069 669 1409 4775 42801 207
internal_value=0 0.0067966 -0.0441107 0.235859 -0.0849863 -0.191892 0.499527
internal_count=67009 64535 52466 2078 50388 45613 2812
shrinkage=0.05


Tree=81
num_leaves=8
num_cat=0
split_feature=0 2 2 6 8 5 5
split_gain=2.77408 2.85662 6.67912 5.75564 7.36865 5.83068 7.69083
threshold=29.500000000000004 30.750000000000004 30.850000000000005 5.2500000000000009 1.0000000180025095e-35 2.6403125000000007 2.1490949507780255
decision_type=2 10 10 10 2 8 10
left_child=-1 -2 -3 5 -5 6 -4
right_child=1 2 3 4 -6 -7 -8
leaf_value=-0.030485997469804245 -0.00068354469331151043 0.072742556705952061 0.0048838406721361258 -0.010188526312400017 0.032262075948140193 -7.4154264389453143e-05 0.10821774316132347
leaf_count=2474 62611 81 81 1227 194 235 106
internal_value=0 0.0064461 0.191674 0.119437 -0.0193547 0.693038 1.28911
internal_count=67009 64535 1924 1843 1421 422 187
shrinkage=0.05


Tree=82
num_leaves=8
num_cat=0
split_feature=4 4 3 0 0 3 1
split_gain=2.72618 3.24142 2.76262 3.49927 3.86946 3.22647 3.0656
threshold=100.25000000000001 102.25000000000001 67.833333333333357 68.500000000000014 66.500000000000014 54.250000000000007 1.5000000000000002
decision_type=8 8 8 2 2 10 2
left_child=-1 -2 5 4 -4 -3 -6
right_child=1 2 3 -5 6 -7 -8
leaf_value=-0.025638499868953002 0.040701262563592466 0.046274722424141046 0.00064984668768140893 -0.036482099154451289 0.0081761219644753119 -0.019282326644079101 0.074202553551245776
leaf_count=5667 1828 571 46570 175 103 12030 65
internal_value=0 0.00759223 0.00232064 0.0142036 0.0206067 -0.303521 0.722448
internal_count=67009 61342 59514 46913 46738 12601 168
shrinkage=0.05


Tree=83
num_leaves=8
num_cat=0
split_feature=0 4 3 3 6 6 6
split_gain=2.7192 6.68037 4.5455 4.10136 3.75684 6.58188 5.40876
threshold=53.500000000000007 109.25000000000001 58.583333333333336 56.833333333333336 7.0500000000000007 7.5500000000000007 8.1500000000000004
decision_type=2 10 10 8 10 10 8
left_child=1 -1 3 -2 -4 -6 -7
right_child=2 -3 4 -5 5 6 -8
leaf_value=-0.030524530177506198 0.00066934126236316933 -0.0012038495208342749 0.0011362887316344213 0.099402597298267989 0.047612767795122343 -0.03808150869398285 0.019727129964233089
leaf_count=13211 428 38416 14228 201 229 119 177
internal_value=0 -0.0517204 0.067782 1.09313 0.0545563 0.406357 -0.0250673
internal_count=67009 51627 15382 629 14753 525 296
shrinkage=0.05


Tree=84
num_leaves=8
num_cat=0
split_feature=2 0 8 0 5 5 5
split_gain=2.70326 2.90358 8.92263 8.14481 5.91298 4.65025 2.80399
threshold=43.750000000000007 44.500000000000007 1.0000000180025095e-35 42.500000000000007 2.1401754385964917 1.4873397435897437 2.7171862182116491
decision_type=10 2 2 2 10 8 10
left_child=1 2 5 -4 -5 -1 -7
right_child=-2 -3 3 4 -6 6 -8
leaf_value=-0.035729450266688494 0.053967341928267958 0.0011621596928515249 -0.025261387404750809 0.12781926259246953 0.022650127243392576 6.0543895774137801e-05 -0.017974457937856892
leaf_count=6261 24 44145 171 66 173 12147 4022
internal_value=0 -0.00241811 -0.14908 0.803799 1.42688 -0.228905 -0.137349
internal_count=67009 66985 22840 410 239 22430 16169
shrinkage=0.05


Tree=85
num_leaves=8
num_cat=0
split_feature=4 4 5 2 6 4 3
split_gain=2.6793 4.82309 5.75993 3.69464 4.85424 3.55628 3.28788
threshold=168.33333333333334 172.50000000000003 2.092807924203274 30.350000000000005 5.4500000000000011 165.33333333333334 100.83333333333336
decision_type=10 10 10 8 8 10 10
left_child=5 2 -2 4 -3 6 -1
right_child=1 3 -4 -5 -6 -7 -8
leaf_value=-0.001102660941909586 -0.0064934219190635016 0.021165241735260867 0.059573855814894931 0.034358721794608166 -0.029593466702282297 -0.028859202256313013 0.012179672888366785
leaf_count=66120 43 58 61 29 83 107 508
internal_value=0 0.262834 0.72485 -0.0172485 -0.225565 -0.0123289 -0.00376453
internal_count=67009 274 104 170 141 66735 66628
shrinkage=0.05


Tree=86
num_leaves=8
num_cat=0
split_feature=6 0 4 3 1 5 5
split_gain=2.57831 2.58459 6.04845 4.16623 4.05863 3.56599 4.69779
threshold=12.050000000000002 53.500000000000007 109.25000000000001 58.583333333333336 1.5000000000000002 1.1483983983983987 2.5687964841108863
decision_type=10 2 10 10 2 8 10
left_child=1 2 -1 4 -3 -4 -7
right_child=-2 3 5 -5 -6 6 -8
leaf_value=-0.029812961996273469 0.040620003820403483 0.095382593634567678 -0.021303980549227112 0.0024581479131767954 -0.00066395600825871559 0.0042110919525714984 -0.0069245580003135902
leaf_count=13211 26 189 3169 14745 440 24112 11117
internal_value=0 -0.00319791 -0.0546976 0.0620061 1.02861 -0.0286509 -0.0068188
internal_count=67009 66983 51609 15374 629 38398 35229
shrinkage=0.05


Tree=87
num_leaves=8
num_cat=0
split_feature=0 2 0 0 3 5 3
split_gain=2.49381 2.66064 4.58987 12.0215 4.7139 5.62052 5.75775
threshold=29.500000000000004 25.850000000000005 61.500000000000007 62.500000000000007 86.833333333333357 0.93364779874213844 82.250000000000014
decision_type=2 8 2 2 10 10 8
left_child=-1 2 4 -4 5 6 -2
right_child=1 -3 3 -5 -6 -7 -8
leaf_value=-0.02954882340870485 0.042366053854799968 0.0040136091340063299 0.037072503107639328 -0.0077529026966774205 0.0018127799887292864 -0.010839527671217491 -0.035490115765511546
leaf_count=2474 2605 12069 669 1409 4775 42801 207
internal_value=0 0.00639807 -0.0405991 0.215134 -0.0787699 -0.178989 0.488999
internal_count=67009 64535 52466 2078 50388 45613 2812
shrinkage=0.05


Tree=88
num_leaves=8
num_cat=0
split_feature=2 0 8 0 5 5 5
split_gain=2.44064 2.47529 8.1325 7.24788 5.09147 4.37444 2.54717
threshold=43.750000000000007 44.500000000000007 1.0000000180025095e-35 42.500000000000007 2.6403125000000007 1.4873397435897437 2.7171862182116491
decision_type=10 2 2 2 10 8 10
left_child=1 2 5 -4 -5 -1 -7
right_child=-2 -3 3 4 -6 6 -8
leaf_value=-0.035008479449671691 0.050555818315070222 0.0010630068740560227 -0.024764745120199837 0.099295117947293718 0.0059829695585279508 0.0001171317298721715 -0.01719578968973785
leaf_count=6261 24 44145 171 127 112 12147 4022
internal_value=0 -0.00228284 -0.138684 0.759846 1.32449 -0.216841 -0.128995
internal_count=67009 66985 22840 410 239 22430 16169
shrinkage=0.05


Tree=89
num_leaves=8
num_cat=0
split_feature=4 5 3 3 4 2 6
split_gain=2.37124 4.54084 4.51646 4.62395 3.34098 2.96318 3.2598
threshold=168.33333333333334 1.4475648075412415 103.83333333333336 110.33333333333336 165.33333333333334 20.450000000000003 5.5500000000000007
decision_type=10 10 10 10 10 8 10
left_child=4 -2 -3 -4 5 6 -1
right_child=1 2 3 -5 -6 -7 -8
leaf_value=-0.017240293550298016 -0.026456568963791866 0.044734518317591752 -0.020425323636192236 0.025321666372231218 -0.028207503462090618 0.00084116543912916776 0.0071140892856796107
leaf_count=12496 50 91 61 72 107 50734 3398
internal_value=0 0.246126 0.395102 0.106908 -0.0116523 -0.00341651 -0.205149
internal_count=67009 274 224 133 66735 66628 15894
shrinkage=0.05


Tree=90
num_leaves=8
num_cat=0
split_feature=6 0 4 4 5 4 2
split_gain=2.33347 2.24545 2.36165 4.30275 5.2285 3.64977 3.42661
threshold=12.050000000000002 29.500000000000004 168.33333333333334 172.50000000000003 2.092807924203274 164.25000000000003 30.350000000000005
decision_type=10 2 8 8 10 10 8
left_child=1 -1 5 4 -4 -3 -5
right_child=-2 2 3 6 -6 -7 -8
leaf_value=-0.02875374091563104 0.038305119097437702 -5.3667169910049524e-05 -0.0067584288027085744 -0.011266390921290092 0.055726753443432857 -0.026327419022171495 0.030595769218855807
leaf_count=2473 26 64084 43 144 59 139 41
internal_value=0 -0.00317087 0.00193798 0.244205 0.678042 -0.0108348 -0.0146789
internal_count=67009 66983 64510 287 102 64223 185
shrinkage=0.05


Tree=91
num_leaves=8
num_cat=0
split_feature=4 4 6 6 0 0 3
split_gain=2.24166 3.30496 2.55149 2.49936 2.4301 2.99507 3.23394
threshold=100.25000000000001 102.25000000000001 5.4500000000000011 5.2500000000000009 68.500000000000014 66.500000000000014 68.833333333333357
decision_type=8 8 10 8 2 2 8
left_child=3 2 -2 -1 5 6 -3
right_child=1 4 -4 -5 -6 -7 -8
leaf_value=0.01977789337944514 -0.00095244106753767559 -0.015054916714727315 0.071581778336695184 -0.037172569087447614 -0.029911978752786901 0.030173861700109068 0.00072767811022330037
leaf_count=1529 1215 14601 613 4138 210 199 44504
internal_value=0 0.00682041 0.823275 -0.480262 0.00150883 0.00684207 0.000173144
internal_count=67009 61342 1828 5667 59514 59304 59105
shrinkage=0.05


Tree=92
num_leaves=8
num_cat=0
split_feature=2 0 8 0 5 5 5
split_gain=2.18799 2.17355 7.32957 6.37752 4.43045 4.11324 2.63963
threshold=43.750000000000007 44.500000000000007 1.0000000180025095e-35 42.500000000000007 2.1401754385964917 1.4873397435897437 0.93364779874213844
decision_type=10 2 2 2 10 8 8
left_child=1 2 5 -4 -5 -1 -3
right_child=-2 6 3 4 -6 -7 -8
leaf_value=-0.03431896703956689 0.047192035897140633 0.019838042955170831 -0.024265703716219528 0.10619463412280389 0.019376675536677823 -0.0061244637048424831 0.00045324069062529696
leaf_count=6261 24 1469 171 66 173 16169 42676
internal_value=0 -0.00223453 -0.130762 0.71014 1.21747 -0.20677 0.019718
internal_count=67009 66985 22840 410 239 22430 44145
shrinkage=0.05


Tree=93
num_leaves=8
num_cat=0
split_feature=4 3 2 6 5 3 5
split_gain=2.1787 4.05157 3.69188 6.36059 5.18465 8.33037 6.77216
threshold=156.25000000000003 89.583333333333357 27.550000000000004 6.8500000000000005 2.8410894660894668 93.833333333333357 2.7961073318216179
decision_type=10 10 8 8 10 10 10
left_child=2 -2 4 -4 6 -6 -1
right_child=1 -3 3 -5 5 -7 -8
leaf_value=-0.0013876389919271969 0.041266274792806534 0.0039450502042360216 -0.0011637189698451198 0.019997895666432119 -0.020353254550162129 0.013576669577553591 0.04607893091235666
leaf_count=49685 145 828 4980 1707 8712 345 607
internal_value=0 0.140401 -0.0193657 0.111571 -0.0611217 -0.259408 -0.00999512
internal_count=67009 973 66036 6687 59349 9057 50292
shrinkage=0.05


Tree=94
num_leaves=8
num_cat=0
split_feature=0 2 5 4 5 5 4
split_gain=2.08468 2.14671 3.82417 4.17491 3.98995 5.77106 8.65774
threshold=29.500000000000004 22.450000000000003 4.047065337763013 132.83333333333334 2.2906158357771265 2.0515030946065433 135.83333333333334
decision_type=2 8 8 10 10 10 10
left_child=-1 2 4 -4 5 -2 -7
right_child=1 -3 3 -5 -6 6 -8
leaf_value=-0.027980451083982373 -0.0055469678675086759 0.0017694560854787204 -0.012498482552340574 0.082941710865086948 -0.019151094054953757 -0.008987968523906896 0.056191091375494773
leaf_count=2474 21512 34070 722 60 5530 2377 264
internal_value=0 0.00572616 -0.0887507 0.852526 -0.110399 -0.0287862 0.470317
internal_count=67009 64535 30465 782 29683 24153 2641
shrinkage=0.05


Tree=95
num_leaves=8
num_cat=0
split_feature=6 0 4 3 6 6 1
split_gain=2.08188 2.1204 5.20915 3.99851 3.52347 4.26263 3.43823
threshold=12.050000000000002 53.500000000000007 109.25000000000001 58.583333333333336 9.3500000000000032 8.8500000000000032 1.5000000000000002
decision_type=10 2 10 10 10 10 2
left_child=1 2 -1 6 5 -4 -3
right_child=-2 3 4 -5 -6 -7 -8
leaf_value=-0.028470931645281999 0.035863323158663106 0.088525655074230991 -0.0012917430778709715 0.0021664657640149223 -0.043484708058390609 0.052399580096585241 0.00011473857293919988
leaf_count=13211 26 189 38224 14745 114 60 440
internal_value=0 -0.00285904 -0.049794 0.0559411 -0.0262623 -0.0160273 0.995521
internal_count=67009 66983 51609 15374 38398 38284 629
shrinkage=0.05


Tree=96
num_leaves=8
num_cat=0
split_feature=2 4 4 6 0 0 6
split_gain=1.98703 1.92903 3.23601 2.458 2.25979 2.68937 3.08233
threshold=43.750000000000007 100.25000000000001 102.25000000000001 5.2500000000000009 68.500000000000014 66.500000000000014 6.2500000000000009
decision_type=10 8 8 8 2 2 10
left_child=1 3 -3 -1 5 -4 -7
right_child=-2 2 4 -5 -6 6 -8
leaf_value=0.020340876747288253 0.044446320932484039 0.040409147470626475 -0.0001507883805517641 -0.036512372671838468 -0.029335519780876985 0.041260971420297443 -0.02975733127495267
leaf_count=1529 24 1828 59081 4138 210 177 22
internal_value=0 -0.00192796 0.00357259 -0.45777 -0.00171345 0.00338802 0.562242
internal_count=67009 66985 61318 5667 59490 59280 199
shrinkage=0.05


Tree=97
num_leaves=8
num_cat=0
split_feature=0 4 6 6 6 3 5
split_gain=1.93431 2.02027 4.07698 4.42701 5.283 4.98941 6.87348
threshold=29.500000000000004 156.25000000000003 4.7500000000000009 5.2500000000000009 5.3500000000000005 60.833333333333336 1.7549095109742012
decision_type=2 8 8 8 8 10 10
left_child=-1 2 -2 5 -5 -4 -7
right_child=1 -3 3 4 -6 6 -8
leaf_value=-0.02732307677895688 -0.04269750138326675 0.0069616677764549372 0.069475710324206449 -0.01826455188579558 -0.00062146777527412528 -0.0095997027303638613 0.017490706132638253
leaf_count=2474 651 977 1777 5559 43956 5274 6341
internal_value=0 0.00555189 -0.0141897 -0.00690339 -0.0414353 0.186257 0.143419
internal_count=67009 64535 63558 62907 49515 13392 11615
shrinkage=0.05


Tree=98
num_leaves=8
num_cat=0
split_feature=6 5 5 5 4 6 6
split_gain=1.89926 1.98811 4.48763 5.02831 8.55659 6.38287 7.8616
threshold=12.050000000000002 2.8699677938808374 3.5678746928746934 3.9145896656534958 138.83333333333334 6.6500000000000012 5.8500000000000005
decision_type=10 10 10 10 10 8 10
left_child=1 -1 -3 4 -4 6 -6
right_child=-2 2 3 -5 5 -7 -8
leaf_value=0.0013122526789684482 0.03402096143351236 -0.010334962820958022 -0.0069404620599190243 -0.0068659046968045298 0.047844077638135536 0.089390287309799449 -0.033571988347399453
leaf_count=55436 26 7768 1553 1975 138 59 54
internal_value=0 -0.00274868 -0.09204 0.114793 0.405816 0.894056 0.420471
internal_count=67009 66983 11547 3779 1804 251 192
shrinkage=0.05


Tree=99
num_leaves=8
num_cat=0
split_feature=4 4 6 6 5 0 0
split_gain=1.85404 2.84594 2.22724 2.16437 2.77688 2.14805 2.32994
threshold=100.25000000000001 102.25000000000001 5.2500000000000009 5.4500000000000011 1.9217218137254906 68.500000000000014 66.500000000000014
decision_type=8 8 8 10 10 2 2
left_child=2 3 -1 -2 -5 6 -3
right_child=1 5 -4 4 -6 -7 -8
leaf_value=0.017748598633504382 -0.0013433256738725387 6.2782726924909633e-06 -0.036032664873351272 0.098342280648435032 -0.0011605806779056383 -0.028769804717249381 0.025997546355789037
leaf_count=1529 1215 59105 4138 347 266 210 199
internal_value=0 0.00628144 -0.449389 0.748217 1.28334 0.00124529 0.00615303
internal_count=67009 61342 5667 1828 613 59514 59304
shrinkage=0.05


end of trees

feature importances:
H25_age=165
H25_bmi=123
H25_sbp=115
H25_dbp=102
H25_a1c=75
H25_lhrate=72
H25_dl=30
H25_dm=11
H25_sex=7

parameters:
[boosting: gbdt]
[objective: binary]
[metric: binary]
[tree_learner: serial]
[device_type: cpu]
[data: ]
[valid: ]
[num_iterations: 100]
[learning_rate: 0.05]
[num_leaves: 8]
[num_threads: 0]
[max_depth: -1]
[min_data_in_leaf: 20]
[min_sum_hessian_in_leaf: 1]
[bagging_fraction: 0.4]
[bagging_freq: 0]
[bagging_seed: 3]
[feature_fraction: 1]
[feature_fraction_seed: 2]
[early_stopping_round: 0]
[max_delta_step: 0]
[lambda_l1: 0]
[lambda_l2: 1]
[min_gain_to_split: 0]
[drop_rate: 0.1]
[max_drop: 50]
[skip_drop: 0.5]
[xgboost_dart_mode: 0]
[uniform_drop: 0]
[drop_seed: 4]
[top_rate: 0.2]
[other_rate: 0.1]
[min_data_per_group: 100]
[max_cat_threshold: 32]
[cat_l2: 10]
[cat_smooth: 10]
[max_cat_to_onehot: 4]
[top_k: 20]
[monotone_constraints: ]
[feature_contri: ]
[forcedsplits_filename: ]
[refit_decay_rate: 0.9]
[verbosity: 0]
[max_bin: 255]
[min_data_in_bin: 3]
[bin_construct_sample_cnt: 200000]
[histogram_pool_size: -1]
[data_random_seed: 1]
[output_model: LightGBM_model.txt]
[snapshot_freq: -1]
[input_model: ]
[output_result: LightGBM_predict_result.txt]
[initscore_filename: ]
[valid_data_initscores: ]
[pre_partition: 0]
[enable_bundle: 1]
[max_conflict_rate: 0]
[is_enable_sparse: 1]
[sparse_threshold: 0.8]
[use_missing: 1]
[zero_as_missing: 0]
[two_round: 0]
[save_binary: 0]
[enable_load_from_binary_file: 1]
[header: 0]
[label_column: ]
[weight_column: ]
[group_column: ]
[ignore_column: ]
[categorical_feature: ]
[predict_raw_score: 0]
[predict_leaf_index: 0]
[predict_contrib: 0]
[num_iteration_predict: -1]
[pred_early_stop: 0]
[pred_early_stop_freq: 10]
[pred_early_stop_margin: 10]
[convert_model_language: ]
[convert_model: gbdt_prediction.cpp]
[num_class: 1]
[is_unbalance: 0]
[scale_pos_weight: 1]
[sigmoid: 1]
[boost_from_average: 1]
[reg_sqrt: 0]
[alpha: 0.9]
[fair_c: 1]
[poisson_max_delta_step: 0.7]
[tweedie_variance_power: 1.5]
[max_position: 20]
[label_gain: ]
[metric_freq: 1]
[is_provide_training_metric: 0]
[eval_at: ]
[num_machines: 1]
[local_listen_port: 12400]
[time_out: 120]
[machine_list_filename: ]
[machines: ]
[gpu_platform_id: -1]
[gpu_device_id: -1]
[gpu_use_dp: 0]

end of parameters

pandas_categorical:[]
