tree
version=v2
num_class=1
num_tree_per_iteration=1
label_index=0
max_feature_idx=8
objective=binary sigmoid:1
feature_names=H25_age H25_sex H25_bmi H25_dbp H25_sbp H25_lhrate H25_a1c H25_dm H25_dl
feature_infos=[21:77] [1:2] [0:65.599999999999994] [0:145] [0:228] [0.097560975609756101:8.5500000000000007] [2.7999999999999998:15.300000000000001] [0:1] [0:1]
tree_sizes=721 726 732 725 725 734 725 737 739 733 742 730 734 734 743 745 740 741 743 734 740 742 732 733 743 735 739 744 742 749 741 749 739 736 741 739 734 746 737 743 743 746 739 748 746 744 747 740 746 743 738 744 748 742 731 736 736 742 740 743 727 740 738 729 742 728 730 735 733 738 729 740 740 720 736 751 729 741 744 739 726 741 742 732 733 731 740 730 731 734 732 731 729 734 733 736 742 732 741 730

Tree=0
num_leaves=8
num_cat=0
split_feature=3 3 4 0 3 8 4
split_gain=1431.81 258.797 238.295 118.436 78.8806 56.6894 54.2709
threshold=89.833333333333357 100.33333333333336 139.25000000000003 56.500000000000007 82.833333333333357 1.0000000180025095e-35 137.83333333333334
decision_type=8 10 10 2 10 2 8
left_child=2 6 3 4 -1 -6 -2
right_child=1 -3 -4 -5 5 -7 -8
leaf_value=-4.4345447627057712 -4.2986580944645141 -3.908532694442699 -4.2815664531717319 -4.3656313192467904 -4.394431648242171 -4.2417060792887673 -4.1712006918869733
leaf_count=45635 1182 705 2613 7212 6458 465 2740
internal_value=0 4.84759 -0.365523 -0.484513 -0.634872 0.269311 3.78267
internal_count=67010 4627 62383 59770 52558 6923 3922
shrinkage=1


Tree=1
num_leaves=8
num_cat=0
split_feature=4 3 3 0 2 0 4
split_gain=1057.33 271.268 112.627 108.455 58.751 53.8106 44.203
threshold=142.16666666666671 85.833333333333357 93.833333333333357 60.500000000000007 31.450000000000003 48.500000000000007 116.25000000000001
decision_type=8 10 10 2 10 2 10
left_child=1 3 5 4 -1 -2 -5
right_child=2 -3 -4 6 -6 -7 -8
leaf_value=-0.034161926653415477 0.036913425978315963 0.067829810916162622 0.26502533485441415 -0.015071470859389867 0.080602430105636932 0.17181252590321477 0.10530367312598672
leaf_count=52952 873 6431 1821 942 886 1510 1595
internal_value=0 -0.337437 3.89253 -0.551645 -0.642719 2.49955 1.23267
internal_count=67010 62806 4204 56375 53838 2383 2537
shrinkage=0.05


Tree=2
num_leaves=8
num_cat=0
split_feature=3 4 3 0 8 2 0
split_gain=830.039 145.977 126.605 82.3004 57.3994 59.6598 55.0235
threshold=87.833333333333357 136.83333333333334 93.833333333333357 60.500000000000007 1.0000000180025095e-35 26.750000000000004 52.500000000000007
decision_type=8 10 10 2 2 10 2
left_child=1 3 -2 4 -1 -6 -3
right_child=2 6 -4 -5 5 -7 -8
leaf_value=-0.035073197574077446 0.073743837181942967 0.013727650962666536 0.18100096130838017 0.050551657952124768 -0.004679796737152235 0.16104277572691278 0.11294457651865569
leaf_count=51027 4266 2667 2712 2374 1778 522 1664
internal_value=0 -0.415362 2.4837 -0.552908 -0.634671 0.766712 1.1038
internal_count=67010 60032 6978 55701 53327 2300 4331
shrinkage=0.05


Tree=3
num_leaves=8
num_cat=0
split_feature=4 3 4 8 0 4 6
split_gain=685.221 133.842 106.923 96.002 81.6535 47.7749 42.8854
threshold=137.83333333333334 82.833333333333357 145.16666666666671 1.0000000180025095e-35 60.500000000000007 168.33333333333334 6.1500000000000012
decision_type=8 10 8 2 2 10 10
left_child=1 4 6 -3 -1 -4 -2
right_child=2 3 5 -5 -6 -7 -8
leaf_value=-0.035759485355338169 0.042272355880684384 0.014116171807770798 0.12715494809245706 0.17776416553370422 0.049177698199085046 0.26955821472792851 0.16413426401400411
leaf_count=48414 4249 7998 2922 593 2113 262 459
internal_value=0 -0.425792 2.0018 0.571928 -0.625254 2.90576 1.13492
internal_count=67010 59118 7892 8591 50527 3184 4708
shrinkage=0.05


Tree=4
num_leaves=8
num_cat=0
split_feature=3 0 3 4 2 6 2
split_gain=593.291 117.826 92.0186 67.514 48.9468 41.5166 39.0749
threshold=85.833333333333357 52.500000000000007 93.833333333333357 117.25000000000001 29.950000000000003 6.2500000000000009 34.050000000000004
decision_type=8 2 8 10 8 10 10
left_child=1 6 -2 -3 5 -5 -1
right_child=2 3 -4 4 -6 -7 -8
leaf_value=-0.037653947164128905 0.050467788594834952 -0.027198362735809101 0.12462967566651711 0.017837009859826912 0.18151279811413562 0.1241117543561846 0.099319506739539681
leaf_count=42731 6993 5810 2729 7379 336 698 334
internal_value=0 -0.460904 1.59999 0.249072 0.74337 0.576401 -0.723052
internal_count=67010 57288 9722 14223 8413 8077 43065
shrinkage=0.05


Tree=5
num_leaves=8
num_cat=0
split_feature=4 4 0 2 6 3 4
split_gain=508.668 116.867 71.634 45.4288 39.8644 42.4114 30.7959
threshold=131.83333333333334 145.16666666666671 52.500000000000007 28.650000000000002 7.0500000000000007 89.833333333333357 116.25000000000001
decision_type=8 8 2 10 10 10 10
left_child=2 4 -1 6 5 -2 -4
right_child=1 -3 3 -5 -6 -7 -8
leaf_value=-0.037646536553263464 0.013936057697768352 0.10649595499607874 -0.030601356401545321 0.12297472684666387 0.14939270497334445 0.073061048310746363 0.016418829293440223
leaf_count=39644 9396 3184 5401 473 366 1914 6632
internal_value=0 1.17115 -0.538564 0.0592273 0.682865 0.576065 -0.0678573
internal_count=67010 14860 52150 12506 11676 11310 12033
shrinkage=0.05


Tree=6
num_leaves=8
num_cat=0
split_feature=3 0 4 4 7 0 0
split_gain=446.941 106.885 54.288 50.4872 36.3288 36.9493 43.6033
threshold=85.833333333333357 52.500000000000007 117.25000000000001 155.16666666666671 1.0000000180025095e-35 61.500000000000007 62.500000000000007
decision_type=8 2 10 10 2 2 2
left_child=1 -1 -3 -2 5 -4 -7
right_child=3 2 4 -5 -6 6 -8
leaf_value=-0.035163065266414502 0.051769008732331513 -0.02597637688858416 0.010477928340982138 0.11833751459587361 0.15343882562458133 0.18791784832425495 0.031708007504739441
leaf_count=43065 8728 5810 6910 994 306 356 841
internal_value=0 -0.437508 0.224506 1.27165 0.640019 0.501349 1.68997
internal_count=67010 57288 14223 9722 8413 8107 1197
shrinkage=0.05


Tree=7
num_leaves=8
num_cat=0
split_feature=4 4 0 2 0 2 4
split_gain=405.995 75.6714 62.8921 42.4746 36.0817 35.6043 23.8361
threshold=130.83333333333334 145.16666666666671 52.500000000000007 29.450000000000003 47.500000000000007 28.650000000000002 116.25000000000001
decision_type=8 8 2 8 2 10 10
left_child=2 3 -1 4 -2 6 -4
right_child=1 -3 5 -5 -6 -7 -8
leaf_value=-0.037594766435367695 -0.01264487250357311 0.082216734052690407 -0.029471641595739163 0.094338172408387613 0.035886815313961706 0.10296605597578748 0.012714877362632377
leaf_count=38821 4329 3184 5401 1243 7331 453 6248
internal_value=0 0.937535 -0.536945 0.565903 0.396055 0.0263921 -0.0942614
internal_count=67010 16087 50923 12903 11660 12102 11649
shrinkage=0.05


Tree=8
num_leaves=8
num_cat=0
split_feature=3 0 3 7 8 0 4
split_gain=364.744 67.5458 61.8071 65.8913 34.6749 31.629 30.7306
threshold=81.583333333333357 52.500000000000007 93.833333333333357 1.0000000180025095e-35 1.0000000180025095e-35 48.500000000000007 116.25000000000001
decision_type=8 2 8 2 2 2 10
left_child=1 -1 3 4 5 -2 -3
right_child=2 6 -4 -5 -6 -7 -8
leaf_value=-0.038568321184382019 -0.011029703585948143 -0.026812086189076635 0.074769924340931049 0.16170638108821647 0.088208798563377336 0.030568543209684659 0.021044680261261148
leaf_count=38496 5410 5333 2729 393 887 7428 6334
internal_value=0 -0.540942 0.83577 0.533861 0.41921 0.294316 0.0494966
internal_count=67010 50163 16847 14118 13725 12838 11667
shrinkage=0.05


Tree=9
num_leaves=8
num_cat=0
split_feature=4 0 4 6 2 2 3
split_gain=328.329 57.6477 50.235 37.0798 31.6133 27.4437 30.6299
threshold=130.83333333333334 52.500000000000007 142.16666666666671 8.5500000000000025 23.350000000000005 29.450000000000003 89.833333333333357
decision_type=8 2 8 10 8 10 10
left_child=1 -1 5 -4 -3 6 -2
right_child=2 4 3 -5 -6 -7 -8
leaf_value=-0.036654063001879837 0.0029803714034271969 -0.018641426346177346 0.057813528625767746 0.23520721849328516 0.028505868044969452 0.076429644119655207 0.056351315421079642
leaf_count=38821 9378 7470 4146 58 4632 1087 1418
internal_value=0 -0.514212 0.792193 1.24546 0.0169883 0.435852 0.292097
internal_count=67010 50923 16087 4204 12102 11883 10796
shrinkage=0.05


Tree=10
num_leaves=8
num_cat=0
split_feature=3 0 3 7 2 8 4
split_gain=297.774 63.2529 40.1501 52.6864 30.7889 20.407 19.307
threshold=81.583333333333357 60.500000000000007 89.833333333333357 1.0000000180025095e-35 24.150000000000002 1.0000000180025095e-35 116.25000000000001
decision_type=8 2 8 2 8 2 10
left_child=1 4 3 5 -1 -2 -3
right_child=2 6 -4 -5 -6 -7 -8
leaf_value=-0.039370642084257682 0.0077208109895816378 -0.01663042162396899 0.054224300806875708 0.14003608184863475 -0.0097748653449622781 0.066889818082311189 0.061990379504190035
leaf_count=35251 11115 916 4627 337 12699 768 1297
internal_value=0 -0.518109 0.712857 0.387907 -0.621897 0.265423 0.759515
internal_count=67010 50163 16847 12220 47950 11883 2213
shrinkage=0.05


Tree=11
num_leaves=8
num_cat=0
split_feature=3 0 2 3 7 3 3
split_gain=268.864 56.4942 49.1939 41.0261 24.8268 25.7514 22.2998
threshold=79.833333333333357 60.500000000000007 25.850000000000005 87.833333333333357 1.0000000180025095e-35 100.33333333333336 91.250000000000014
decision_type=8 2 8 10 2 8 8
left_child=1 -1 3 -2 5 -4 -6
right_child=2 -3 4 -5 6 -7 -8
leaf_value=-0.033593239407665919 -0.0035429850349838069 0.036141666310096972 0.037297391356695762 0.036408729514682235 0.17277964887519848 0.10421194840589927 0.015345885784767064
leaf_count=43950 10266 1924 5833 4399 270 287 81
internal_value=0 -0.567522 0.586072 0.325418 1.06994 0.932967 2.51723
internal_count=67010 45874 21136 14665 6471 6120 351
shrinkage=0.05


Tree=12
num_leaves=8
num_cat=0
split_feature=4 0 0 4 2 3 2
split_gain=246.378 53.9747 42.1182 27.5061 26.519 19.0649 17.6003
threshold=130.83333333333334 52.500000000000007 47.500000000000007 168.33333333333334 23.250000000000004 77.833333333333357 26.550000000000004
decision_type=8 2 2 10 8 10 8
left_child=1 5 6 -4 -3 -1 -2
right_child=2 4 3 -5 -6 -7 -8
leaf_value=-0.042238850277313597 -0.010478913045184146 -0.017626099865053792 0.0393270515373308 0.11601525500304638 0.025454149703942497 -0.01353976539717903 0.030581423045191521
leaf_count=30912 4053 7317 9934 196 4785 7909 1904
internal_value=0 -0.481271 0.635951 0.872536 0.0306169 -0.707878 0.115556
internal_count=67010 50923 16087 10130 12102 38821 5957
shrinkage=0.05


Tree=13
num_leaves=8
num_cat=0
split_feature=3 0 2 3 1 7 3
split_gain=223.524 52.5324 37.9616 33.1608 19.8811 18.1767 20.3007
threshold=79.833333333333357 56.500000000000007 25.850000000000005 86.833333333333357 1.5000000000000002 1.0000000180025095e-35 92.833333333333357
decision_type=8 2 8 10 2 2 8
left_child=1 -1 3 -2 -3 6 -4
right_child=2 4 5 -5 -6 -7 -8
leaf_value=-0.035295307941683889 -0.0058457801912418662 0.033170003397985807 0.02433543895473711 0.029713940538867598 -0.02443616346928755 0.10351274593749688 0.064625487008440188
leaf_count=40925 9494 3255 4989 5171 1694 351 1131
internal_value=0 -0.544295 0.50819 0.279926 0.274632 0.914544 0.798422
internal_count=67010 45874 21136 14665 4949 6471 6120
shrinkage=0.05


Tree=14
num_leaves=8
num_cat=0
split_feature=3 4 8 0 0 0 2
split_gain=204.338 51.844 45.8323 47.2703 27.6576 19.8233 17.553
threshold=75.833333333333357 137.83333333333334 1.0000000180025095e-35 61.500000000000007 55.500000000000007 45.500000000000007 32.95000000000001
decision_type=8 8 2 2 2 2 10
left_child=4 2 3 6 -1 -3 -2
right_child=1 5 -4 -5 -6 -7 -8
leaf_value=-0.039779826844904435 -0.010831102871041267 0.0076448127048142009 0.066875590270346924 0.077528958143208926 -0.00013115613704808756 0.043720884107139021 0.076777383074922656
leaf_count=32808 19708 1803 1451 837 4454 5649 300
internal_value=0 0.383209 0.0828073 -0.0524574 -0.655933 0.726296 -0.172449
internal_count=67010 29748 22296 20845 37262 7452 20008
shrinkage=0.05


Tree=15
num_leaves=8
num_cat=0
split_feature=3 4 8 0 0 0 6
split_gain=187.368 45.8859 30.7903 27.0558 21.7178 19.4555 17.9468
threshold=75.833333333333357 131.83333333333334 1.0000000180025095e-35 54.500000000000007 47.500000000000007 59.500000000000007 6.3500000000000005
decision_type=8 8 2 2 2 2 10
left_child=3 2 5 -1 -3 -2 -5
right_child=1 4 -4 6 -6 -7 -8
leaf_value=-0.040028675089329002 -0.015898697691277105 0.0089959880796188895 0.060420156278044451 -0.011853845233565051 0.037047756734723956 0.03600929016290149 0.074080627606546698
leaf_count=31887 14308 4700 1014 4999 8589 1137 376
internal_value=0 0.357702 -0.0521938 -0.644221 0.576008 -0.187643 -0.0538536
internal_count=67010 29748 16459 37262 13289 15445 5375
shrinkage=0.05


Tree=16
num_leaves=8
num_cat=0
split_feature=3 2 3 0 4 0 0
split_gain=171.835 43.2525 29.4479 26.6316 24.3871 22.316 21.6479
threshold=75.833333333333357 24.150000000000002 86.833333333333357 52.500000000000007 168.33333333333334 41.500000000000007 61.500000000000007
decision_type=8 8 10 2 10 2 2
left_child=3 2 6 -1 5 -3 -2
right_child=1 4 -4 -5 -6 -7 -8
leaf_value=-0.041260858401016849 -0.020533385390349615 -0.021607571976839691 0.020716016899553047 -0.0072375853712186092 0.10075609136191938 0.031418329488530509 0.043580572597715944
leaf_count=29597 11878 1377 3650 7665 145 12071 627
internal_value=0 0.334118 0.0312758 -0.632317 0.608403 0.542129 -0.276725
internal_count=67010 29748 16155 37262 13593 13448 12505
shrinkage=0.05


Tree=17
num_leaves=8
num_cat=0
split_feature=3 2 3 0 4 6 0
split_gain=157.735 37.3051 26.5431 26.0715 19.7114 19.5445 19.5109
threshold=75.833333333333357 24.150000000000002 85.833333333333357 52.500000000000007 168.33333333333334 6.3500000000000005 41.500000000000007
decision_type=8 8 10 2 10 10 2
left_child=3 2 -2 -1 6 -5 -3
right_child=1 4 -4 5 -6 -7 -8
leaf_value=-0.040871194037579897 -0.015140169259437923 -0.020994166196450829 0.017458389094005874 -0.014872670708376829 0.088930830442545294 0.067208291444105048 0.028968984366110243
leaf_count=29597 11675 1377 4480 7211 145 454 12071
internal_value=0 0.312513 0.0296182 -0.620331 0.561961 -0.138591 0.501695
internal_count=67010 29748 16155 37262 13593 7665 13448
shrinkage=0.05


Tree=18
num_leaves=8
num_cat=0
split_feature=3 4 0 8 2 0 0
split_gain=144.824 34.0881 25.511 25.2155 17.9994 16.526 16.4413
threshold=75.833333333333357 131.83333333333334 52.500000000000007 1.0000000180025095e-35 29.250000000000004 48.500000000000007 59.500000000000007
decision_type=8 8 2 2 10 2 2
left_child=2 3 -1 6 -4 -3 -2
right_child=1 5 4 -5 -6 -7 -8
leaf_value=-0.040470337843740906 -0.015649197738187934 0.0085848815835897502 -0.011926331034724484 0.051379629746105153 0.095686082552976948 0.031354194657492652 0.030870270017709114
leaf_count=29597 14308 5460 7498 1014 167 7829 1137
internal_value=0 0.292577 -0.608184 -0.0621816 -0.132262 0.471551 -0.189201
internal_count=67010 29748 37262 16459 7665 13289 15445
shrinkage=0.05


Tree=19
num_leaves=8
num_cat=0
split_feature=3 2 0 3 0 0 6
split_gain=132.996 31.4387 24.9531 22.514 18.5809 23.9012 16.8819
threshold=75.833333333333357 24.150000000000002 52.500000000000007 86.833333333333357 61.500000000000007 62.500000000000007 6.3500000000000005
decision_type=8 8 2 10 2 2 10
left_child=2 3 -1 4 -2 -6 -4
right_child=1 -3 6 -5 5 -7 -8
leaf_value=-0.040058191291768755 -0.019666563113089161 0.024852769333273263 -0.014040227914846316 0.016768619764111786 0.11751735852774614 -0.0090844710690108927 0.060322089390784928
leaf_count=29597 11878 13593 7211 3650 200 427 454
internal_value=0 0.274188 -0.595861 0.0146196 -0.262667 0.7675 -0.12577
internal_count=67010 29748 37262 16155 12505 627 7665
shrinkage=0.05


Tree=20
num_leaves=8
num_cat=0
split_feature=3 4 8 0 0 2 6
split_gain=122.211 28.1033 28.2699 30.5507 24.3518 15.3369 14.8865
threshold=75.833333333333357 137.83333333333334 1.0000000180025095e-35 61.500000000000007 52.500000000000007 29.250000000000004 8.8500000000000032
decision_type=8 8 2 2 2 10 10
left_child=4 2 3 -2 -1 -6 -3
right_child=1 6 -4 -5 5 -7 -8
leaf_value=-0.03963467646848845 -0.0091061772142517379 0.022618772372795429 0.046187711268690285 0.054042726589679929 -0.011184295434893979 0.084610397252195158 0.10814168145821863
leaf_count=29597 20008 7374 1451 837 7498 167 78
internal_value=0 0.257218 0.0352869 -0.0775347 -0.583504 -0.119947 0.487439
internal_count=67010 29748 22296 20845 37262 7665 7452
shrinkage=0.05


Tree=21
num_leaves=8
num_cat=0
split_feature=3 2 0 0 4 0 3
split_gain=112.354 26.5152 23.8095 23.7559 14.5879 15.2894 12.1748
threshold=75.833333333333357 24.650000000000002 54.500000000000007 47.500000000000007 169.50000000000003 41.500000000000007 88.833333333333357
decision_type=8 8 2 2 10 2 10
left_child=2 3 -1 6 5 -3 -2
right_child=1 4 -4 -5 -6 -7 -8
leaf_value=-0.037367256021737627 -0.035527882976759163 -0.021460642829873332 -0.00097280638556157669 0.01019515472021335 0.077509002538190014 0.024181223745122316 0.0068645044587042478
leaf_count=31887 5850 1237 5375 11315 118 10498 730
internal_value=0 0.241738 -0.570998 0.0298489 0.466668 0.414594 -0.442763
internal_count=67010 29748 37262 17895 11853 11735 6580
shrinkage=0.05


Tree=22
num_leaves=8
num_cat=0
split_feature=4 0 2 2 2 5 5
split_gain=105.565 38.0328 23.2877 20.2213 14.7496 14.6918 14.0317
threshold=118.16666666666667 47.500000000000007 25.150000000000002 20.950000000000003 29.950000000000003 2.1460873983739841 3.3267268445839879
decision_type=8 2 8 8 8 8 10
left_child=-1 2 -2 -3 -5 -6 -7
right_child=1 3 -4 4 5 6 -8
leaf_value=-0.032796210173193764 -0.025453698499594002 -0.009630393665156672 0.0097792330860544674 0.018869453758679752 0.0022544785163437814 0.092610623478373774 0.011422786516952981
leaf_count=30057 10431 3616 5399 16311 353 605 238
internal_value=0 0.196397 -0.179029 0.362145 0.447825 1.03311 1.4173
internal_count=67010 36953 15830 21123 17507 1196 843
shrinkage=0.05


Tree=23
num_leaves=8
num_cat=0
split_feature=4 0 2 4 2 0 6
split_gain=97.647 33.7671 21.5581 19.253 16.6421 15.0312 14.866
threshold=118.16666666666667 47.500000000000007 25.150000000000002 142.16666666666671 20.950000000000003 53.500000000000007 8.5500000000000025
decision_type=8 2 8 8 8 2 10
left_child=-1 2 -2 4 -3 -6 -5
right_child=1 3 -4 6 5 -7 -8
leaf_value=-0.032210567208074491 -0.024803784108581514 -0.020344076820426125 0.0092101373207190574 0.028556431387739119 0.00043133589806595057 0.025437162456481751 0.12546353443932659
leaf_count=30057 10431 3266 5399 2847 8101 6868 41
internal_value=0 0.184806 -0.171807 0.338347 0.18379 0.282767 0.629318
internal_count=67010 36953 15830 21123 18235 14969 2888
shrinkage=0.05


Tree=24
num_leaves=8
num_cat=0
split_feature=3 2 0 3 0 5 0
split_gain=91.7311 24.6872 24.0098 21.1715 15.4987 15.4113 12.4332
threshold=73.166666666666671 24.150000000000002 56.500000000000007 85.833333333333357 52.500000000000007 1.1581552892131322 41.500000000000007
decision_type=8 8 2 10 2 8 2
left_child=2 3 -1 4 -2 -6 -3
right_child=1 6 -4 -5 5 -7 -8
leaf_value=-0.038182426135093768 -0.031637158089079936 -0.016232252733414269 0.0071779946650404811 0.012160278249463467 0.069539297062403735 -0.0065080138657770447 0.021240112640683283
leaf_count=29655 9821 1655 3043 4480 497 4338 13521
internal_value=0 0.186903 -0.599972 -0.0350607 -0.311202 0.0369655 0.371199
internal_count=67010 34312 32698 19136 14656 4835 15176
shrinkage=0.05


Tree=25
num_leaves=8
num_cat=0
split_feature=4 0 8 3 4 2 5
split_gain=84.9189 28.2856 19.9638 22.161 15.6033 14.7329 14.6493
threshold=118.16666666666667 47.500000000000007 1.0000000180025095e-35 93.833333333333357 142.16666666666671 29.850000000000005 2.1824583866837393
decision_type=8 2 2 10 8 8 8
left_child=-1 2 3 -2 5 -3 -4
right_child=1 4 6 -5 -6 -7 -8
leaf_value=-0.031144011251784922 -0.022532971951161287 0.0047041993102598413 0.13755413532027277 0.018911152911887497 0.027942314035673661 0.045053473967634539 0.014999283921287195
leaf_count=30057 14499 17289 150 804 2888 946 377
internal_value=0 0.166056 -0.163677 -0.248158 0.303204 0.164088 1.10258
internal_count=67010 36953 15830 15303 21123 18235 527
shrinkage=0.05


Tree=26
num_leaves=8
num_cat=0
split_feature=3 0 2 3 0 4 0
split_gain=79.609 23.1671 20.8923 17.9107 14.3955 10.951 12.9935
threshold=73.166666666666671 56.500000000000007 24.150000000000002 85.833333333333357 60.500000000000007 168.33333333333334 41.500000000000007
decision_type=8 2 8 10 2 10 2
left_child=1 -1 3 4 -2 6 -4
right_child=2 -3 5 -5 -6 -7 -8
leaf_value=-0.037389411444587815 -0.021960311840210488 0.0075297181342947744 -0.022220695154734658 0.010677415348426075 0.021904793297169874 0.056915756538298813 0.017354131915669122
leaf_count=29655 13703 3043 1644 4480 953 146 13386
internal_value=0 -0.578097 0.16833 -0.0369042 -0.296323 0.334682 0.293123
internal_count=67010 32698 34312 19136 14656 15176 15030
shrinkage=0.05


Tree=27
num_leaves=8
num_cat=0
split_feature=4 0 2 2 3 0 5
split_gain=73.8468 23.8787 17.9111 13.8197 12.8149 12.3818 10.0122
threshold=118.16666666666667 47.500000000000007 25.150000000000002 20.950000000000003 88.833333333333357 56.500000000000007 2.3576759061833692
decision_type=8 2 8 8 10 2 8
left_child=5 2 4 -3 -2 -1 -4
right_child=1 3 6 -5 -6 -7 -8
leaf_value=-0.036344783769519939 -0.035181543265724868 -0.0094584922575119117 0.030785403464903077 0.016950007111724712 0.0057710905476407622 -0.00027880843173067044 -0.0040218141011461248
leaf_count=27140 9629 3616 1913 17507 802 2917 3486
internal_value=0 0.149664 -0.156213 0.27297 -0.466189 -0.601067 0.159594
internal_count=67010 36953 15830 21123 10431 30057 5399
shrinkage=0.05


Tree=28
num_leaves=8
num_cat=0
split_feature=3 0 4 8 0 0 2
split_gain=69.0043 21.5031 17.8379 17.6999 12.6881 10.3706 10.0673
threshold=73.166666666666671 56.500000000000007 131.83333333333334 1.0000000180025095e-35 52.500000000000007 34.500000000000007 22.550000000000004
decision_type=8 2 8 2 2 2 10
left_child=1 -1 3 4 -2 -4 -3
right_child=2 6 5 -5 -6 -7 -8
leaf_value=-0.03650870014357234 -0.02130753902891987 -0.018957890942656871 -0.036690300381829376 0.036023318030080673 0.0049896314160427988 0.014813745506183787 0.032926590248069813
leaf_count=29655 13435 1745 552 1212 5834 13279 1298
internal_value=0 -0.555979 0.15149 -0.087574 -0.192005 0.271787 0.136872
internal_count=67010 32698 34312 20481 19269 13831 3043
shrinkage=0.05


Tree=29
num_leaves=8
num_cat=0
split_feature=4 0 8 3 2 2 0
split_gain=63.9658 19.9171 16.6878 17.7122 12.1616 11.8628 11.4762
threshold=118.16666666666667 47.500000000000007 1.0000000180025095e-35 93.833333333333357 26.550000000000004 20.950000000000003 56.500000000000007
decision_type=8 2 2 10 10 8 2
left_child=6 2 3 4 -2 -3 -1
right_child=1 5 -4 -5 -6 -7 -8
leaf_value=-0.035374898133418646 -0.031483732298223148 -0.0092666919921697878 0.048585155398897628 0.01560947659769276 0.0022433685217092959 0.015211430771456529 -0.00050159500826576207
leaf_count=27140 11484 3616 527 804 3015 17507 2917
internal_value=0 0.134353 -0.147745 -0.229335 -0.421625 0.244555 -0.578589
internal_count=67010 36953 15830 15303 14499 21123 30057
shrinkage=0.05


Tree=30
num_leaves=8
num_cat=0
split_feature=3 0 2 3 0 5 1
split_gain=59.7805 19.9096 15.5822 14.0484 12.1979 13.4623 9.25366
threshold=73.166666666666671 56.500000000000007 24.150000000000002 85.833333333333357 52.500000000000007 1.1581552892131322 1.5000000000000002
decision_type=8 2 8 10 2 8 2
left_child=1 -1 3 4 -2 -6 -3
right_child=2 6 -4 -5 5 -7 -8
leaf_value=-0.035593973335817972 -0.029441415735522138 0.026241717082796448 0.013787850631766328 0.0086702498311842843 0.062094455504009438 -0.0069804209010273094 -0.02427401864310769
leaf_count=29655 9821 1789 15176 4480 497 4338 1254
internal_value=0 -0.533697 0.136485 -0.0419417 -0.277878 0.0193099 0.124541
internal_count=67010 32698 34312 19136 14656 4835 3043
shrinkage=0.05


Tree=31
num_leaves=8
num_cat=0
split_feature=4 0 4 7 6 0 5
split_gain=55.5867 17.3904 18.5359 13.615 12.9205 10.5615 9.65133
threshold=118.16666666666667 53.500000000000007 145.83333333333334 1.0000000180025095e-35 6.1500000000000012 56.500000000000007 1.6577144917087241
decision_type=8 2 10 2 10 2 10
left_child=5 2 3 6 -3 -1 -2
right_child=1 4 -4 -5 -6 -7 -8
leaf_value=-0.03438479457051153 -0.026824156338149847 0.010953477922539572 0.017012030463204098 0.043321975581185918 0.040940432967020331 -0.00079862170287840089 -0.0045574262131736687
leaf_count=27140 7308 8928 1889 409 1190 2917 17229
internal_value=0 0.121206 -0.0161606 -0.152391 0.317114 -0.556388 -0.200172
internal_count=67010 36953 26835 24946 10118 30057 24537
shrinkage=0.05


Tree=32
num_leaves=8
num_cat=0
split_feature=3 0 2 0 4 6 4
split_gain=51.9979 18.2389 13.4786 10.3798 9.89913 9.1751 8.7128
threshold=73.166666666666671 56.500000000000007 22.350000000000005 34.500000000000007 139.25000000000003 8.5500000000000025 169.50000000000003
decision_type=8 2 8 2 10 10 10
left_child=1 -1 4 -4 -2 6 -5
right_child=2 -3 3 5 -6 -7 -8
leaf_value=-0.034653520351190154 -0.016380240421818848 0.0054394161682093569 -0.037775230422199144 0.0088337989383877099 0.010107101338295458 0.055813928474716112 0.044170711819375388
leaf_count=29655 10078 3043 851 21669 1311 241 162
internal_value=0 -0.511969 0.123649 0.205386 -0.136421 0.227433 0.205009
internal_count=67010 32698 34312 22923 11389 22072 21831
shrinkage=0.05


Tree=33
num_leaves=8
num_cat=0
split_feature=4 0 3 2 2 2 5
split_gain=48.68 17.6024 14.87 12.0445 11.3862 9.7509 10.532
threshold=117.25000000000001 47.500000000000007 82.833333333333357 24.650000000000002 31.150000000000002 29.950000000000003 2.1460873983739841
decision_type=8 2 10 10 10 8 8
left_child=3 2 4 -1 -2 -3 -7
right_child=1 5 -4 -5 -6 6 -8
leaf_value=-0.035045240529925498 -0.031886814896553879 0.0078570379980688367 0.0032307383166709836 0.0049505212327070336 0.040902545186166955 -0.0062817071842838721 0.046114103238784732
leaf_count=24252 11520 20778 4780 3996 460 366 858
internal_value=0 0.104596 -0.160133 -0.562681 -0.521942 0.204746 0.63473
internal_count=67010 38762 16760 28248 11980 22002 1224
shrinkage=0.05


Tree=34
num_leaves=8
num_cat=0
split_feature=4 6 0 3 2 2 6
split_gain=45.0465 16.2008 16.6166 17.8258 11.5402 11.1044 8.82365
threshold=117.25000000000001 12.050000000000002 53.500000000000007 78.833333333333357 24.650000000000002 21.150000000000002 6.1500000000000012
decision_type=8 10 2 10 10 8 10
left_child=4 2 3 -2 -1 -4 -7
right_child=1 -3 5 -5 -6 6 -8
leaf_value=-0.034504236594083144 -0.024179201981945873 0.14653013131646594 -0.010008419837046065 0.0030290390415371499 0.00469099901065441 0.013361278514821329 0.038548145519316838
leaf_count=24252 13424 27 2121 14824 3996 7260 1106
internal_value=0 0.0988874 0.0901528 -0.0437728 -0.550198 0.276684 0.35993
internal_count=67010 38762 38735 28248 28248 10487 8366
shrinkage=0.05


Tree=35
num_leaves=8
num_cat=0
split_feature=3 0 0 2 3 0 0
split_gain=41.8008 17.077 11.711 10.8621 10.4974 10.4405 11.3194
threshold=73.166666666666671 56.500000000000007 38.500000000000007 24.150000000000002 85.833333333333357 61.500000000000007 62.500000000000007
decision_type=8 2 2 8 10 2 2
left_child=1 -1 -2 4 5 -4 -7
right_child=2 -3 3 -5 -6 6 -8
leaf_value=-0.033292792528843825 -0.029623614847138366 0.0060269842796757704 -0.017942825231782932 0.012366811051249871 0.0080522934131593126 0.071214388155338149 -0.0076113363594261857
leaf_count=29655 2332 3043 12801 14146 4339 217 477
internal_value=0 -0.478073 0.10643 0.132387 -0.0201836 -0.236396 0.450909
internal_count=67010 32698 34312 31980 17834 13495 694
shrinkage=0.05


Tree=36
num_leaves=8
num_cat=0
split_feature=4 6 0 8 2 0 2
split_gain=39.231 16.427 14.336 17.689 13.3083 11.1212 11.0178
threshold=117.25000000000001 12.300000000000002 44.500000000000007 1.0000000180025095e-35 34.350000000000001 42.500000000000007 24.650000000000002
decision_type=8 10 2 2 10 2 10
left_child=6 2 3 -2 -4 -5 -1
right_child=1 -3 4 5 -6 -7 -8
leaf_value=-0.033574620039131163 -0.018015992583344055 0.14756450136653473 0.0060217770032985445 -0.019998580224057233 0.057034765039364194 0.10925497005346814 0.0049985486330060142
leaf_count=24252 10710 23 27473 106 279 171 3996
internal_value=0 0.0897399 0.0810521 -0.25642 0.14435 1.30576 -0.527911
internal_count=67010 38762 38739 10987 27752 277 28248
shrinkage=0.05


Tree=37
num_leaves=8
num_cat=0
split_feature=3 6 4 2 8 0 0
split_gain=36.4848 15.3629 14.851 14.8772 12.5648 8.60078 7.98868
threshold=68.833333333333357 12.300000000000002 130.83333333333334 23.950000000000003 1.0000000180025095e-35 55.500000000000007 34.500000000000007
decision_type=8 10 8 8 2 2 2
left_child=5 2 3 -2 -5 -1 -4
right_child=1 -3 6 4 -6 -7 -8
leaf_value=-0.039112416770323288 -0.018999817461659459 0.13920160159119094 -0.036176780164739901 -0.0013018952061709717 0.043074018486254063 -0.0021454240154588091 0.0093672398808580994
leaf_count=19322 18898 23 690 10052 871 2165 14989
internal_value=0 0.0715637 0.0634122 -0.138078 0.116592 -0.610045 0.168283
internal_count=67010 45523 45500 29821 10923 21487 15679
shrinkage=0.05


Tree=38
num_leaves=8
num_cat=0
split_feature=3 2 4 0 2 5 3
split_gain=33.9309 14.0343 15.8869 17.6657 13.0654 18.9447 16.1233
threshold=68.833333333333357 29.950000000000003 135.83333333333334 51.500000000000007 20.350000000000005 1.4187617850408552 79.833333333333357
decision_type=8 8 10 2 10 8 10
left_child=-1 2 3 -2 -5 6 -6
right_child=1 -3 -4 4 5 -7 -8
leaf_value=-0.029903425810281471 -0.019852036040171037 0.02271497184856712 0.0086617993338549502 -0.034856528956298156 0.10701367323835626 0.0023727535884360581 0.011015284227960158
leaf_count=21487 22323 2672 8884 1898 745 8476 525
internal_value=0 0.0678881 0.0163277 -0.145973 0.0830114 0.185851 1.1442
internal_count=67010 45523 42851 33967 11644 9746 1270
shrinkage=0.05


Tree=39
num_leaves=8
num_cat=0
split_feature=4 6 0 4 2 0 2
split_gain=31.815 12.9087 12.8324 13.5887 10.4714 9.29716 10.6079
threshold=117.25000000000001 12.300000000000002 53.500000000000007 145.83333333333334 24.650000000000002 41.500000000000007 32.95000000000001
decision_type=8 10 2 10 10 2 8
left_child=4 2 3 5 -1 -2 -7
right_child=1 -3 -4 -5 -6 6 -8
leaf_value=-0.032179798411310669 -0.033549679354773813 0.12307476599451678 0.011496656283402256 0.012294487772272466 0.0059422366923353852 -0.0075224334533076712 0.037321909526889151
leaf_count=24252 5224 23 10488 1888 3996 20630 509
internal_value=0 0.0779065 0.0697949 -0.0487707 -0.494214 -0.167018 -0.100196
internal_count=67010 38762 38739 28251 28248 26363 21139
shrinkage=0.05


Tree=40
num_leaves=8
num_cat=0
split_feature=3 2 3 5 0 0 0
split_gain=29.8804 12.335 11.3747 16.8803 10.6355 9.52351 8.62489
threshold=68.833333333333357 24.150000000000002 82.833333333333357 0.92949461474730743 47.500000000000007 60.500000000000007 55.500000000000007
decision_type=8 8 10 8 2 2 2
left_child=6 2 3 4 -2 -5 -1
right_child=1 -3 -4 5 -6 -7 -8
leaf_value=-0.03803912416447576 -0.03141690090623632 0.0089412791183340664 0.0036031215873671106 -0.026458361864210481 0.099795030980645669 0.0094943601675418644 -0.00010496023203775808
leaf_count=19322 440 18325 7167 18119 423 1049 2165
internal_value=0 0.0620045 -0.0869981 -0.315962 1.24215 -0.398147 -0.576949
internal_count=67010 45523 27198 20031 863 19168 21487
shrinkage=0.05


Tree=41
num_leaves=8
num_cat=0
split_feature=3 6 2 4 5 0 6
split_gain=27.7489 12.0684 11.2268 10.1561 8.44547 8.33968 7.92454
threshold=68.833333333333357 12.300000000000002 22.550000000000004 134.83333333333334 3.9540169133192395 55.500000000000007 6.3500000000000005
decision_type=8 10 8 10 8 2 10
left_child=5 2 3 -2 6 -1 -4
right_child=1 -3 4 -5 -6 -7 -8
leaf_value=-0.037573680819638355 -0.019031939987313271 0.11608779024449623 0.0055315912185877171 0.0042677480414942152 -0.018915829305716093 -9.9974741560885576e-05 0.024963929465115314
leaf_count=19322 15064 23 24013 3099 1654 2165 1670
internal_value=0 0.0587445 0.0511547 -0.159237 0.126367 -0.564722 0.158182
internal_count=67010 45523 45500 18163 27337 21487 25683
shrinkage=0.05


Tree=42
num_leaves=8
num_cat=0
split_feature=4 0 6 2 0 0 4
split_gain=25.776 10.6089 10.0216 9.96026 9.37591 19.9265 9.89167
threshold=117.25000000000001 34.500000000000007 12.300000000000002 27.650000000000002 61.500000000000007 62.500000000000007 156.33333333333334
decision_type=8 2 10 10 2 2 10
left_child=3 -2 4 -1 6 -6 -3
right_child=1 2 -4 -5 5 -7 -8
leaf_value=-0.026887904148564141 -0.035947013378591255 -0.00034167257858348267 0.10390147922603393 0.035517615660203637 0.057019392057843149 0.0012263965767335303 0.020041934628495239
leaf_count=27287 2633 33505 23 961 570 1231 800
internal_value=0 0.0676929 0.0873563 -0.461062 0.0796732 0.427332 0.0390187
internal_count=67010 38762 36129 28248 36106 1801 34305
shrinkage=0.05


Tree=43
num_leaves=8
num_cat=0
split_feature=3 2 0 3 6 4 2
split_gain=24.4986 10.6432 12.0511 14.2469 8.36812 6.67379 8.5233
threshold=68.833333333333357 29.950000000000003 48.500000000000007 85.833333333333357 5.7500000000000009 142.83333333333334 20.350000000000005
decision_type=8 8 2 10 10 10 10
left_child=4 2 3 -2 -1 6 -4
right_child=1 -3 5 -5 -6 -7 -8
leaf_value=-0.034498825209354093 -0.023893757248245731 0.019108641899112475 -0.025122289336609128 0.0036361988116281651 0.0099826872685169678 0.013469622570302611 0.00335197160241889
leaf_count=19175 17508 2672 3065 3103 2312 2383 16792
internal_value=0 0.053993 0.00842761 -0.203835 -0.543981 0.0989429 0.00985222
internal_count=67010 45523 42851 20611 21487 22240 19857
shrinkage=0.05


Tree=44
num_leaves=8
num_cat=0
split_feature=3 6 2 3 0 5 8
split_gain=22.7077 9.5954 9.32236 8.9012 8.15681 7.57837 7.37974
threshold=68.833333333333357 12.300000000000002 22.550000000000004 87.833333333333357 55.500000000000007 3.9540169133192395 1.0000000180025095e-35
decision_type=8 10 8 10 2 8 2
left_child=4 2 3 -2 -1 6 -4
right_child=1 -3 5 -5 -6 -7 -8
leaf_value=-0.036421800023611582 -0.016101013710973545 0.098522419891874519 0.0046962389986114845 0.0064314885363660999 0.0014071797356508711 -0.018495179443169221 0.022820729840035827
leaf_count=19322 16400 23 23679 1763 2165 1654 2004
internal_value=0 0.0510909 0.0440198 -0.149483 -0.531507 0.111583 0.141178
internal_count=67010 45523 45500 18163 21487 27337 25683
shrinkage=0.05


Tree=45
num_leaves=8
num_cat=0
split_feature=3 2 0 3 6 8 0
split_gain=21.0602 9.13198 10.8652 13.1901 7.99433 7.38649 14.5013
threshold=68.833333333333357 29.950000000000003 47.500000000000007 82.833333333333357 5.7500000000000009 1.0000000180025095e-35 44.500000000000007
decision_type=8 8 2 10 10 2 2
left_child=4 2 3 -2 -1 -5 -7
right_child=1 -3 -4 5 -6 6 -8
leaf_value=-0.033490211736411715 -0.028842131267116867 0.017441627634637077 0.0040485981324673822 -0.0032436787990016147 0.010278735414173665 0.11613440101920412 -0.019288146643584556
leaf_count=19175 13922 2672 24668 4098 2312 75 88
internal_value=0 0.0485143 0.00596488 -0.224635 -0.519109 0.0180653 0.975196
internal_count=67010 45523 42851 18183 21487 4261 163
shrinkage=0.05


Tree=46
num_leaves=8
num_cat=0
split_feature=3 0 0 6 4 8 4
split_gain=19.5115 8.80141 16.6925 10.4324 9.58708 8.92482 13.0848
threshold=68.833333333333357 61.500000000000007 62.500000000000007 8.5500000000000025 169.50000000000003 1.0000000180025095e-35 135.83333333333334
decision_type=8 2 2 10 10 2 10
left_child=-1 3 -3 4 5 6 -2
right_child=1 2 -4 -5 -6 -7 -8
leaf_value=-0.025329636730001211 -0.01207284038626142 0.049689316355338776 0.00018768773757012219 0.042685797643305698 0.031214554326101564 0.01517519040695537 0.0034921000961006515
leaf_count=21487 32250 661 1356 304 194 2542 8216
internal_value=0 0.046039 0.376122 0.00879262 -0.0103469 -0.0342235 -0.0774781
internal_count=67010 45523 2017 43506 43202 43008 40466
shrinkage=0.05


Tree=47
num_leaves=8
num_cat=0
split_feature=4 2 0 4 2 5 6
split_gain=18.3037 10.2522 9.53182 9.65254 10.3051 8.70662 6.82333
threshold=116.25000000000001 24.650000000000002 53.500000000000007 133.83333333333334 32.45000000000001 2.2906158357771265 7.0500000000000007
decision_type=8 10 2 10 10 8 10
left_child=1 -1 3 4 -2 -6 -4
right_child=2 -3 6 -5 5 -7 -8
leaf_value=-0.029948885154395651 -0.015483536486024919 0.011353144317206089 0.0071693464346695088 0.0035245552769573303 0.11796017207490338 0.0031811762558337908 0.036456026940631298
leaf_count=23040 20924 3612 10357 8264 90 286 437
internal_value=0 -0.427304 0.0518355 -0.0504694 -0.252134 0.922077 0.185659
internal_count=67010 26652 40358 29564 21300 376 10794
shrinkage=0.05


Tree=48
num_leaves=8
num_cat=0
split_feature=3 0 6 0 0 2 3
split_gain=17.083 8.07656 8.07262 7.77545 14.1441 9.07622 10.4514
threshold=68.833333333333357 55.500000000000007 12.300000000000002 61.500000000000007 62.500000000000007 23.950000000000003 82.833333333333357
decision_type=8 2 10 2 2 8 10
left_child=1 -1 3 5 -5 6 -2
right_child=2 -3 -4 4 -6 -7 -8
leaf_value=-0.034822754322789681 -0.020176508989823434 0.0039512298955036995 0.087185933106977184 0.044617692441093787 -0.0001980501246167373 0.0048271018993232941 0.00063049238404626134
leaf_count=19322 18590 2165 23 661 1356 18509 6384
internal_value=0 -0.484872 0.0422804 0.0356198 0.341936 0.000168926 -0.146124
internal_count=67010 21487 45523 45500 2017 43483 24974
shrinkage=0.05


Tree=49
num_leaves=8
num_cat=0
split_feature=3 6 2 0 3 6 0
split_gain=15.8168 7.74267 7.68229 7.06944 7.99904 7.53506 8.07465
threshold=68.833333333333357 5.7500000000000009 20.850000000000005 53.500000000000007 78.833333333333357 7.0500000000000007 58.500000000000007
decision_type=8 10 8 2 10 10 2
left_child=1 -1 -2 4 -4 -5 -7
right_child=2 -3 3 5 -6 6 -8
leaf_value=-0.031662811116784449 -0.012850136122964909 0.012309318408948061 -0.016976404893905197 0.0074569603033002065 0.0026013707984865672 0.065258356604332976 0.0020807643549671075
leaf_count=19175 9056 2312 12974 9513 13576 232 172
internal_value=0 -0.472504 0.0401956 0.0760608 -0.0147231 0.197258 0.775165
internal_count=67010 21487 45523 36467 26550 9917 404
shrinkage=0.05


Tree=50
num_leaves=8
num_cat=0
split_feature=4 2 0 0 0 3 6
split_gain=14.7421 9.48457 9.03728 7.06335 13.4817 9.80951 7.65192
threshold=116.25000000000001 24.650000000000002 34.500000000000007 61.500000000000007 62.500000000000007 78.583333333333357 8.5500000000000025
decision_type=8 10 2 2 2 10 10
left_child=1 -1 -2 6 5 -5 -4
right_child=2 -3 3 4 -6 -7 -8
leaf_value=-0.028519836078217276 -0.035110459548074693 0.011520410317186867 0.00044400749067179546 0.092010718075829875 0.00063858147002973545 0.024973064208826799 0.036426048201548523
leaf_count=23040 2804 3612 35433 188 1257 395 281
internal_value=0 -0.395098 0.0452664 0.0624823 0.352003 0.882121 0.02677
internal_count=67010 26652 40358 37554 1840 583 35714
shrinkage=0.05


Tree=51
num_leaves=8
num_cat=0
split_feature=3 0 2 0 3 8 0
split_gain=13.8601 7.70414 7.10153 8.09066 11.1009 6.29421 12.0616
threshold=68.833333333333357 55.500000000000007 29.950000000000003 47.500000000000007 82.833333333333357 1.0000000180025095e-35 44.500000000000007
decision_type=8 2 8 2 10 2 2
left_child=1 -1 3 4 -2 -6 -7
right_child=2 -3 -4 -5 5 6 -8
leaf_value=-0.033561263859176016 -0.027202226991475426 0.0049388582806461521 0.014841521334803227 0.0031125837071151151 -0.003241742450117849 0.10105307233471068 -0.019349567375666881
leaf_count=19322 13922 2165 2672 24668 4098 75 88
internal_value=0 -0.451568 0.0369033 -0.00100895 -0.203735 0.0135281 0.873567
internal_count=67010 21487 45523 42851 18183 4261 163
shrinkage=0.05


Tree=52
num_leaves=8
num_cat=0
split_feature=3 0 6 2 4 0 8
split_gain=12.8131 7.33658 6.75263 6.45623 5.52733 5.94997 7.46967
threshold=68.833333333333357 55.500000000000007 12.300000000000002 19.950000000000003 169.50000000000003 61.500000000000007 1.0000000180025095e-35
decision_type=8 2 10 8 10 2 2
left_child=1 -1 3 -2 5 6 -5
right_child=2 -3 -4 4 -6 -7 -8
leaf_value=-0.033007533922672139 -0.016927119427738752 0.0046830362671183793 0.077166040126176616 -0.0020633377851525573 0.024585167643394336 0.015830698848281918 0.014889942785692166
leaf_count=19322 5561 2165 23 35459 225 1747 2508
internal_value=0 -0.439349 0.0350397 0.0287946 0.0531492 0.0344414 0.00195727
internal_count=67010 21487 45523 45500 39939 39714 37967
shrinkage=0.05


Tree=53
num_leaves=8
num_cat=0
split_feature=4 2 0 2 6 0 0
split_gain=11.9464 8.84617 8.12898 6.82668 5.61712 5.83986 11.4831
threshold=116.25000000000001 24.650000000000002 34.500000000000007 24.850000000000005 12.300000000000002 61.500000000000007 62.500000000000007
decision_type=8 10 2 10 10 2 2
left_child=1 -1 -2 -3 5 -4 -7
right_child=2 3 4 -5 -6 6 -8
leaf_value=-0.027171410288034936 -0.034333154262290395 0.088484476119940453 0.00082932465290172757 0.00025777198978077477 0.069823844143797109 0.03910916793612082 -0.00025307886662366108
leaf_count=23040 2804 334 35691 3278 23 583 1257
internal_value=0 -0.365115 0.0398159 0.236244 0.0556889 0.0495206 0.308443
internal_count=67010 26652 40358 3612 37554 37531 1840
shrinkage=0.05


Tree=54
num_leaves=8
num_cat=0
split_feature=2 0 8 0 5 2 4
split_gain=11.5176 7.33125 12.2368 9.5121 9.84345 8.33279 8.03222
threshold=20.850000000000005 44.500000000000007 1.0000000180025095e-35 42.500000000000007 2.8841681574239719 34.550000000000004 135.25000000000003
decision_type=8 2 2 2 8 10 8
left_child=-1 2 -2 -4 -5 -3 -7
right_child=1 5 3 4 -6 6 -8
leaf_value=-0.016103380499086033 -0.014946920831529528 0.0034233594739619534 -0.024090180019005664 0.1236340411489598 -0.013658693178683621 0.095484964424988675 0.014293532825486241
leaf_count=18773 14539 33068 152 140 69 133 136
internal_value=0 0.0439654 -0.200012 0.956379 1.67108 0.0877782 0.835908
internal_count=67010 48237 14900 361 209 33337 269
shrinkage=0.05


Tree=55
num_leaves=8
num_cat=0
split_feature=3 6 2 4 3 6 5
split_gain=10.8985 7.17207 5.90358 7.22483 7.50539 7.09539 6.58038
threshold=68.833333333333357 5.7500000000000009 29.950000000000003 145.16666666666671 77.833333333333357 8.8500000000000032 2.1188458434221151
decision_type=8 10 8 10 10 8 10
left_child=1 -1 3 -2 6 -6 -5
right_child=2 -3 -4 4 5 -7 -8
leaf_value=-0.029268021297753535 -0.0034802571254974285 0.013906538568736271 0.013314685887294529 0.13536352080978017 0.0027096101334568006 0.030988006872332559 -0.0060503271680860662
leaf_count=19175 40145 2312 2672 38 2248 388 32
internal_value=0 -0.414346 0.0319808 -0.00286236 0.168572 0.139146 1.65423
internal_count=67010 21487 45523 42851 2706 2636 70
shrinkage=0.05


Tree=56
num_leaves=8
num_cat=0
split_feature=2 0 3 2 5 3 6
split_gain=10.2198 6.84365 13.2404 6.97099 6.30298 13.6268 7.21513
threshold=20.850000000000005 51.500000000000007 78.833333333333357 32.45000000000001 1.1127896410722402 76.166666666666671 5.3500000000000005
decision_type=8 2 10 10 10 8 8
left_child=-1 2 3 -2 5 -3 -7
right_child=1 4 -4 -5 -6 6 -8
leaf_value=-0.015336269838654347 -0.026135745224250679 0.1197135159988432 0.0020586904573764771 0.046126883864794722 0.0051947565034291231 0.062368651563143557 -0.011511872206329953
leaf_count=18773 20309 303 11484 297 15425 112 307
internal_value=0 0.0412758 -0.0671959 -0.454404 0.133198 0.719267 0.235564
internal_count=67010 48237 32090 20606 16147 722 419
shrinkage=0.05


Tree=57
num_leaves=8
num_cat=0
split_feature=3 0 6 0 2 4 5
split_gain=9.6378 6.7249 5.42473 5.3188 5.50666 8.14142 6.62122
threshold=68.833333333333357 55.500000000000007 12.300000000000002 34.500000000000007 23.950000000000003 130.83333333333334 3.9540169133192395
decision_type=8 2 10 2 8 10 8
left_child=1 -1 3 -2 5 -5 -6
right_child=2 -3 -4 4 6 -7 -8
leaf_value=-0.031221888619457763 -0.029388448237059713 0.0055739084728045488 0.066895101696700002 -0.014690541710425165 0.0069854080417323583 0.0028610548026278761 -0.018858465727519633
leaf_count=19322 2468 2165 23 17668 17233 6976 1155
internal_value=0 -0.395823 0.0299272 0.0241641 0.036158 -0.071902 0.107947
internal_count=67010 21487 45523 45500 43032 24644 18388
shrinkage=0.05


Tree=58
num_leaves=8
num_cat=0
split_feature=3 6 4 0 2 6 3
split_gain=8.88733 6.61932 5.2051 4.86487 5.08046 6.55322 6.52577
threshold=68.833333333333357 5.7500000000000009 110.33333333333336 34.500000000000007 29.950000000000003 5.1500000000000012 85.583333333333357
decision_type=8 10 8 2 8 8 10
left_child=1 -1 -2 -4 -5 -6 -7
right_child=2 -3 3 4 5 6 -8
leaf_value=-0.027906756963789209 -0.028798747172151862 0.013789281323983497 -0.028118086274308309 0.00091942181372970581 0.06722165980273867 0.027521906239137525 -0.00064133236313271562
leaf_count=19175 3661 2312 2286 37180 128 1391 877
internal_value=0 -0.384094 0.0283745 0.0402059 0.0514818 0.271141 0.20167
internal_count=67010 21487 45523 41862 39576 2396 2268
shrinkage=0.05


Tree=59
num_leaves=8
num_cat=0
split_feature=2 0 3 2 5 6 5
split_gain=8.55865 5.92371 8.9097 7.01331 6.47947 5.97646 7.36184
threshold=20.850000000000005 53.500000000000007 78.833333333333357 32.45000000000001 0.90821007302003376 6.1500000000000012 1.1581552892131322
decision_type=8 2 10 10 8 10 10
left_child=-1 2 3 4 -2 6 -3
right_child=1 5 -4 -5 -6 -7 -8
leaf_value=-0.014264260795949269 0.06663373227969252 0.036846188294878728 0.0015953340794883819 0.047325526249381134 -0.022737150906502288 0.021784713137013426 0.0014373798686680226
leaf_count=18773 391 619 13576 314 22141 1399 9797
internal_value=0 0.0372798 -0.0442262 -0.344892 -0.410135 0.142896 0.0744091
internal_count=67010 48237 36422 22846 22532 11815 10416
shrinkage=0.05


Tree=60
num_leaves=8
num_cat=0
split_feature=0 8 5 3 2 6 4
split_gain=8.21764 13.7431 10.2744 7.4796 7.18003 9.11969 7.95959
threshold=44.500000000000007 1.0000000180025095e-35 2.1824583866837393 93.833333333333357 33.95000000000001 5.8500000000000005 137.16666666666671
decision_type=2 2 8 10 10 8 8
left_child=1 3 -3 -1 -2 -6 -7
right_child=4 2 -4 -5 5 6 -8
leaf_value=-0.023650930249220117 0.0012370515701862238 0.12766185650089545 0.010077810816583837 0.0070578069893549034 -0.017089674008648897 0.10222673222925818 0.019751170057348125
leaf_count=21840 44002 117 281 430 121 126 93
internal_value=0 -0.24134 0.955179 -0.334478 0.0426905 0.650127 1.11615
internal_count=67010 22668 398 22270 44342 340 219
shrinkage=0.05


Tree=61
num_leaves=8
num_cat=0
split_feature=2 3 4 0 5 2 5
split_gain=7.80001 9.03891 6.23797 5.22061 4.95397 7.37494 4.78544
threshold=22.550000000000004 87.833333333333357 159.25000000000003 52.500000000000007 1.1004587155963306 21.250000000000004 3.9540169133192395
decision_type=8 10 10 2 8 10 8
left_child=1 2 3 -1 5 -5 -2
right_child=6 -3 -4 4 -6 -7 -8
leaf_value=-0.027050130117310434 0.004086024052816141 0.0060024447854171445 0.071967553527619535 -0.0097007675724777673 -0.012199205921726405 0.080733037884454739 -0.015722581559655297
leaf_count=23679 32104 1765 26 597 6525 192 2122
internal_value=0 -0.166597 -0.317409 -0.341338 -0.145712 0.555736 0.0594607
internal_count=67010 32784 31019 30993 7314 789 34226
shrinkage=0.05


Tree=62
num_leaves=8
num_cat=0
split_feature=3 6 6 4 3 0 5
split_gain=7.26141 6.00323 4.84293 4.50597 4.69207 6.23905 5.41036
threshold=68.833333333333357 5.7500000000000009 12.300000000000002 110.33333333333336 69.250000000000014 34.500000000000007 2.335271317829458
decision_type=8 10 10 8 8 2 10
left_child=1 -1 3 -2 6 -6 -5
right_child=2 -3 -4 4 5 -7 -8
leaf_value=-0.026534085332177378 -0.02778167989577834 0.013302843747558774 0.062078597677067839 0.071299762727393939 -0.034434697042475718 0.0017506150039623928 -0.017907114681039241
leaf_count=19175 3661 2312 23 974 2114 38316 435
internal_value=0 -0.355288 0.025498 0.0199844 0.0307596 0.0226257 0.844953
internal_count=67010 21487 45523 45500 41839 40430 1409
shrinkage=0.05


Tree=63
num_leaves=8
num_cat=0
split_feature=0 8 0 5 3 2 6
split_gain=6.94529 12.4091 8.7959 8.19007 6.75075 6.3218 7.91939
threshold=44.500000000000007 1.0000000180025095e-35 42.500000000000007 2.8841681574239719 93.833333333333357 33.95000000000001 5.8500000000000005
decision_type=2 2 2 8 10 10 8
left_child=1 4 -3 -4 -1 -2 -7
right_child=5 2 3 -5 -6 6 -8
leaf_value=-0.02264579858900391 0.0011031465116294482 -0.024560564120669877 0.10819778513832384 -0.013743150780627761 0.0065695901790912255 -0.016698971370101543 0.050925360649675636
leaf_count=21840 44002 165 163 70 430 121 219
internal_value=0 -0.224456 0.893053 1.52277 -0.316579 0.0390923 0.601212
internal_count=67010 22668 398 233 22270 44342 340
shrinkage=0.05


Tree=64
num_leaves=8
num_cat=0
split_feature=2 4 3 3 0 2 3
split_gain=6.80158 5.42998 11.5655 5.40019 6.12254 8.00309 9.14444
threshold=20.850000000000005 139.25000000000003 80.833333333333357 99.333333333333357 49.500000000000007 26.550000000000004 87.833333333333357
decision_type=8 10 10 8 2 8 10
left_child=1 -1 -3 4 5 6 -2
right_child=3 2 -4 -5 -6 -7 -8
leaf_value=-0.020548760770692023 -0.024329083186249011 0.10881591952121879 -0.0040807882209309447 0.013926228558872806 0.0037962929245968003 0.0049531092659901733 0.0032037732442883847
leaf_count=18150 20411 94 529 801 19875 5721 1429
internal_value=0 -0.258915 0.133105 0.0331426 0.00120595 -0.13273 -0.289762
internal_count=67010 18773 623 48237 47436 27561 21840
shrinkage=0.05


Tree=65
num_leaves=8
num_cat=0
split_feature=2 3 4 6 5 0 2
split_gain=6.22422 7.65481 5.62299 4.71139 4.45582 6.79344 5.05061
threshold=22.550000000000004 87.833333333333357 159.25000000000003 7.2500000000000009 1.1581552892131322 55.500000000000007 20.850000000000005
decision_type=8 10 10 10 8 2 10
left_child=1 2 3 -1 5 -3 -7
right_child=-2 4 -4 -5 -6 6 -8
leaf_value=-0.017242145526491254 0.002635205344494209 -0.046868773821754958 0.066999444344371439 0.045921567477349462 0.011040614742385102 -0.021148919536563941 0.073117016103111818
leaf_count=30850 34226 206 26 143 1474 52 33
internal_value=0 -0.150559 -0.293634 -0.31771 0.110375 -0.430298 0.54347
internal_count=67010 32784 31019 30993 1765 291 85
shrinkage=0.05


Tree=66
num_leaves=8
num_cat=0
split_feature=4 0 4 5 5 2 6
split_gain=5.99277 8.89157 5.03414 4.9698 6.91591 4.13764 3.99312
threshold=109.25000000000001 55.500000000000007 100.25000000000001 2.0591736694677873 1.5123475609756099 18.350000000000005 12.300000000000002
decision_type=8 2 10 8 10 8 10
left_child=1 -1 -3 4 -4 -2 -7
right_child=5 2 3 -5 -6 6 -8
leaf_value=-0.03617484293047761 -0.02746015972513138 -0.026988912362015085 -0.0086299605101412061 -0.0037266473073434277 0.12067917943755922 0.0011626246250640443 0.055191210860288192
leaf_count=13828 1999 599 248 470 336 49505 25
internal_value=0 -0.404512 0.366936 0.830199 1.5345 0.018594 0.0283581
internal_count=67010 15481 1653 1054 584 51529 49530
shrinkage=0.05


Tree=67
num_leaves=8
num_cat=0
split_feature=0 8 5 5 3 2 4
split_gain=5.78227 10.9951 8.04002 6.60316 5.75492 5.43554 5.3118
threshold=44.500000000000007 1.0000000180025095e-35 2.1824583866837393 1.4685522151898736 93.833333333333357 34.550000000000004 135.25000000000003
decision_type=2 2 8 8 10 10 8
left_child=1 3 -3 -1 -5 -2 -7
right_child=5 2 -4 4 -6 6 -8
leaf_value=-0.042498370258250318 0.0010539522476303348 0.10695169836715142 0.007855947241034545 -0.016675127268616006 0.011912206510224557 0.069106014131664117 0.0084586479064966049
leaf_count=6017 44073 117 281 15871 382 133 136
internal_value=0 -0.207276 0.824603 -0.297776 -0.182919 0.035519 0.604366
internal_count=67010 22668 398 22270 16253 44342 269
shrinkage=0.05


Tree=68
num_leaves=8
num_cat=0
split_feature=0 0 3 3 1 4 5
split_gain=5.59026 10.0776 7.66041 7.04333 7.01296 6.01278 14.7097
threshold=61.500000000000007 62.500000000000007 68.833333333333357 78.583333333333357 1.5000000000000002 156.33333333333334 3.6973220577871744
decision_type=2 2 10 10 2 10 10
left_child=2 3 -1 4 -2 -4 -7
right_child=1 -3 5 -5 -6 6 -8
leaf_value=-0.021434694935412092 0.084218721969144719 -0.0019310418336406215 -0.0018711110157416675 0.016681197035521837 -0.015827809730783942 0.0056061780160604644 0.078557136701009722
leaf_count=20983 291 1738 42654 414 93 768 69
internal_value=0 0.23904 -0.0302645 0.656354 1.32445 -0.00245095 0.262753
internal_count=67010 2536 64474 798 384 43491 837
shrinkage=0.05


Tree=69
num_leaves=8
num_cat=0
split_feature=0 3 2 5 1 5 4
split_gain=5.1711 10.1524 5.92522 5.74666 5.35027 12.2147 5.55964
threshold=48.500000000000007 79.833333333333357 32.45000000000001 3.9540169133192395 1.5000000000000002 3.6973220577871744 168.33333333333334
decision_type=2 10 10 10 2 10 8
left_child=1 2 -1 4 6 -6 -2
right_child=3 -3 -4 -5 5 -7 -8
leaf_value=-0.025738504491395659 0.0048935357712269955 0.00043797853039190954 0.038559501043259746 -0.023558133627938495 -0.010113540170100225 0.099575496209364775 0.034557283855356245
leaf_count=27460 21557 8763 291 854 7910 54 121
internal_value=0 -0.123684 -0.448465 0.0536919 0.0737779 -0.14315 0.12081
internal_count=67010 36514 27751 30496 29642 7964 21678
shrinkage=0.05


Tree=70
num_leaves=8
num_cat=0
split_feature=4 0 0 3 4 5 6
split_gain=4.99523 5.01201 8.71345 6.53362 5.87485 12.6816 6.97368
threshold=100.25000000000001 61.500000000000007 62.500000000000007 78.583333333333357 156.33333333333334 3.6973220577871744 5.8500000000000005
decision_type=8 2 2 10 10 10 10
left_child=-1 4 3 -3 -2 -6 -7
right_child=1 2 -4 -5 5 6 -8
leaf_value=-0.03272856067948806 -0.0026053663824030303 0.062476271738584312 -0.0013324943965777019 0.015433558042047652 0.0050091975379542046 0.10131697564820862 -4.97670308124428e-05
leaf_count=5629 58137 345 1648 414 768 49 20
internal_value=0 0.00979653 0.236031 0.617335 -0.0191027 0.242072 1.42391
internal_count=67010 61381 2407 759 58974 837 69
shrinkage=0.05


Tree=71
num_leaves=8
num_cat=0
split_feature=2 3 4 5 4 0 6
split_gain=4.8962 6.36413 5.06345 4.28953 4.44775 4.8995 4.19954
threshold=22.550000000000004 87.833333333333357 159.25000000000003 3.9540169133192395 183.83333333333334 33.500000000000007 7.2500000000000009
decision_type=8 10 10 8 10 2 10
left_child=1 2 6 4 5 -2 -1
right_child=3 -3 -4 -5 -6 -7 -8
leaf_value=-0.016016692969265899 -0.037400060495855918 0.005037442676249353 0.062568742859014745 -0.015480654280113243 0.050323538307252169 0.0034963475176623413 0.042672293327991398
leaf_count=30850 1574 1765 26 2122 27 30503 143
internal_value=0 -0.134619 -0.269083 0.0468768 0.0676347 0.0588411 -0.293271
internal_count=67010 32784 31019 34226 32104 32077 30993
shrinkage=0.05


Tree=72
num_leaves=8
num_cat=0
split_feature=0 2 0 3 2 1 3
split_gain=4.5938 4.45068 7.30416 9.74221 5.18443 4.8508 10.3021
threshold=33.500000000000007 25.850000000000005 47.500000000000007 82.833333333333357 25.550000000000004 1.5000000000000002 64.833333333333357
decision_type=2 8 2 10 10 2 10
left_child=-1 2 3 -2 -4 6 -3
right_child=1 5 4 -5 -6 -7 -8
leaf_value=-0.028708320106449459 -0.031515955132209249 0.10082470011880228 0.002062265825150969 4.9584765758745935e-05 -0.02454134757455001 -0.010221756830060821 0.0069421027166062972
leaf_count=5027 19815 464 26829 2839 759 1910 9367
internal_value=0 0.0104803 -0.0489181 -0.291755 0.014243 0.108554 0.161972
internal_count=67010 61983 50242 22654 27588 11741 9831
shrinkage=0.05


Tree=73
num_leaves=8
num_cat=0
split_feature=4 0 0 3 1 2 6
split_gain=4.50942 4.40589 7.6165 5.49816 5.2279 5.33684 5.78362
threshold=100.25000000000001 61.500000000000007 62.500000000000007 78.583333333333357 1.5000000000000002 22.450000000000003 7.1500000000000012
decision_type=8 2 2 10 2 8 8
left_child=-1 -2 3 4 5 -3 -7
right_child=1 2 -4 -5 -6 6 -8
leaf_value=-0.031861598901623399 -0.00090189879032071462 0.010810242361698245 -0.0013727299657733734 0.01428091929805244 -0.015271528296670648 0.11393909165735867 -0.0050578937242660143
leaf_count=5629 58974 126 1648 414 77 116 26
internal_value=0 0.00924013 0.219987 0.569737 1.13207 1.41263 1.8867
internal_count=67010 61381 2407 759 345 268 142
shrinkage=0.05


Tree=74
num_leaves=8
num_cat=0
split_feature=2 4 3 1 6 3 6
split_gain=4.28467 4.18963 10.5079 4.03602 4.31874 3.69816 4.90292
threshold=20.850000000000005 139.25000000000003 80.833333333333357 1.5000000000000002 5.6500000000000012 99.333333333333357 6.1500000000000012
decision_type=8 10 10 2 8 10 10
left_child=1 -1 -3 4 -4 6 -2
right_child=5 2 3 -5 -6 -7 -8
leaf_value=-0.017810854045615217 -0.0019597849925516281 0.10121167354215937 -0.0084216543591230063 -0.03079599460811527 0.04384379232835315 0.011343763878841626 0.010303267216439801
leaf_count=18150 44432 94 231 177 121 785 3020
internal_value=0 -0.211953 0.126783 -0.0822837 0.216902 0.0261949 -0.000444853
internal_count=67010 18773 623 529 352 48237 47452
shrinkage=0.05


Tree=75
num_leaves=8
num_cat=0
split_feature=0 2 4 2 0 3 1
split_gain=4.22321 3.79493 6.70013 4.9446 5.19155 8.41028 4.34072
threshold=33.500000000000007 25.850000000000005 112.33333333333336 25.550000000000004 47.500000000000007 82.833333333333357 1.5000000000000002
decision_type=2 8 10 10 2 10 2
left_child=-1 2 -2 4 5 -4 -3
right_child=1 6 3 -5 -6 -7 -8
leaf_value=-0.027977564057743903 -0.0228241289660647 0.0075014451875913719 -0.031772327968018231 -0.023527314242645748 0.0033945394351182013 0.0017140778894587938 -0.0098746027050013365
leaf_count=5027 16770 9831 10493 1084 19200 2695 1910
internal_value=0 0.00998989 -0.0451595 -0.0107633 0.0137367 -0.215417 0.100075
internal_count=67010 61983 50242 33472 32388 13188 11741
shrinkage=0.05


Tree=76
num_leaves=8
num_cat=0
split_feature=4 0 0 4 5 6 0
split_gain=3.9705 3.8684 6.69761 4.74516 11.1314 5.71756 5.70908
threshold=100.25000000000001 61.500000000000007 62.500000000000007 156.33333333333334 3.6973220577871744 5.8500000000000005 48.500000000000007
decision_type=8 2 2 10 10 10 2
left_child=-1 3 -3 -2 6 -6 -5
right_child=1 2 -4 4 5 -7 -8
leaf_value=-0.030778966111878383 -0.0023684752017500521 0.02635142967806485 -0.0014416461445815837 -0.016619527043252265 0.090561416728405064 -0.00018761487409607328 0.01373244451984341
leaf_count=5629 58137 759 1648 281 49 20 487
internal_value=0 0.00837842 0.204656 -0.0173346 0.215182 1.29455 0.0812735
internal_count=67010 61381 2407 58974 837 69 768
shrinkage=0.05


Tree=77
num_leaves=8
num_cat=0
split_feature=0 6 2 4 5 5 3
split_gain=3.88824 3.5871 3.51515 5.424 5.4082 3.97382 6.58102
threshold=33.500000000000007 12.300000000000002 22.550000000000004 134.83333333333334 3.9540169133192395 3.582575757575758 84.833333333333357
decision_type=2 10 8 10 8 10 10
left_child=-1 2 3 -2 5 -4 -7
right_child=1 -3 4 -5 -6 6 -8
leaf_value=-0.027263841769377385 -0.013654733734781597 0.050644680376734155 0.0023099839473709224 0.0031961627084512289 -0.01836812856300327 -0.0089886515391679588 0.039305099491031878
leaf_count=5027 26598 25 29047 3070 1780 1072 391
internal_value=0 0.00930837 0.00461755 -0.112865 0.0439095 0.0668522 0.424096
internal_count=67010 61983 61958 29668 32290 30510 1463
shrinkage=0.05


Tree=78
num_leaves=8
num_cat=0
split_feature=2 6 2 6 0 4 6
split_gain=3.66662 4.43557 3.43127 3.26067 3.3518 8.09914 4.60988
threshold=18.350000000000005 5.8500000000000005 17.750000000000004 12.300000000000002 53.500000000000007 109.25000000000001 4.8500000000000005
decision_type=8 8 10 10 2 10 8
left_child=1 -1 -3 4 5 -2 -7
right_child=3 2 -4 -5 -6 6 -8
leaf_value=-0.038519046965277567 -0.035967686768577513 0.057044959366564701 -0.028142314727849834 0.047867824526902795 0.0039364431527531994 -0.036094818044056384 -0.0004531415037027683
leaf_count=3342 11098 482 405 25 14673 953 36032
internal_value=0 -0.488753 0.472231 0.00977655 0.00524513 -0.0548581 -0.0255988
internal_count=67010 4229 887 62781 62756 48083 36985
shrinkage=0.05


Tree=79
num_leaves=8
num_cat=0
split_feature=0 1 5 2 2 3 0
split_gain=3.55624 3.27045 8.01081 7.36583 5.53347 10.8127 5.47546
threshold=33.500000000000007 1.5000000000000002 3.6973220577871744 27.150000000000002 27.550000000000004 64.833333333333357 51.500000000000007
decision_type=2 2 10 8 8 10 2
left_child=-1 4 -3 -4 6 -6 -2
right_child=1 2 3 -5 5 -7 -8
leaf_value=-0.026500303561716482 -0.0073812094657846709 -0.0091870633864624303 0.092284025677305911 -0.030213767713731906 0.11547067713900079 0.008312957897791495 0.0035689539074761621
leaf_count=5027 24869 17602 129 50 233 5140 13960
internal_value=0 0.00867431 -0.135703 1.11256 0.0383134 0.199569 -0.015792
internal_count=67010 61983 17781 179 44202 5373 38829
shrinkage=0.05


Tree=80
num_leaves=8
num_cat=0
split_feature=4 0 3 0 2 2 4
split_gain=3.44744 3.25507 6.56216 5.057 4.86948 7.3822 4.35627
threshold=100.25000000000001 61.500000000000007 64.250000000000014 62.500000000000007 25.350000000000005 27.850000000000005 146.25000000000003
decision_type=8 2 10 2 10 8 10
left_child=-1 -2 -3 4 6 -6 -4
right_child=1 2 3 -5 5 -7 -8
leaf_value=-0.029568526810785475 -0.00080466539399989909 0.076211508181891346 0.01894746778581613 -0.0038570680567338715 -0.035623711825522736 0.037593616738682362 0.067305125734395038
leaf_count=5629 58974 191 467 1506 117 63 63
internal_value=0 0.00767822 0.186388 0.130209 0.407456 -0.105133 0.656761
internal_count=67010 61381 2407 2216 710 180 530
shrinkage=0.05


Tree=81
num_leaves=8
num_cat=0
split_feature=2 6 2 6 0 4 4
split_gain=3.33129 4.22078 3.13879 2.90916 2.84134 4.70722 4.33921
threshold=18.350000000000005 5.8500000000000005 17.750000000000004 12.300000000000002 61.500000000000007 107.33333333333336 157.25000000000003
decision_type=8 8 10 10 2 10 10
left_child=1 -1 -3 4 5 -2 -6
right_child=3 2 -4 -5 6 -7 -8
leaf_value=-0.037966313342151253 -0.02492300407962799 0.053611939291914434 -0.027729062902987663 0.044773521042622069 0.012845326313559903 -0.00013462291814770341 -0.019536152324822854
leaf_count=3342 10664 482 405 25 2307 49672 113
internal_value=0 -0.472748 0.453296 0.00936642 0.00504253 -0.0173091 0.172619
internal_count=67010 4229 887 62781 62756 60336 2420
shrinkage=0.05


Tree=82
num_leaves=8
num_cat=0
split_feature=0 2 0 3 2 4 5
split_gain=3.26775 2.94289 5.16383 8.64337 4.48024 3.9851 9.2832
threshold=33.500000000000007 25.850000000000005 47.500000000000007 88.833333333333357 25.550000000000004 110.33333333333336 2.9639610389610396
decision_type=2 8 2 10 10 8 10
left_child=-1 2 3 -2 -4 6 -3
right_child=1 5 4 -5 -6 -7 -8
leaf_value=-0.025771935858628244 -0.023819794498618888 -0.010305530796632498 0.0017992317564728526 0.0078870150772389243 -0.023374354310284097 0.0035700300552443521 0.12223959651491179
leaf_count=5027 21763 671 26829 891 759 10766 304
internal_value=0 0.00841223 -0.0405278 -0.251499 0.0113951 0.0871367 0.967089
internal_count=67010 61983 50242 22654 27588 11741 975
shrinkage=0.05


Tree=83
num_leaves=8
num_cat=0
split_feature=2 6 2 4 5 5 8
split_gain=3.04703 4.01977 2.87168 2.77242 3.71151 3.55564 3.33959
threshold=18.350000000000005 5.8500000000000005 17.750000000000004 169.50000000000003 1.4532291666666668 1.7903993855606761 1.0000000180025095e-35
decision_type=8 8 10 10 10 10 2
left_child=1 -1 -3 6 -5 -6 -2
right_child=3 2 -4 4 5 -7 -8
leaf_value=-0.037440444314008357 -0.0014670129832442787 0.050413971118420699 -0.027303190032874 -0.022641400494389875 0.06304800192059952 0.013450945434009121 0.0087056782576998195
leaf_count=3342 59221 482 405 39 31 167 3323
internal_value=0 -0.45819 0.434928 0.00882091 0.300724 0.44991 -0.00366086
internal_count=67010 4229 887 62781 237 198 62544
shrinkage=0.05


Tree=84
num_leaves=8
num_cat=0
split_feature=0 1 5 2 2 3 5
split_gain=3.03391 2.80601 7.0706 5.24065 4.6492 9.7859 5.03316
threshold=33.500000000000007 1.5000000000000002 3.7788888888888894 26.550000000000004 27.550000000000004 64.250000000000014 3.1327044025157238
decision_type=2 2 10 8 8 8 10
left_child=-1 4 -3 -4 6 -6 -2
right_child=1 2 3 -5 5 -7 -8
leaf_value=-0.025142908252562664 0.0014788096219282838 -0.0084901464977032281 0.092758934346902258 -0.014694467985141221 0.11652766831412911 0.0076344546710571046 -0.012717718595226244
leaf_count=5027 33619 17636 98 47 228 5145 5210
internal_value=0 0.00804926 -0.12656 1.10931 0.0353307 0.181944 -0.014571
internal_count=67010 61983 17781 145 44202 5373 38829
shrinkage=0.05


Tree=85
num_leaves=8
num_cat=0
split_feature=4 0 3 6 0 2 5
split_gain=2.98517 2.63544 5.67274 4.48814 4.265 4.28497 4.71959
threshold=100.25000000000001 61.500000000000007 64.250000000000014 7.2500000000000009 62.500000000000007 31.750000000000004 0.96730220955096236
decision_type=8 2 10 10 2 8 8
left_child=-1 -2 -3 4 -4 6 -6
right_child=1 2 3 -5 5 -7 -8
leaf_value=-0.02832873417025758 -0.00071819188644988102 0.068615305089617454 0.021446386039635761 -0.037231595275620054 0.059769457690693396 0.061001009654175757 -0.0084789299244936254
leaf_count=5629 58974 191 682 73 47 22 1392
internal_value=0 0.00721185 0.166674 0.113713 0.171095 -0.025785 -0.0948438
internal_count=67010 61381 2407 2216 2143 1461 1439
shrinkage=0.05


Tree=86
num_leaves=8
num_cat=0
split_feature=0 6 4 8 5 2 6
split_gain=2.81364 2.62069 2.75766 6.4352 8.83819 8.80175 8.15237
threshold=33.500000000000007 12.300000000000002 130.83333333333334 1.0000000180025095e-35 1.2511682242990656 26.750000000000004 5.8500000000000005
decision_type=2 10 8 2 8 8 10
left_child=-1 2 3 -2 -5 -6 -7
right_child=1 -3 -4 4 5 6 -8
leaf_value=-0.024501001072233037 -0.007122191901216793 0.042056084866218549 0.0023267622515589629 0.098183913357667352 -0.014349955232715214 0.075868220809257786 -0.0010086690350497812
leaf_count=5027 44364 25 15441 153 1540 257 203
internal_value=0 0.0079429 0.00381449 -0.0809968 0.326772 0.160801 0.765722
internal_count=67010 61983 61958 46517 2153 2000 460
shrinkage=0.05


Tree=87
num_leaves=8
num_cat=0
split_feature=4 6 4 5 4 0 4
split_gain=2.75068 2.50256 4.92665 5.98543 3.56257 3.15581 2.94303
threshold=100.25000000000001 8.5500000000000025 142.83333333333334 2.5169540229885059 120.25000000000001 45.500000000000007 169.50000000000003
decision_type=8 10 10 10 8 2 10
left_child=-1 6 4 -4 -3 -6 -2
right_child=1 2 3 -5 5 -7 -8
leaf_value=-0.027620256762862283 -0.00074668203522851989 0.050800739661846339 -0.0025188294804390958 0.083049389138975277 0.040432149226759112 -0.028191179420535506 0.0150943318069631
leaf_count=5629 60800 93 29 29 35 162 233
internal_value=0 0.00710676 0.366451 0.945005 -0.0773746 -0.331273 -0.00199257
internal_count=67010 61381 348 58 290 197 61033
shrinkage=0.05


Tree=88
num_leaves=8
num_cat=0
split_feature=2 6 2 1 5 2 5
split_gain=2.72054 3.81278 2.63764 2.43822 6.4767 6.08653 5.6897
threshold=18.350000000000005 5.8500000000000005 17.750000000000004 1.5000000000000002 3.6973220577871744 27.150000000000002 2.7815340909090911
decision_type=8 8 10 2 10 8 8
left_child=1 -1 -3 -2 6 -6 -5
right_child=3 2 -4 4 5 -7 -8
leaf_value=-0.036783517854689654 0.0016767168511714328 0.047650469697708274 -0.026859922075661083 -0.0038801533057530591 0.07946456670393176 -0.03000310070102314 -0.035302583849488166
leaf_count=3342 46653 482 405 14732 125 52 1219
internal_value=0 -0.439659 0.419744 0.0087757 -0.120596 0.96695 -0.168071
internal_count=67010 4229 887 62781 16128 177 15951
shrinkage=0.05


Tree=89
num_leaves=8
num_cat=0
split_feature=0 2 3 6 3 4 6
split_gain=2.61415 2.41112 3.68036 7.22577 5.08473 3.88001 4.25887
threshold=33.500000000000007 29.950000000000003 89.416666666666671 5.2500000000000009 92.833333333333357 139.25000000000003 5.7500000000000009
decision_type=2 10 10 10 10 10 10
left_child=-1 -2 -3 -4 -5 6 -6
right_child=1 2 3 4 5 -7 -8
leaf_value=-0.023886500055795845 -0.00067573841729468139 0.016723530754418136 0.032975883714737607 -0.048124133764902675 -0.026806133546820099 -0.010643613005903097 0.072512472532255873
leaf_count=5027 59518 1931 132 131 20 219 32
internal_value=0 0.00777503 0.156179 -0.058289 -0.279661 -0.0617344 0.836326
internal_count=67010 61983 2465 534 402 271 52
shrinkage=0.05


Tree=90
num_leaves=8
num_cat=0
split_feature=4 0 3 6 0 5 4
split_gain=2.53248 2.44174 5.05293 4.19539 3.79851 3.66081 6.68335
threshold=100.25000000000001 61.500000000000007 64.250000000000014 7.2500000000000009 69.500000000000014 2.7171862182116491 157.25000000000003
decision_type=8 2 10 10 2 10 10
left_child=-1 -2 -3 4 5 -4 -7
right_child=1 2 3 -5 -6 6 -8
leaf_value=-0.026916442516393798 -0.00070484459188810823 0.063687756100871337 0.004420412728175168 -0.036614382696032975 -0.033152339164545457 0.039617579460196742 -0.040125897488490214
leaf_count=5629 58974 191 1543 73 138 441 21
internal_value=0 0.00673184 0.159808 0.108994 0.163542 0.216048 0.579827
internal_count=67010 61381 2407 2216 2143 2005 462
shrinkage=0.05


Tree=91
num_leaves=8
num_cat=0
split_feature=2 6 5 4 6 5 6
split_gain=2.49504 3.61223 2.53183 6.89067 8.95403 7.52597 7.98256
threshold=18.350000000000005 5.8500000000000005 3.1523581429624179 149.16666666666671 5.9500000000000011 3.6582156611039793 5.6500000000000012
decision_type=8 8 10 10 10 10 10
left_child=1 -1 -2 -4 5 6 -5
right_child=2 -3 3 4 -6 -7 -8
leaf_value=-0.036247992836204349 0.0017207754214561386 0.019993527458864398 -0.012434961997412491 -0.020725519000632367 -0.024973307574989324 0.062520553577933277 0.057376927109172332
leaf_count=3342 55164 887 7253 119 95 107 43
internal_value=0 -0.426199 0.00810856 -0.118265 0.280221 0.617939 0.100012
internal_count=67010 4229 62781 7617 364 269 162
shrinkage=0.05


Tree=92
num_leaves=8
num_cat=0
split_feature=0 6 4 5 4 0 4
split_gain=2.454 2.43376 4.58585 5.45438 3.14087 2.96246 2.7046
threshold=29.500000000000004 8.5500000000000025 142.83333333333334 2.5169540229885059 120.25000000000001 45.500000000000007 169.50000000000003
decision_type=2 10 10 10 8 2 10
left_child=-1 6 4 -4 -3 -6 -2
right_child=1 2 3 -5 5 -7 -8
leaf_value=-0.032743126756487523 -0.0007981225473991764 0.046379018474338812 -0.0022322924115010813 0.079300999006181205 0.038671435223994306 -0.027480419112738061 0.014337981362083297
leaf_count=2506 63920 100 29 28 34 162 231
internal_value=0 0.00537902 0.359529 0.913562 -0.0715715 -0.317742 -0.00356404
internal_count=67010 64504 353 57 296 196 64151
shrinkage=0.05


Tree=93
num_leaves=8
num_cat=0
split_feature=1 5 2 5 4 0 5
split_gain=2.38411 5.55749 6.27297 6.0058 4.76243 4.14449 4.80751
threshold=1.5000000000000002 3.4597297297297307 28.450000000000003 2.7815340909090911 136.83333333333334 56.500000000000007 2.2402531645569623
decision_type=2 10 8 8 10 2 10
left_child=-1 3 4 5 -3 6 -2
right_child=1 2 -4 -5 -6 -7 -8
leaf_value=0.0012698450436474909 -0.0043797773536039227 -0.01049129379065129 -0.035026747252528995 -0.038972327517418776 0.086309618133506988 -0.018624635987224927 0.02677298056451189
leaf_count=48125 13758 177 61 1192 59 2002 1636
internal_value=0 -0.12388 0.704752 -0.175011 1.20925 -0.0923238 0.0439708
internal_count=67010 18885 297 18588 236 17396 15394
shrinkage=0.05


Tree=94
num_leaves=8
num_cat=0
split_feature=0 8 0 5 5 2 4
split_gain=2.3739 8.66694 7.29819 6.09842 6.04704 4.15796 4.518
threshold=44.500000000000007 1.0000000180025095e-35 42.500000000000007 2.8841681574239719 1.4685522151898736 34.550000000000004 135.83333333333334
decision_type=2 2 2 8 8 10 10
left_child=1 4 -3 -4 -1 -2 -7
right_child=5 2 3 -5 -6 6 -8
leaf_value=-0.040778801254737013 0.00048746047587804324 -0.024996952719991722 0.089556914631225629 -0.013611970470121366 -0.0060181197653426154 0.059553783957409213 0.0056549515312803444
leaf_count=6017 44073 165 163 70 16253 133 136
internal_value=0 -0.138666 0.75634 1.29285 -0.228453 0.0226227 0.506946
internal_count=67010 22668 398 233 22270 44342 269
shrinkage=0.05


Tree=95
num_leaves=8
num_cat=0
split_feature=4 6 5 5 4 6 5
split_gain=2.29169 2.34678 2.31539 3.71694 5.49194 5.3352 4.96481
threshold=100.25000000000001 4.6500000000000012 3.9540169133192395 3.582575757575758 147.25000000000003 5.1500000000000012 3.3267268445839879
decision_type=8 8 10 10 10 10 10
left_child=-1 -2 3 6 5 -5 -3
right_child=1 2 -4 4 -6 -7 -8
leaf_value=-0.026072116727302825 -0.038799148529919114 0.0012851429401948898 -0.012952227399313086 -0.0356953882658596 0.04881404906300589 0.017290220193089921 -0.01762765183816006
leaf_count=5629 348 55518 1735 495 97 1177 2011
internal_value=0 0.00626883 0.0101775 0.021435 0.349781 0.079777 0.00597138
internal_count=67010 61381 61033 59298 1769 1672 57529
shrinkage=0.05


Tree=96
num_leaves=8
num_cat=0
split_feature=0 6 5 5 4 6 5
split_gain=2.26141 2.19604 2.79504 3.76421 5.22033 5.09016 4.67068
threshold=29.500000000000004 12.300000000000002 3.9540169133192395 3.582575757575758 146.25000000000003 5.5500000000000007 3.1523581429624179
decision_type=2 10 10 8 10 10 10
left_child=-1 2 3 6 5 -5 -2
right_child=1 -3 -4 4 -6 -7 -8
leaf_value=-0.032044457525493043 0.0011814151988857892 0.037938929800399562 -0.01489469870360146 -0.017074736260474118 0.043611836462781717 0.026215997459574109 -0.012635590317898175
leaf_count=2506 55935 25 1777 2023 132 675 3937
internal_value=0 0.0050072 0.00121122 0.0134095 0.323648 0.0646363 -0.00307263
internal_count=67010 64504 64479 62702 2830 2698 59872
shrinkage=0.05


Tree=97
num_leaves=8
num_cat=0
split_feature=2 6 2 5 5 4 6
split_gain=2.22783 3.43992 2.40523 2.22753 2.09914 5.6174 8.25277
threshold=18.350000000000005 5.8500000000000005 17.750000000000004 0.92949461474730743 3.1523581429624179 149.16666666666671 5.9500000000000011
decision_type=8 8 10 10 10 10 10
left_child=1 3 -3 -1 -2 -6 -7
right_child=4 2 -4 -5 5 6 -8
leaf_value=0.016621702284833725 0.0015623534382412305 0.044136422373779946 -0.026624486523061226 -0.044996761709704784 -0.01147816204057882 0.028188663121917312 -0.025235114605335191
leaf_count=386 55164 482 405 2956 7253 269 95
internal_value=0 -0.408765 0.388542 -0.71209 0.00747724 -0.108522 0.246283
internal_count=67010 4229 887 3342 62781 7617 364
shrinkage=0.05


Tree=98
num_leaves=8
num_cat=0
split_feature=1 5 5 5 3 6 5
split_gain=2.17462 4.99543 3.77099 7.16217 8.85076 5.50125 8.1264
threshold=1.5000000000000002 3.7788888888888894 2.5590727816550354 2.2313266443701232 78.833333333333357 5.4500000000000011 1.5123475609756099
decision_type=2 10 8 10 10 10 10
left_child=-1 2 3 5 -5 -2 -7
right_child=1 -3 -4 4 -6 6 -8
leaf_value=0.0011960189059345185 -0.023145578188353624 0.043654031960519549 -0.025231211336312495 -0.025168978521750648 0.05143588677146025 0.028850240657959776 -0.013759760054785245
leaf_count=48125 9281 148 1964 1111 349 3021 3011
internal_value=0 -0.11902 -0.157443 -0.0687105 0.538572 -0.185532 0.0489579
internal_count=67010 18885 18737 16773 1460 15313 6032
shrinkage=0.05


Tree=99
num_leaves=8
num_cat=0
split_feature=6 4 5 4 0 0 8
split_gain=2.14708 3.97458 4.61451 2.87299 2.74483 2.69902 6.24726
threshold=8.5500000000000025 142.83333333333334 2.5169540229885059 120.25000000000001 45.500000000000007 44.500000000000007 1.0000000180025095e-35
decision_type=10 10 10 8 2 2 2
left_child=5 3 -3 -2 -5 6 -1
right_child=1 2 -4 4 -6 -7 -8
leaf_value=-0.011780901351036623 0.04324634975478589 -0.0024738711405259575 0.071657344189777802 0.036159863725397728 -0.0270689383996741 0.00078284705741605773 0.030792588588238641
leaf_count=22219 102 29 29 35 162 44044 390
internal_value=0 0.33091 0.83629 -0.0732216 -0.313039 -0.00806682 -0.158836
internal_count=67010 357 58 299 197 66653 22609
shrinkage=0.05


end of trees

feature importances:
H25_age=165
H25_bmi=118
H25_sbp=113
H25_dbp=112
H25_a1c=76
H25_lhrate=70
H25_dl=27
H25_sex=13
H25_dm=6

parameters:
[boosting: gbdt]
[objective: binary]
[metric: binary]
[tree_learner: serial]
[device_type: cpu]
[data: ]
[valid: ]
[num_iterations: 100]
[learning_rate: 0.05]
[num_leaves: 8]
[num_threads: 0]
[max_depth: -1]
[min_data_in_leaf: 20]
[min_sum_hessian_in_leaf: 1]
[bagging_fraction: 0.4]
[bagging_freq: 0]
[bagging_seed: 3]
[feature_fraction: 1]
[feature_fraction_seed: 2]
[early_stopping_round: 0]
[max_delta_step: 0]
[lambda_l1: 0]
[lambda_l2: 1]
[min_gain_to_split: 0]
[drop_rate: 0.1]
[max_drop: 50]
[skip_drop: 0.5]
[xgboost_dart_mode: 0]
[uniform_drop: 0]
[drop_seed: 4]
[top_rate: 0.2]
[other_rate: 0.1]
[min_data_per_group: 100]
[max_cat_threshold: 32]
[cat_l2: 10]
[cat_smooth: 10]
[max_cat_to_onehot: 4]
[top_k: 20]
[monotone_constraints: ]
[feature_contri: ]
[forcedsplits_filename: ]
[refit_decay_rate: 0.9]
[verbosity: 0]
[max_bin: 255]
[min_data_in_bin: 3]
[bin_construct_sample_cnt: 200000]
[histogram_pool_size: -1]
[data_random_seed: 1]
[output_model: LightGBM_model.txt]
[snapshot_freq: -1]
[input_model: ]
[output_result: LightGBM_predict_result.txt]
[initscore_filename: ]
[valid_data_initscores: ]
[pre_partition: 0]
[enable_bundle: 1]
[max_conflict_rate: 0]
[is_enable_sparse: 1]
[sparse_threshold: 0.8]
[use_missing: 1]
[zero_as_missing: 0]
[two_round: 0]
[save_binary: 0]
[enable_load_from_binary_file: 1]
[header: 0]
[label_column: ]
[weight_column: ]
[group_column: ]
[ignore_column: ]
[categorical_feature: ]
[predict_raw_score: 0]
[predict_leaf_index: 0]
[predict_contrib: 0]
[num_iteration_predict: -1]
[pred_early_stop: 0]
[pred_early_stop_freq: 10]
[pred_early_stop_margin: 10]
[convert_model_language: ]
[convert_model: gbdt_prediction.cpp]
[num_class: 1]
[is_unbalance: 0]
[scale_pos_weight: 1]
[sigmoid: 1]
[boost_from_average: 1]
[reg_sqrt: 0]
[alpha: 0.9]
[fair_c: 1]
[poisson_max_delta_step: 0.7]
[tweedie_variance_power: 1.5]
[max_position: 20]
[label_gain: ]
[metric_freq: 1]
[is_provide_training_metric: 0]
[eval_at: ]
[num_machines: 1]
[local_listen_port: 12400]
[time_out: 120]
[machine_list_filename: ]
[machines: ]
[gpu_platform_id: -1]
[gpu_device_id: -1]
[gpu_use_dp: 0]

end of parameters

pandas_categorical:[]
