tree
version=v2
num_class=1
num_tree_per_iteration=1
label_index=0
max_feature_idx=8
objective=binary sigmoid:1
feature_names=H25_age H25_sex H25_bmi H25_dbp H25_sbp H25_lhrate H25_a1c H25_dm H25_dl
feature_infos=[21:77] [1:2] [0:65.599999999999994] [0:145] [0:228] [0.097560975609756101:8.8461538461538485] [2.7999999999999998:15.300000000000001] [0:1] [0:1]
tree_sizes=718 731 732 729 733 734 733 737 743 735 741 734 738 742 738 744 740 737 734 736 741 740 735 737 743 741 743 739 736 742 738 733 739 738 739 737 747 738 733 740 742 741 724 742 728 737 728 732 728 738 727 738 728 731 730 736 743 734 723 735 749 726 746 737 736 730 743 736 733 720 735 745 726 736 721 741 738 744 740 737 722 730 733 742 735 736 736 717 740 723 725 738 728 725 732 723 735 714 727 723

Tree=0
num_leaves=8
num_cat=0
split_feature=4 3 3 0 0 3 8
split_gain=1594.37 263.727 236.768 117.368 88.8122 68.4305 58.0921
threshold=142.16666666666671 85.833333333333357 99.583333333333357 47.500000000000007 60.500000000000007 90.250000000000014 1.0000000180025095e-35
decision_type=8 10 10 2 2 8 2
left_child=1 4 3 -2 6 -5 -1
right_child=2 -3 -4 5 -6 -7 -8
leaf_value=-4.4313939553575725 -4.3234946981250637 -4.3269728882912117 -3.9046134046721397 -4.2280984621355699 -4.3432726678735651 -4.0517850283396477 -4.3588237789439095
leaf_count=51490 1032 6383 776 1211 2614 1170 2334
internal_value=0 -0.366062 5.39 4.17166 -0.56518 5.26317 -0.645279
internal_count=67010 62821 4189 3413 56438 2381 53824
shrinkage=1


Tree=1
num_leaves=8
num_cat=0
split_feature=3 4 7 4 2 0 0
split_gain=1153.1 241.124 109.609 93.316 66.4422 55.9384 49.0273
threshold=89.583333333333357 130.83333333333334 1.0000000180025095e-35 143.83333333333334 23.150000000000002 52.500000000000007 53.500000000000007
decision_type=8 10 2 10 8 2 2
left_child=1 6 5 -2 -5 -3 -1
right_child=3 2 -4 4 -6 -7 -8
leaf_value=-0.040025488258327857 0.11791177983300405 0.0062932912929473915 0.25831758815718525 0.12878909616080703 0.28465264313356115 0.071797161204821269 -0.0043309157399733077
leaf_count=40412 2255 7385 357 740 1701 4027 10133
internal_value=0 -0.373011 0.781799 3.83887 4.83109 0.605032 -0.65514
internal_count=67010 62314 11769 4696 2441 11412 50545
shrinkage=0.05


Tree=2
num_leaves=8
num_cat=0
split_feature=4 3 4 0 8 3 0
split_gain=914.746 174.739 77.5127 62.1234 61.6785 39.0437 32.3554
threshold=139.25000000000003 81.583333333333357 156.25000000000003 61.500000000000007 1.0000000180025095e-35 87.833333333333357 35.500000000000007
decision_type=8 10 10 2 2 10 2
left_child=1 3 6 -1 5 -3 -2
right_child=2 4 -4 -5 -6 -7 -8
leaf_value=-0.035792310107138535 -0.037496117681814899 0.00039773515156721741 0.22925476514993057 0.05242299384746462 0.13342264403074824 0.057902046082609154 0.1233535644153949
leaf_count=47888 210 7943 993 1554 890 3056 4476
internal_value=0 -0.397517 2.86207 -0.651875 0.564127 0.365177 2.33909
internal_count=67010 61331 5679 49442 11889 10999 4686
shrinkage=0.05


Tree=3
num_leaves=8
num_cat=0
split_feature=4 3 3 0 5 6 8
split_gain=751.903 126.604 106.434 60.2952 58.9893 56.479 33.778
threshold=137.83333333333334 83.833333333333357 92.833333333333357 60.500000000000007 3.6476034858387809 6.2500000000000009 1.0000000180025095e-35
decision_type=8 10 10 2 8 10 2
left_child=1 3 5 6 -4 -2 -1
right_child=2 -3 4 -5 -6 -7 -8
leaf_value=-0.037614638270888269 0.051130741224963118 0.030888338763139241 0.13638453705600093 0.037368433378367573 0.31675104274731036 0.18325912379338474 0.021613670561313407
leaf_count=47633 4871 7229 2286 2262 197 498 2034
internal_value=0 -0.445387 2.09936 -0.622311 3.13168 1.33618 -0.698103
internal_count=67010 59158 7852 51929 2483 5369 49667
shrinkage=0.05


Tree=4
num_leaves=8
num_cat=0
split_feature=3 4 4 0 0 2 2
split_gain=631.117 131.935 57.223 56.1824 51.2631 40.4361 34.027
threshold=87.833333333333357 132.83333333333334 143.83333333333334 52.500000000000007 53.500000000000007 27.750000000000004 29.550000000000004
decision_type=8 10 10 2 2 10 10
left_child=1 4 -2 6 -1 -6 -3
right_child=2 3 -4 -5 5 -7 -8
leaf_value=-0.038256639740704756 0.060729674857098785 -0.013046258235679295 0.12608670205567141 0.074218029558563214 -0.0090778216700907518 0.1078705969525422 0.092887592903781804
leaf_count=41488 4228 4568 2762 2868 9948 577 571
internal_value=0 -0.411355 1.91128 0.599962 -0.605613 -0.0338233 0.0138061
internal_count=67010 60020 6990 8007 52013 10525 5139
shrinkage=0.05


Tree=5
num_leaves=8
num_cat=0
split_feature=4 3 3 7 8 0 2
split_gain=543.514 96.1232 67.5148 55.9461 44.4363 39.9575 29.6492
threshold=133.83333333333334 89.833333333333357 77.833333333333357 1.0000000180025095e-35 1.0000000180025095e-35 61.500000000000007 24.850000000000005
decision_type=8 8 10 2 2 2 8
left_child=2 3 -1 -2 5 -4 -3
right_child=1 6 4 -5 -6 -7 -8
leaf_value=-0.036764188477721664 0.026448370218299707 0.069860514319806805 -0.013091986085299174 0.17684561705156035 0.084757379458250043 0.096294376471545706 0.1261436527422731
leaf_count=40061 8203 1960 13010 268 968 564 1976
internal_value=0 1.30347 -0.517655 0.693688 0.0137662 -0.14035 2.0053
internal_count=67010 12407 54603 8471 14542 13574 3936
shrinkage=0.05


Tree=6
num_leaves=8
num_cat=0
split_feature=4 3 0 0 2 2 3
split_gain=474.582 100.638 53.9726 45.4462 35.3773 29.6998 24.924
threshold=130.83333333333334 87.833333333333357 52.500000000000007 49.500000000000007 27.750000000000004 29.550000000000004 100.83333333333336
decision_type=8 8 2 2 10 10 10
left_child=2 3 -1 5 -4 -2 -3
right_child=1 6 4 -5 -6 -7 -8
leaf_value=-0.038208680722902955 -0.022966924445825317 0.068960606468703944 -0.0087627007218635446 0.047276943258032868 0.08855424808681428 0.073577019906153951 0.12311021721282389
leaf_count=38765 4664 5130 11556 4914 705 566 710
internal_value=0 1.02788 -0.572135 0.411578 -0.0360389 -0.195977 1.60114
internal_count=67010 15984 51026 10144 12261 5230 5840
shrinkage=0.05


Tree=7
num_leaves=8
num_cat=0
split_feature=4 4 0 2 0 6 3
split_gain=419.589 81.0314 52.2295 29.9982 28.2425 25.9794 28.5743
threshold=130.83333333333334 142.16666666666671 52.500000000000007 27.750000000000004 47.500000000000007 5.8500000000000005 87.833333333333357
decision_type=8 8 2 10 2 10 10
left_child=2 5 -1 -4 -3 6 -2
right_child=1 4 3 -5 -6 -7 -8
leaf_value=-0.037721357753470054 -0.0008704875484037898 0.036355134197121226 -0.00840084575780649 0.078069901019651139 0.090996825305701495 0.064317912420899487 0.047051166419590555
leaf_count=38765 7541 1270 11556 705 2919 1885 2369
internal_value=0 0.929606 -0.559451 -0.0340246 1.53352 0.479563 0.291657
internal_count=67010 15984 51026 12261 4189 11795 9910
shrinkage=0.05


Tree=8
num_leaves=8
num_cat=0
split_feature=3 3 0 6 2 4 8
split_gain=374.971 65.9449 61.7654 43.1226 31.3945 25.8441 24.3219
threshold=81.583333333333357 93.250000000000014 52.500000000000007 6.1500000000000012 28.850000000000005 136.83333333333334 1.0000000180025095e-35
decision_type=8 10 2 10 10 10 2
left_child=2 3 -1 6 5 -4 -2
right_child=1 -3 4 -5 -6 -7 -8
leaf_value=-0.038568694673407802 0.013086676498280297 0.076062466578332294 -0.011758843009146557 0.089059140922381985 0.10290465103460621 0.063278244023698638 0.075935096431821003
leaf_count=38360 12008 2781 10786 1182 401 632 860
internal_value=0 0.841361 -0.552445 0.531631 0.0190915 -0.0920822 0.371862
internal_count=67010 16831 50179 14050 11819 11418 12868
shrinkage=0.05


Tree=9
num_leaves=8
num_cat=0
split_feature=4 4 0 4 0 2 6
split_gain=339.159 52.6962 48.8469 26.4552 21.4685 26.1015 20.8245
threshold=130.83333333333334 142.16666666666671 52.500000000000007 117.25000000000001 61.500000000000007 28.550000000000004 6.2500000000000009
decision_type=8 8 2 10 2 8 8
left_child=2 4 -1 -4 5 -2 -3
right_child=1 6 3 -5 -6 -7 -8
leaf_value=-0.036799811867415752 0.0076270575577032209 0.049941023208363425 -0.025402324608929352 0.018270677687994705 0.082858050758730331 0.062084254350240231 0.095058012831618591
leaf_count=38765 9680 3178 5884 6377 635 1480 1011
internal_value=0 0.784375 -0.536299 -0.0322936 0.420209 0.321871 1.23491
internal_count=67010 15984 51026 12261 11795 11160 4189
shrinkage=0.05


Tree=10
num_leaves=8
num_cat=0
split_feature=3 0 3 7 2 4 0
split_gain=306.997 57.6079 45.3192 33.3212 25.0705 20.5811 18.4187
threshold=81.583333333333357 52.500000000000007 89.583333333333357 1.0000000180025095e-35 28.850000000000005 136.83333333333334 61.500000000000007
decision_type=8 2 8 2 10 10 2
left_child=1 -1 3 -2 5 6 -3
right_child=2 4 -4 -5 -6 -7 -8
leaf_value=-0.037709397672134257 0.013233125205930755 -0.020101471998716983 0.055149442943424054 0.11090780300010689 0.086739018048603803 0.053080757480084076 0.031994971014200409
leaf_count=38360 11805 9364 4696 330 401 632 1422
internal_value=0 -0.529942 0.718593 0.367331 0.0157752 -0.089215 -0.224094
internal_count=67010 50179 16831 12135 11819 11418 10786
shrinkage=0.05


Tree=11
num_leaves=8
num_cat=0
split_feature=4 0 0 2 4 3 4
split_gain=276.685 45.5939 40.2314 29.8438 25.3255 24.6141 23.4681
threshold=130.83333333333334 52.500000000000007 47.500000000000007 33.750000000000007 168.33333333333334 85.833333333333357 117.25000000000001
decision_type=8 2 2 8 10 10 10
left_child=1 -1 5 4 -4 -2 -3
right_child=2 6 3 -5 -6 -7 -8
leaf_value=-0.035840780137817989 -0.022266430204440597 -0.024545757255119205 0.037228700300518724 0.14248679986504673 0.1125411826481614 0.026988492354377364 0.016760333735240131
leaf_count=38765 3483 5884 9711 225 200 2365 6377
internal_value=0 -0.512892 0.669592 0.893203 0.825145 0.147256 -0.0297516
internal_count=67010 51026 15984 10136 9911 5848 12261
shrinkage=0.05


Tree=12
num_leaves=8
num_cat=0
split_feature=3 2 0 3 4 0 6
split_gain=254.317 48.7449 45.8023 27.7374 19.2013 18.8284 17.7924
threshold=79.833333333333357 25.150000000000002 52.500000000000007 87.833333333333357 117.25000000000001 60.500000000000007 8.0500000000000025
decision_type=8 8 2 10 10 2 10
left_child=2 3 -1 -2 -4 -6 -3
right_child=1 6 4 -5 5 -7 -8
leaf_value=-0.039355140921514313 -0.0046184323150919825 0.04394613891407885 -0.023673810938688561 0.029975606450289401 -0.0005720649618268823 0.059637579977459991 0.12751216345013278
leaf_count=35455 9346 7698 5519 3895 3864 1032 201
internal_value=0 0.552013 -0.570152 0.24864 -0.0455913 0.328744 0.950611
internal_count=67010 21140 45870 13241 10415 4896 7899
shrinkage=0.05


Tree=13
num_leaves=8
num_cat=0
split_feature=3 4 0 8 2 0 4
split_gain=230.416 48.4934 45.9127 28.0876 21.9981 21.6419 17.5606
threshold=78.833333333333357 137.83333333333334 52.500000000000007 1.0000000180025095e-35 24.950000000000003 44.500000000000007 117.25000000000001
decision_type=8 8 2 2 8 2 10
left_child=2 3 -1 5 -3 -2 -4
right_child=1 4 6 -5 -6 -7 -8
leaf_value=-0.04052790959801477 -0.032680954852701803 0.023997834881780838 -0.02247399612577369 0.06087922096863993 0.055393476572908107 0.0091529600498607838 0.017362583528519653
leaf_count=34218 3507 3802 5411 1140 3234 11347 4351
internal_value=0 0.486863 -0.584926 0.134267 0.803834 0.00900329 -0.0380242
internal_count=67010 23030 43980 15994 7036 14854 9762
shrinkage=0.05


Tree=14
num_leaves=8
num_cat=0
split_feature=3 0 2 3 0 2 4
split_gain=209.405 44.5367 42.7761 27.3217 17.2963 17.7171 15.9941
threshold=78.833333333333357 52.500000000000007 25.150000000000002 87.833333333333357 44.500000000000007 33.750000000000007 117.25000000000001
decision_type=8 2 8 10 2 8 10
left_child=1 -1 3 -2 -4 -6 -3
right_child=2 6 4 -5 5 -7 -8
leaf_value=-0.040112124543091779 -0.0068493122052079459 -0.021850521534907599 0.0096886037960544884 0.026152845334669501 0.042137656314670237 0.10527939912495926 0.016231517225599106
leaf_count=34218 10671 5411 2036 3895 6040 388 4351
internal_value=0 -0.572503 0.452002 0.177216 0.803247 0.950407 -0.0364251
internal_count=67010 43980 23030 14566 8464 6428 9762
shrinkage=0.05


Tree=15
num_leaves=8
num_cat=0
split_feature=4 0 0 8 4 2 4
split_gain=191.373 39.0809 27.1834 24.0422 19.9266 17.3313 17.2113
threshold=130.83333333333334 53.500000000000007 47.500000000000007 1.0000000180025095e-35 117.25000000000001 23.850000000000005 168.33333333333334
decision_type=8 2 2 2 10 10 10
left_child=1 3 -2 -1 -3 -6 -4
right_child=2 4 6 -5 5 -7 -8
leaf_value=-0.035782144399390904 0.0042721821195746794 -0.023723145825061021 0.030714156954471716 0.03205680873371583 -0.0040904506278204673 0.045352378550306154 0.087424211651834796
leaf_count=39438 5848 4910 9935 1282 3248 2148 201
internal_value=0 -0.468567 0.507601 -0.656492 0.0201867 0.355574 0.677201
internal_count=67010 51026 15984 40720 10306 5396 10136
shrinkage=0.05


Tree=16
num_leaves=8
num_cat=0
split_feature=3 0 2 0 8 3 4
split_gain=178.492 38.3678 38.0749 24.6392 16.5255 20.4301 15.3941
threshold=77.833333333333357 52.500000000000007 25.150000000000002 47.500000000000007 1.0000000180025095e-35 92.833333333333357 132.83333333333334
decision_type=8 2 8 2 2 10 10
left_child=1 -1 3 -2 5 -4 -5
right_child=2 -3 4 6 -6 -7 -8
leaf_value=-0.040560856965366938 -0.018832522014923511 -0.0029914833338972346 0.015868807538636186 -0.0036902725427711311 0.070816979763980104 0.050321418303278534 0.025372766230160767
leaf_count=32681 5605 8989 6827 5951 947 1328 4682
internal_value=0 -0.583775 0.377189 0.128082 0.69457 0.581212 0.30693
internal_count=67010 41670 25340 16238 9102 8155 10633
shrinkage=0.05


Tree=17
num_leaves=8
num_cat=0
split_feature=3 0 2 3 0 8 3
split_gain=163.117 37.2817 32.5807 22.9141 16.468 13.2085 16.998
threshold=77.833333333333357 52.500000000000007 25.150000000000002 87.833333333333357 47.500000000000007 1.0000000180025095e-35 92.833333333333357
decision_type=8 2 8 10 2 2 8
left_child=1 -1 3 4 -2 6 -4
right_child=2 -3 5 -5 -6 -7 -8
leaf_value=-0.040149103519122625 -0.033236906826229755 -0.0028518617994736121 0.014769239948754257 0.021626317838962766 0.0033808207916661013 0.063195288831984775 0.045651702212430159
leaf_count=32681 4581 8989 6812 3895 7762 947 1343
internal_value=0 -0.57133 0.352172 0.120792 -0.147455 0.639658 0.53793
internal_count=67010 41670 25340 16238 12343 9102 8155
shrinkage=0.05


Tree=18
num_leaves=8
num_cat=0
split_feature=3 0 2 3 6 2 4
split_gain=149.155 36.1856 28.0048 21.196 14.3163 12.3477 12.346
threshold=77.833333333333357 52.500000000000007 25.150000000000002 83.833333333333357 6.9500000000000011 20.450000000000003 136.83333333333334
decision_type=8 2 8 10 10 10 10
left_child=1 -1 3 4 -2 -5 -3
right_child=2 6 -4 5 -6 -7 -8
leaf_value=-0.039726015171956064 -0.0177816095073303 -0.0080850006133022703 0.0295323645463508 -0.014455560429177366 0.090420240500601198 0.020897296622625253 0.055059181461854192
leaf_count=32681 8357 8685 9102 1283 127 6471 304
internal_value=0 -0.558814 0.329208 0.113916 -0.283381 0.307298 -0.0543677
internal_count=67010 41670 25340 16238 8484 7754 8989
shrinkage=0.05


Tree=19
num_leaves=8
num_cat=0
split_feature=3 4 0 8 0 0 6
split_gain=136.561 31.5839 28.5668 22.8127 23.6008 29.2618 22.1578
threshold=76.833333333333357 137.83333333333334 52.500000000000007 1.0000000180025095e-35 61.500000000000007 62.500000000000007 5.6500000000000012
decision_type=8 10 2 2 2 2 8
left_child=2 3 -1 4 -2 6 -6
right_child=1 -3 -4 -5 5 -7 -8
leaf_value=-0.039536090467820584 -0.0078063931407147211 0.026580974206999494 -0.0051824808712938215 0.043765740256218252 0.010062467604296818 0.00049767427898825972 0.209456761338395
leaf_count=31231 17933 7298 8371 1401 122 506 148
internal_value=0 0.294038 -0.571761 0.0397643 -0.067537 1.10349 2.77674
internal_count=67010 27408 39602 20110 18709 776 270
shrinkage=0.05


Tree=20
num_leaves=8
num_cat=0
split_feature=3 0 4 8 0 0 2
split_gain=125.324 27.7789 27.3902 19.7908 20.9199 19.0674 16.972
threshold=76.833333333333357 52.500000000000007 139.25000000000003 1.0000000180025095e-35 61.500000000000007 62.500000000000007 34.750000000000007
decision_type=8 2 10 2 2 2 10
left_child=1 -1 3 4 6 -6 -2
right_child=2 -3 -4 -5 5 -7 -8
leaf_value=-0.03909726991975767 -0.0068761050563713793 -0.0049515605560418374 0.026468361070391147 0.038949609714326122 0.10931467549411855 0.0077265210432404686 0.09593104609018116
leaf_count=31231 19387 8371 5417 1553 298 586 167
internal_value=0 -0.559259 0.275942 0.0717172 -0.0231718 0.972023 -0.103404
internal_count=67010 39602 27408 21991 20438 884 19554
shrinkage=0.05


Tree=21
num_leaves=8
num_cat=0
split_feature=3 0 2 0 4 2 0
split_gain=115.053 26.9787 24.7686 21.6394 12.2421 11.8001 11.5233
threshold=76.833333333333357 52.500000000000007 25.150000000000002 47.500000000000007 132.83333333333334 29.050000000000004 42.500000000000007
decision_type=8 2 8 2 10 10 2
left_child=1 -1 3 -2 -5 -3 -4
right_child=2 5 6 4 -6 -7 -8
leaf_value=-0.038647037779806825 -0.020142669928475725 -0.0090272363993477295 -0.0067139803434741185 -0.0051779228761297293 0.01954576097304141 0.070445151591244842 0.028513175795218851
leaf_count=31231 6273 8166 1376 6705 4794 205 8260
internal_value=0 -0.5467 0.259241 0.0634695 0.220442 -0.0945973 0.495435
internal_count=67010 39602 27408 17772 11499 8371 9636
shrinkage=0.05


Tree=22
num_leaves=8
num_cat=0
split_feature=3 0 4 2 0 5 5
split_gain=105.477 26.2002 22.3485 18.9013 17.4191 14.9733 14.2944
threshold=76.833333333333357 52.500000000000007 137.83333333333334 34.150000000000013 42.500000000000007 3.6476034858387809 3.1195238095238098
decision_type=8 2 10 10 2 8 8
left_child=1 -1 3 4 -2 -4 -5
right_child=2 -3 5 6 -6 -7 -8
leaf_value=-0.038185430086625054 -0.040420309882170852 -0.0044896512628073348 0.018009339417659066 0.14663033146128313 0.0037836570456675185 0.057719871383770709 -0.028708999138561314
leaf_count=31231 2602 8371 6741 134 17312 557 62
internal_value=0 -0.534009 0.24322 0.0279554 -0.0105087 0.434644 1.94179
internal_count=67010 39602 27408 20110 19914 7298 196
shrinkage=0.05


Tree=23
num_leaves=8
num_cat=0
split_feature=3 0 2 0 6 4 5
split_gain=96.8222 25.3803 20.5686 18.9265 10.7658 10.0724 9.57178
threshold=76.833333333333357 52.500000000000007 25.150000000000002 47.500000000000007 6.5500000000000007 132.83333333333334 3.8240454076367394
decision_type=8 2 8 2 10 10 10
left_child=1 -1 3 -2 -3 -5 -7
right_child=2 4 -4 5 -6 6 -8
leaf_value=-0.03771250406993968 -0.019595108865399287 -0.0090601751027903858 0.021947287883674779 -0.0051160118867234284 0.058177453442175932 0.014591374628333735 0.081679490473248018
leaf_count=31231 6273 8003 9636 6705 368 4667 127
internal_value=0 -0.521376 0.228673 0.050126 -0.085734 0.193365 0.34388
internal_count=67010 39602 27408 17772 8371 11499 4794
shrinkage=0.05


Tree=24
num_leaves=8
num_cat=0
split_feature=4 2 0 0 0 8 2
split_gain=89.1735 29.8551 17.6232 16.6056 12.8027 11.6314 11.2842
threshold=130.83333333333334 23.950000000000003 50.500000000000007 55.500000000000007 47.500000000000007 1.0000000180025095e-35 33.750000000000007
decision_type=8 10 2 2 2 2 8
left_child=1 3 -3 -1 5 -2 -6
right_child=4 2 -4 -5 6 -7 -8
leaf_value=-0.036052832124263141 -0.0036355686859945013 -0.017267016176230537 0.020235335574586674 -0.004216853196202036 0.018081490679074615 0.058289027568374091 0.066994208497155747
leaf_count=31599 5611 9482 4988 4957 9911 237 225
internal_value=0 -0.373599 0.0256714 -0.580133 0.297719 0.0128997 0.400712
internal_count=67010 51026 14470 36556 15984 5848 10136
shrinkage=0.05


Tree=25
num_leaves=8
num_cat=0
split_feature=3 0 0 8 2 3 2
split_gain=83.356 23.9065 17.4393 16.8638 14.7382 10.4918 10.1795
threshold=76.833333333333357 52.500000000000007 44.500000000000007 1.0000000180025095e-35 25.250000000000004 83.833333333333357 34.550000000000004
decision_type=8 2 2 2 8 10 10
left_child=1 -1 3 -2 5 -4 -6
right_child=2 -3 4 -5 6 -7 -8
leaf_value=-0.036854152886411549 -0.015838173340178025 -0.0039640137422343163 -0.0083192172852703562 0.074221910781426412 0.021343746190459187 0.012987428486184803 0.071833868382711968
leaf_count=31231 5966 8371 7631 179 6800 6621 211
internal_value=0 -0.499229 0.205658 -0.205689 0.281411 0.124549 0.481503
internal_count=67010 39602 27408 6145 21263 14252 7011
shrinkage=0.05


Tree=26
num_leaves=8
num_cat=0
split_feature=4 0 6 3 2 8 4
split_gain=78.6425 25.9335 19.5132 14.9973 14.8942 14.5652 13.1238
threshold=118.33333333333336 44.500000000000007 6.3500000000000005 89.583333333333357 29.050000000000004 1.0000000180025095e-35 155.16666666666671
decision_type=8 2 10 8 8 2 8
left_child=-1 5 3 4 6 -2 -3
right_child=1 2 -4 -5 -6 -7 -8
leaf_value=-0.030259331329910502 -0.019241346962344003 -0.0034916620462324566 0.040325225931173173 0.020194525523615624 0.037033208431757531 0.059349259112499192 0.07827679443033507
leaf_count=30053 9987 19919 1721 3582 1374 260 114
internal_value=0 0.158589 0.249917 0.182084 0.0366748 -0.294412 -0.0381426
internal_count=67010 36957 26710 24989 21407 10247 20033
shrinkage=0.05


Tree=27
num_leaves=8
num_cat=0
split_feature=4 0 6 3 3 0 0
split_gain=72.745 23.3031 16.6678 14.0355 13.39 13.5425 22.6893
threshold=118.33333333333336 44.500000000000007 6.3500000000000005 85.833333333333357 87.833333333333357 61.500000000000007 62.500000000000007
decision_type=8 2 10 10 8 2 2
left_child=-1 3 4 -2 5 -3 -7
right_child=1 2 -4 -5 -6 6 -8
leaf_value=-0.029644583471150357 -0.030572389451721877 -0.0039051459368614188 0.036986406373298274 0.0063220759394620081 0.017210360769392148 0.09575522014893445 -6.3857461781454948e-05
leaf_count=30053 8584 18488 1721 1663 5304 368 829
internal_value=0 0.149804 0.235015 -0.283601 0.171795 0.00620036 0.672157
internal_count=67010 36957 26710 10247 24989 19685 1197
shrinkage=0.05


Tree=28
num_leaves=8
num_cat=0
split_feature=4 0 2 3 0 0 6
split_gain=67.2482 20.9984 14.7659 13.1848 13.0967 15.3148 12.3878
threshold=118.33333333333336 44.500000000000007 21.450000000000003 85.833333333333357 61.500000000000007 62.500000000000007 6.3500000000000005
decision_type=8 2 8 10 2 2 10
left_child=-1 3 4 -2 -3 -6 -4
right_child=1 2 6 -5 5 -7 -8
leaf_value=-0.029024812298438493 -0.029963793975150751 -0.015140187930207992 0.011514514710318963 0.0059779081686016549 0.11336739904434406 -0.0031438827182591932 0.03660925390178045
leaf_count=30053 8584 5462 19230 1663 127 314 1577
internal_value=0 0.141407 0.221082 -0.273645 -0.154204 0.828079 0.294848
internal_count=67010 36957 26710 10247 5903 441 20807
shrinkage=0.05


Tree=29
num_leaves=8
num_cat=0
split_feature=3 0 2 0 2 3 4
split_gain=62.4678 18.6588 13.8441 14.9312 11.0889 10.3235 8.80074
threshold=75.833333333333357 52.500000000000007 24.950000000000003 47.500000000000007 29.050000000000004 93.833333333333357 168.33333333333334
decision_type=8 2 8 2 10 10 10
left_child=1 -1 3 5 -3 -2 -4
right_child=2 4 6 -5 -6 -7 -8
leaf_value=-0.035559255275732962 -0.028856851721287838 -0.0091782665820227365 0.013712984905971313 0.0065913091020813651 0.067365546447467464 0.01949706882044043 0.053215949612077186
leaf_count=29581 6544 7524 10734 11966 188 334 139
internal_value=0 -0.480856 0.159862 0.00978911 -0.0846534 -0.393984 0.316406
internal_count=67010 37293 29717 18844 7712 6878 10873
shrinkage=0.05


Tree=30
num_leaves=8
num_cat=0
split_feature=4 0 2 8 3 0 0
split_gain=58.5585 19.8746 13.4554 13.1009 11.5071 11.5027 12.2036
threshold=117.25000000000001 44.500000000000007 21.450000000000003 1.0000000180025095e-35 93.833333333333357 61.500000000000007 62.500000000000007
decision_type=8 2 8 2 10 2 2
left_child=-1 3 5 4 -2 -3 -7
right_child=1 2 -4 -5 -6 6 -8
leaf_value=-0.029272680446382968 -0.027370537049645358 -0.014924088671818509 0.013309397008162166 0.054609403280400273 0.014260558292742193 0.096790602714266094 -0.003633565332394366
leaf_count=28240 10221 5799 21612 271 413 134 320
internal_value=0 0.121805 0.197414 -0.280816 -0.370296 -0.15803 0.738652
internal_count=67010 38770 27865 10905 10634 6253 454
shrinkage=0.05


Tree=31
num_leaves=8
num_cat=0
split_feature=4 0 2 3 5 0 3
split_gain=54.1993 17.9192 12.8746 12.4328 12.1715 10.9413 19.9502
threshold=117.25000000000001 44.500000000000007 34.550000000000004 85.833333333333357 3.201694915254238 60.500000000000007 87.833333333333357
decision_type=8 2 10 10 8 2 10
left_child=-1 3 5 -2 -4 6 -3
right_child=1 2 4 -5 -6 -7 -8
leaf_value=-0.028651604472385791 -0.029586400954966216 -0.0050179703050968688 0.090628632768584683 0.0053736731800861602 -0.012908811027584051 0.025585954044001821 0.01566160012872567
leaf_count=28240 9235 19992 185 1670 69 2525 5094
internal_value=0 0.115165 0.185948 -0.270574 1.177 0.162133 0.104078
internal_count=67010 38770 27865 10905 254 27611 25086
shrinkage=0.05


Tree=32
num_leaves=8
num_cat=0
split_feature=4 0 3 8 2 6 0
split_gain=50.141 16.2015 11.846 14.7652 11.6716 10.1065 9.86035
threshold=117.25000000000001 44.500000000000007 82.833333333333357 1.0000000180025095e-35 21.450000000000003 6.3500000000000005 61.500000000000007
decision_type=8 2 10 2 8 10 2
left_child=-1 2 -2 -4 6 -6 -3
right_child=1 4 3 -5 5 -7 -8
leaf_value=-0.028026573650379073 -0.03288895736811772 -0.014537083567184706 -0.0059713771529645151 0.08218769511862227 0.0090469906655297524 0.030929233094728305 0.032500139622024408
leaf_count=28240 8193 5799 2604 108 19999 1613 454
internal_value=0 0.108876 -0.260916 0.0353565 0.175322 0.23814 -0.156613
internal_count=67010 38770 10905 2712 27865 21612 6253
shrinkage=0.05


Tree=33
num_leaves=8
num_cat=0
split_feature=3 0 2 0 2 3 0
split_gain=46.7325 17.6209 10.4887 11.8361 9.09028 8.87735 8.25678
threshold=75.833333333333357 52.500000000000007 24.950000000000003 47.500000000000007 29.050000000000004 93.833333333333357 66.500000000000014
decision_type=8 2 8 2 10 10 2
left_child=1 -1 3 5 6 -2 -3
right_child=2 4 -4 -5 -6 -7 -8
leaf_value=-0.033930178873320498 -0.02752852629349839 -0.011453882783575099 0.013219702826675415 0.0052699974046921559 0.060018744424465503 0.016977177494366263 0.0629964664373064
leaf_count=29581 6544 7321 10873 11966 188 334 203
internal_value=0 -0.43781 0.131462 0.000413631 -0.0511279 -0.368981 -0.147568
internal_count=67010 37293 29717 18844 7712 6878 7524
shrinkage=0.05


Tree=34
num_leaves=8
num_cat=0
split_feature=4 0 3 8 2 5 0
split_gain=43.6214 13.7569 10.7747 12.7167 10.3914 9.81223 8.75011
threshold=117.25000000000001 44.500000000000007 82.833333333333357 1.0000000180025095e-35 34.550000000000004 3.201694915254238 60.500000000000007
decision_type=8 2 10 2 10 8 2
left_child=-1 2 -2 -4 6 -6 -3
right_child=1 4 3 -5 5 -7 -8
leaf_value=-0.026905167366706589 -0.031957588697725761 0.0042431060572379227 -0.0058411759142739279 0.073656434482510774 0.077427415787690398 -0.013461397536168724 0.022109432995740572
leaf_count=28240 8193 25086 2604 108 185 69 2525
internal_value=0 0.0986799 -0.246339 0.0314479 0.158682 1.01794 0.136993
internal_count=67010 38770 10905 2712 27865 254 27611
shrinkage=0.05


Tree=35
num_leaves=8
num_cat=0
split_feature=4 6 0 2 4 5 4
split_gain=40.3272 12.6383 13.2449 9.89272 9.6479 9.96151 8.80258
threshold=117.25000000000001 8.4500000000000011 44.500000000000007 21.450000000000003 139.25000000000003 3.6880122950819678 168.33333333333334
decision_type=8 10 2 8 10 8 10
left_child=-1 2 4 -4 -2 -6 -5
right_child=1 -3 3 6 5 -7 -8
leaf_value=-0.026272863444908885 -0.025352544214368711 0.053394261463662156 -0.0086906252692626248 0.0080947039762689979 -0.0047520382508356319 0.06394919345956554 0.042855352687534681
leaf_count=28240 9813 307 6231 21192 909 140 178
internal_value=0 0.0934313 0.0738184 0.132793 -0.268997 0.14887 0.19041
internal_count=67010 38770 38463 27601 10862 1049 21370
shrinkage=0.05


Tree=36
num_leaves=8
num_cat=0
split_feature=3 0 3 6 0 3 2
split_gain=37.6013 16.6166 9.00205 9.03397 8.33143 8.14829 7.62277
threshold=75.833333333333357 52.500000000000007 100.83333333333336 5.6500000000000012 45.500000000000007 82.833333333333357 29.050000000000004
decision_type=8 2 10 10 2 10 10
left_child=1 -1 3 4 5 -2 -3
right_child=2 6 -4 -5 -6 -7 -8
leaf_value=-0.032653830798383555 -0.038733375491157712 -0.0062090275762429932 0.023431618574062611 0.012429912794381263 0.0027841466283306214 -0.0037003658707031534 0.054043043245921719
leaf_count=29581 4257 7524 712 7315 14706 2727 188
internal_value=0 -0.406369 0.114123 0.0723445 -0.0213106 -0.322843 -0.0310411
internal_count=67010 37293 29717 29005 21690 6984 7712
shrinkage=0.05


Tree=37
num_leaves=8
num_cat=0
split_feature=4 6 0 2 2 4 5
split_gain=35.0098 10.6689 11.2252 8.68779 8.67834 8.554 8.38894
threshold=117.25000000000001 8.5500000000000025 44.500000000000007 21.450000000000003 24.650000000000002 139.25000000000003 3.6880122950819678
decision_type=8 10 2 8 10 10 8
left_child=4 2 5 -4 -1 -2 -7
right_child=1 -3 3 -5 -6 6 -8
leaf_value=-0.031161415534730494 -0.024269156642092615 0.050023149839970998 -0.008416250020873357 0.008674397738738111 0.0048146486808225142 -0.0047222490139871556 0.056784778802504959
leaf_count=24230 9816 283 6232 21389 4010 909 141
internal_value=0 0.0847712 0.067262 0.120419 -0.50284 -0.252726 0.135081
internal_count=67010 38770 38487 27621 28240 10866 1050
shrinkage=0.05


Tree=38
num_leaves=8
num_cat=0
split_feature=3 0 6 3 5 2 5
split_gain=32.3493 13.381 8.74043 12.6627 10.195 11.2932 8.99829
threshold=73.166666666666671 56.500000000000007 5.6500000000000012 93.250000000000014 3.5747340425531924 31.850000000000005 4.4301948051948061
decision_type=8 2 10 10 8 8 10
left_child=1 -1 3 -2 -5 6 -6
right_child=2 -3 -4 4 5 -7 -8
leaf_value=-0.029143311271721775 -0.0051067363905617493 0.0078040623531937525 0.012613246317175593 0.0090691057295031827 0.099327552554285325 -0.037809847787934711 -0.017130610439934565
leaf_count=29742 23865 3022 8465 1771 103 21 21
internal_value=0 -0.427698 0.0927742 0.00737453 0.282681 1.14186 1.57066
internal_count=67010 32764 34246 25781 1916 145 124
shrinkage=0.05


Tree=39
num_leaves=8
num_cat=0
split_feature=4 6 0 4 6 2 5
split_gain=30.4486 11.1446 10.3775 16.393 11.7609 8.93557 10.1652
threshold=117.25000000000001 11.850000000000003 53.500000000000007 145.25000000000003 8.8500000000000032 25.150000000000002 2.3660254208175888
decision_type=8 10 2 10 8 8 8
left_child=-1 2 3 5 -5 -2 -7
right_child=1 -3 -4 4 -6 6 -8
leaf_value=-0.024036830119054761 -0.016772801595936662 0.12112774297463239 0.010726475804873493 0.0072202444119983528 0.052030279969035788 0.019835622285233338 -0.0093742370868886895
leaf_count=28240 17921 27 10611 1603 266 3148 5194
internal_value=0 0.0771052 0.0699425 -0.0367122 0.282059 -0.168923 0.0261671
internal_count=67010 38770 38743 28132 1869 26263 8342
shrinkage=0.05


Tree=40
num_leaves=8
num_cat=0
split_feature=4 6 0 3 2 0 2
split_gain=28.1088 10.3197 9.68279 15.4687 15.2235 12.8089 8.51076
threshold=117.25000000000001 11.950000000000001 60.500000000000007 87.833333333333357 29.050000000000004 62.500000000000007 24.650000000000002
decision_type=8 10 2 10 10 2 10
left_child=6 2 3 4 -2 -4 -1
right_child=1 -3 5 -5 -6 -7 -8
leaf_value=-0.029697009869495739 -0.01136217204911249 0.11442742043590459 0.038368590138900427 0.0091877036229129332 0.022052933172786119 -0.000302603777655967 0.0065633059179028208
leaf_count=24230 27683 25 1253 6334 2190 1285 4010
internal_value=0 0.0732015 0.0662034 0.0204687 -0.139911 0.380423 -0.468107
internal_count=67010 38770 38745 36207 29873 2538 28240
shrinkage=0.05


Tree=41
num_leaves=8
num_cat=0
split_feature=3 0 8 4 5 0 2
split_gain=26.099 12.3391 7.38446 11.1276 8.87419 7.781 7.32231
threshold=73.166666666666671 56.500000000000007 1.0000000180025095e-35 130.83333333333334 1.2180652680652684 53.500000000000007 28.150000000000002
decision_type=8 2 2 8 8 2 10
left_child=1 6 3 5 -4 -2 -1
right_child=2 -3 4 -5 -6 -7 -8
leaf_value=-0.030805807130033815 -0.01916266864711005 0.0080927262872294656 0.089220774686036855 0.006265075245132385 0.014353775889127141 0.0038026347148371158 0.024296983424894766
leaf_count=28664 13529 3022 122 13590 2224 4781 1078
internal_value=0 -0.396325 0.081012 0.0422224 0.375718 -0.190949 -0.554013
internal_count=67010 32764 34246 31900 2346 18310 29742
shrinkage=0.05


Tree=42
num_leaves=8
num_cat=0
split_feature=4 6 0 8 2 2 5
split_gain=24.1776 10.6486 8.88243 9.27418 8.14168 8.0507 7.75664
threshold=117.25000000000001 12.15 44.500000000000007 1.0000000180025095e-35 34.550000000000004 24.650000000000002 3.201694915254238
decision_type=8 10 2 2 8 10 10
left_child=5 2 3 -2 -4 -1 -6
right_child=1 -3 4 -5 6 -7 -8
leaf_value=-0.028628782681570854 -0.015815542342855798 0.1167660231219031 0.0041425015999977709 0.042912594522175128 0.05400337967413156 0.0068544710189262607 -0.017904672942157442
leaf_count=24230 10629 22 27420 271 342 4010 86
internal_value=0 0.0664123 0.0594083 -0.227383 0.104983 -0.444703 0.737965
internal_count=67010 38770 38748 10900 27848 28240 428
shrinkage=0.05


Tree=43
num_leaves=8
num_cat=0
split_feature=3 0 2 0 3 6 0
split_gain=22.5598 11.5331 6.73064 8.8193 6.66316 7.48646 7.45887
threshold=73.166666666666671 56.500000000000007 28.150000000000002 49.500000000000007 100.83333333333336 5.6500000000000012 45.500000000000007
decision_type=8 2 10 2 10 10 2
left_child=1 2 -1 -4 5 6 -2
right_child=4 -3 3 -5 -6 -7 -8
leaf_value=-0.029860623600234122 -0.016347008341823892 0.0080554066537225459 -0.027557809243380624 0.080320325068515663 0.018532244403315135 0.0096204980344089044 0.0012716815880449699
leaf_count=28664 8464 3022 870 208 712 8235 16835
internal_value=0 -0.375672 -0.534104 0.449016 0.074065 0.0394706 -0.0442553
internal_count=67010 32764 29742 1078 34246 33534 25299
shrinkage=0.05


Tree=44
num_leaves=8
num_cat=0
split_feature=4 6 0 3 2 0 4
split_gain=20.8726 9.49656 7.84868 12.4394 12.7728 10.8717 8.27543
threshold=117.25000000000001 12.15 60.500000000000007 87.833333333333357 29.050000000000004 62.500000000000007 158.33333333333334
decision_type=8 10 2 10 10 2 10
left_child=-1 2 3 4 6 -4 -2
right_child=1 -3 5 -5 -6 -7 -8
leaf_value=-0.021117361260864151 -0.011673751680607003 0.10728213081859571 0.033825453900309707 0.0078077882011468522 0.019401404647704051 -0.0012036853070155912 0.075717019584643816
leaf_count=28240 27632 22 1253 6337 2190 1285 51
internal_value=0 0.0604963 0.0537357 0.0122051 -0.133231 0.331526 -0.215581
internal_count=67010 38770 38748 36210 29873 2538 27683
shrinkage=0.05


Tree=45
num_leaves=8
num_cat=0
split_feature=3 0 8 4 0 5 4
split_gain=19.401 9.17726 7.33992 10.2598 8.44912 8.34165 7.02823
threshold=72.833333333333357 52.500000000000007 1.0000000180025095e-35 130.83333333333334 60.500000000000007 1.2464760770299785 137.83333333333334
decision_type=8 2 2 8 2 8 10
left_child=1 -1 3 4 -2 6 -4
right_child=2 -3 5 -5 -6 -7 -8
leaf_value=-0.029960754136121644 -0.014084327476997777 -0.001690059812762398 0.1267525972602262 0.0052596008371380565 0.020615927968140754 0.013175484447984068 0.0014745669320667936
leaf_count=24689 19069 5941 101 13784 1073 2317 36
internal_value=0 -0.37292 0.0642058 0.0256993 -0.193779 0.351487 1.62217
internal_count=67010 30630 36380 33926 20142 2454 137
shrinkage=0.05


Tree=46
num_leaves=8
num_cat=0
split_feature=4 6 2 0 8 2 5
split_gain=17.9523 8.53002 7.78469 7.00772 8.03525 6.70381 6.59906
threshold=117.25000000000001 12.15 24.650000000000002 44.500000000000007 1.0000000180025095e-35 34.550000000000004 3.201694915254238
decision_type=8 10 10 2 2 8 10
left_child=2 3 -1 4 -2 -5 -7
right_child=1 -3 -4 5 -6 6 -8
leaf_value=-0.026691348086912578 -0.014818619075067214 0.099221616945956936 0.0089250872174127336 0.0034003357305939954 0.03888746497673895 0.047489986246269093 -0.018080344902296645
leaf_count=24230 10629 22 4010 27420 271 342 86
internal_value=0 0.0552207 -0.399874 0.0486873 -0.209622 0.0882953 0.649156
internal_count=67010 38770 28240 38748 10900 27848 428
shrinkage=0.05


Tree=47
num_leaves=8
num_cat=0
split_feature=3 0 0 2 0 0 2
split_gain=16.7812 8.66823 6.5269 6.42459 6.6592 7.69237 5.16506
threshold=72.833333333333357 52.500000000000007 34.500000000000007 21.450000000000003 61.500000000000007 62.500000000000007 37.650000000000013
decision_type=8 2 2 8 2 2 8
left_child=1 -1 6 4 -4 -6 -2
right_child=2 -3 3 -5 5 -7 -8
leaf_value=-0.029015307852462358 -0.04281738123666573 -0.0012129728444477518 -0.013514818538263994 0.0056688574801722 0.067806604006363819 -0.0085980503677429414 0.046495216547428116
leaf_count=24689 1534 5941 7523 26864 132 289 38
internal_value=0 -0.352936 0.0588871 0.0727322 -0.167867 0.502064 -0.642802
internal_count=67010 30630 36380 34808 7944 421 1572
shrinkage=0.05


Tree=48
num_leaves=8
num_cat=0
split_feature=4 6 2 0 4 6 2
split_gain=15.5277 7.68929 7.28612 6.5364 11.3897 10.1317 7.78036
threshold=117.25000000000001 12.15 24.650000000000002 53.500000000000007 145.25000000000003 8.8500000000000032 21.050000000000004
decision_type=8 10 10 2 10 8 8
left_child=2 3 -1 4 -2 -6 -5
right_child=1 -3 -4 6 5 -7 -8
leaf_value=-0.025680893951194925 -0.007755585453622732 0.092119023494262223 0.0088993651777701608 -0.012034361333032885 0.0045017173794113467 0.044789994836515495 0.011036180242101392
leaf_count=24230 26267 22 4010 2081 1603 266 8531
internal_value=0 0.0504897 -0.378981 0.0441768 -0.0414863 0.216088 0.155369
internal_count=67010 38770 28240 38748 28136 1869 10612
shrinkage=0.05


Tree=49
num_leaves=8
num_cat=0
split_feature=3 0 8 4 0 0 6
split_gain=14.4453 8.14016 6.05795 8.60942 14.5787 9.57631 12.7829
threshold=72.833333333333357 52.500000000000007 1.0000000180025095e-35 133.83333333333334 61.500000000000007 62.500000000000007 5.9500000000000011
decision_type=8 2 2 8 2 2 8
left_child=1 -1 3 4 -2 6 -6
right_child=2 -3 -4 -5 5 -7 -8
leaf_value=-0.028041156687311344 -0.012026336152597607 -0.0007860217023629171 0.015544677044457753 0.005228641470188998 0.011055864275927084 0.0019517861126518944 0.13338881006291056
leaf_count=24689 22209 5941 2454 10832 189 591 105
internal_value=0 -0.333114 0.0537839 0.0185607 -0.150795 0.656331 1.42918
internal_count=67010 30630 36380 33926 23094 885 294
shrinkage=0.05


Tree=50
num_leaves=8
num_cat=0
split_feature=4 6 2 5 0 8 5
split_gain=13.3057 6.90814 6.86717 6.10228 5.62861 6.93315 5.87526
threshold=117.25000000000001 12.15 24.650000000000002 1.5187529301453353 44.500000000000007 1.0000000180025095e-35 2.1887840670859542
decision_type=8 10 10 10 2 2 8
left_child=2 4 -1 -4 5 -2 -7
right_child=1 -3 3 -5 -6 6 -8
leaf_value=-0.024644810843585357 -0.013919279526145059 0.08542978667074716 0.078551021751684977 -0.0021293298374059047 0.0037406358449955839 0.10343600811012064 0.0067667961957276965
leaf_count=24230 10629 22 430 3580 27848 63 208
internal_value=0 0.0460441 -0.357397 0.181881 0.0399542 -0.194288 0.702462
internal_count=67010 38770 28240 4010 38748 10900 271
shrinkage=0.05


Tree=51
num_leaves=8
num_cat=0
split_feature=3 0 0 2 0 0 2
split_gain=12.4744 7.64649 5.76376 5.13999 5.80512 6.33764 4.93384
threshold=72.833333333333357 52.500000000000007 34.500000000000007 21.450000000000003 61.500000000000007 62.500000000000007 37.650000000000013
decision_type=8 2 2 8 2 2 8
left_child=1 -1 6 4 -4 -6 -2
right_child=2 -3 3 -5 5 -7 -8
leaf_value=-0.027088751092382027 -0.042341649985104104 -0.00038227168271919623 -0.012688606962118452 0.0048964186495587796 0.059888824585224744 -0.0082830267914863753 0.044567495866821488
leaf_count=24689 1534 5941 7523 26864 132 289 38
internal_value=0 -0.314197 0.0495676 0.0621994 -0.155053 0.46035 -0.625197
internal_count=67010 30630 36380 34808 7944 421 1572
shrinkage=0.05


Tree=52
num_leaves=8
num_cat=0
split_feature=4 2 6 5 4 5 0
split_gain=11.4406 6.45171 6.24374 5.44675 5.42352 8.62709 6.90075
threshold=117.25000000000001 24.650000000000002 12.15 1.5187529301453353 168.33333333333334 1.4550505050505051 53.500000000000007
decision_type=8 10 10 10 10 10 2
left_child=1 -1 4 -3 6 -6 -2
right_child=2 3 -4 -5 5 -7 -8
leaf_value=-0.023642774705515832 -0.0036388836635229331 0.073207784417923943 0.079655658921746239 -0.0017109687911180294 -0.036686011510142946 0.034116820240916966 0.0066530692621875019
leaf_count=24230 27983 430 22 3580 47 230 10488
internal_value=0 -0.336988 0.0421969 0.183965 0.0363178 0.453106 0.0174186
internal_count=67010 28240 38770 4010 38748 277 38471
shrinkage=0.05


Tree=53
num_leaves=8
num_cat=0
split_feature=3 0 2 0 4 5 4
split_gain=10.7764 7.13648 5.43985 7.63046 7.21219 7.72674 8.67913
threshold=72.833333333333357 52.500000000000007 34.550000000000004 34.500000000000007 135.83333333333334 3.1195238095238098 128.83333333333334
decision_type=8 2 10 2 10 8 10
left_child=1 -1 3 -2 5 6 -4
right_child=2 -3 4 -5 -6 -7 -8
leaf_value=-0.026138345536018983 -0.041261453855817871 -7.2675068532165204e-05 -0.0053062849632835255 0.0021301635684318238 0.0097117280258165947 -0.025998887865900069 0.14901804524106707
leaf_count=24689 1504 5941 60 34441 245 62 68
internal_value=0 -0.296272 0.0455146 0.0289819 0.535303 1.53901 2.132
internal_count=67010 30630 36380 35945 435 190 128
shrinkage=0.05


Tree=54
num_leaves=8
num_cat=0
split_feature=4 8 0 5 2 6 5
split_gain=10.0009 15.8501 10.8543 9.58235 9.46564 9.84737 7.43852
threshold=130.83333333333334 1.0000000180025095e-35 60.500000000000007 1.2464760770299785 26.750000000000004 5.8500000000000005 2.060303030303031
decision_type=8 2 2 8 8 10 8
left_child=1 2 -1 -3 6 -6 -5
right_child=-2 3 -4 4 5 -7 -8
leaf_value=-0.015980331313984214 0.0040478123757874849 0.11832034715458205 0.015972231037790684 0.035795414213209899 0.099550354606010569 0.0011537436397621977 -0.0295735436247722
leaf_count=46874 15984 131 1972 581 280 205 983
internal_value=0 -0.157188 -0.240062 0.547287 0.347602 1.10116 -0.111868
internal_count=67010 51026 48846 2180 2049 485 1564
shrinkage=0.05


Tree=55
num_leaves=8
num_cat=0
split_feature=2 4 5 5 0 4 5
split_gain=9.63356 14.7945 10.3219 6.58978 6.50753 7.9682 6.01847
threshold=22.450000000000003 134.83333333333334 3.8240454076367394 1.6334983498349838 41.500000000000007 161.83333333333334 2.2932183908045976
decision_type=8 10 8 10 2 10 10
left_child=1 -1 3 -3 5 -2 -5
right_child=4 2 -4 6 -6 -7 -8
leaf_value=-0.020143240506852306 -0.027005622341247634 -0.011946939084258703 0.097787005541732322 0.029572239575010029 0.0046759211249898817 0.050325894952274422 -0.0059399834806800784
leaf_count=28812 5159 1391 69 1001 29889 38 651
internal_value=0 -0.181563 0.129425 0.0657146 0.0674415 -0.371364 0.30925
internal_count=67010 31924 3112 3043 35086 5197 1652
shrinkage=0.05


Tree=56
num_leaves=8
num_cat=0
split_feature=3 0 6 8 0 5 3
split_gain=8.76617 6.51503 4.87075 6.52268 8.18419 6.81273 6.71114
threshold=72.833333333333357 52.500000000000007 6.3500000000000005 1.0000000180025095e-35 46.500000000000007 2.5359730848861286 93.250000000000014
decision_type=8 2 10 2 2 8 8
left_child=1 -1 3 6 5 -5 -2
right_child=2 -3 -4 4 -6 -7 -8
leaf_value=-0.024844303108428983 -0.0050463573727917684 0.00040752161860187018 0.013695116894181583 0.10358863061008926 0.0079898556197719513 0.014780601169259137 0.0070251937273993195
leaf_count=24689 30019 5941 1888 163 1700 188 2422
internal_value=0 -0.27208 0.0406226 0.00972575 0.315215 1.17592 -0.0259282
internal_count=67010 30630 36380 34492 2051 351 32441
shrinkage=0.05


Tree=57
num_leaves=8
num_cat=0
split_feature=2 4 5 5 0 4 5
split_gain=8.3447 13.3786 9.027 5.91591 5.79399 7.24895 5.35254
threshold=22.450000000000003 134.83333333333334 3.8240454076367394 1.6334983498349838 41.500000000000007 161.83333333333334 2.4183932346723052
decision_type=8 10 8 10 2 10 10
left_child=1 -1 3 -3 5 -2 -5
right_child=4 2 -4 6 -6 -7 -8
leaf_value=-0.019289299144860966 -0.026254507050787142 -0.011509758673978592 0.089024596782055043 0.025793342621993638 0.0043318888855552948 0.046548402813830346 -0.0087750308253380406
leaf_count=28812 5159 1391 69 1125 29889 38 527
internal_value=0 -0.170375 0.122558 0.0615199 0.062425 -0.356811 0.289084
internal_count=67010 31924 3112 3043 35086 5197 1652
shrinkage=0.05


Tree=58
num_leaves=8
num_cat=0
split_feature=2 0 0 0 6 0 5
split_gain=7.66605 6.98283 6.46885 6.321 6.04313 5.34928 10.3121
threshold=21.450000000000003 34.500000000000007 61.500000000000007 62.500000000000007 12.15 53.500000000000007 1.1371206016653239
decision_type=8 2 2 2 10 2 10
left_child=2 -2 -1 -4 5 -3 -7
right_child=1 4 3 -5 -6 6 -8
leaf_value=-0.015012126392649134 -0.03303114974210624 -0.0013654713168415001 0.051818747260276014 -0.0085122833492488337 0.079427095468277253 0.052510611158209541 0.0057908564867082167
leaf_count=22612 2965 29827 232 509 21 491 10353
internal_value=0 0.0446359 -0.218157 0.359697 0.0599098 0.0535647 0.15843
internal_count=67010 43657 23353 741 40692 40671 10844
shrinkage=0.05


Tree=59
num_leaves=8
num_cat=0
split_feature=4 6 5 2 6 4 5
split_gain=7.39544 5.70609 8.61159 8.0305 5.02511 4.74545 6.36465
threshold=117.25000000000001 5.5500000000000007 2.1796312301930283 22.750000000000004 8.4500000000000011 168.33333333333334 1.4550505050505051
decision_type=8 10 8 10 10 10 10
left_child=1 -1 3 -3 5 -2 -7
right_child=4 2 -4 -5 -6 6 -8
leaf_value=-0.022697075885051873 9.9147354684160708e-05 0.0029263637286861066 -0.02564903054748896 0.079941300238637769 0.028915399124094479 -0.033951225252344591 0.029595595149011777
leaf_count=21395 38192 3178 2669 998 307 44 227
internal_value=0 -0.28238 0.114095 0.624487 0.0332186 0.0199285 0.409018
internal_count=67010 28240 6845 4176 38770 38463 271
shrinkage=0.05


Tree=60
num_leaves=8
num_cat=0
split_feature=2 0 3 6 3 0 3
split_gain=7.03077 9.89414 9.25637 5.38803 4.63382 5.32508 4.43368
threshold=25.850000000000005 47.500000000000007 88.833333333333357 6.2500000000000009 73.166666666666671 61.500000000000007 113.25000000000001
decision_type=8 2 10 10 10 2 10
left_child=1 2 -1 4 5 -3 -2
right_child=6 3 -4 -5 -6 -7 -8
leaf_value=-0.025175104277912447 0.0050946035006430093 -0.022201504639463483 0.0069897297046245498 0.019584543479452286 0.00085225676830012515 0.019966415747036365 0.043310038138868724
leaf_count=25893 12442 10969 901 1194 14856 703 52
internal_value=0 -0.0737244 -0.332205 0.00469457 -0.0323029 -0.305285 0.122868
internal_count=67010 54516 26794 27722 26528 11672 12494
shrinkage=0.05


Tree=61
num_leaves=8
num_cat=0
split_feature=2 6 0 3 2 5 5
split_gain=6.37905 5.33143 5.11491 8.47479 17.0502 8.61597 7.04741
threshold=20.850000000000005 12.15 53.500000000000007 85.833333333333357 34.050000000000004 3.1195238095238098 1.1371206016653239
decision_type=8 10 2 10 10 8 10
left_child=-1 2 3 4 -2 -6 -4
right_child=1 -3 6 -5 5 -7 -8
leaf_value=-0.011859619857716257 -0.01440518899455322 0.071653285380788287 0.040339702301360546 0.0040076693781791548 0.097008106166149147 -0.017787400523766338 0.0046093983819546795
leaf_count=18724 30432 22 592 5591 210 127 11312
internal_value=0 0.0342176 0.0285565 -0.0474087 -0.219943 1.27605 0.127941
internal_count=67010 48286 48264 36360 30769 337 11904
shrinkage=0.05


Tree=62
num_leaves=8
num_cat=0
split_feature=2 0 3 6 2 2 3
split_gain=6.06602 8.77766 8.4299 4.69685 4.31484 4.46971 4.13954
threshold=25.850000000000005 47.500000000000007 88.833333333333357 6.2500000000000009 25.450000000000003 21.150000000000002 73.166666666666671
decision_type=8 2 10 10 10 10 10
left_child=1 2 -1 6 5 -5 -3
right_child=-2 3 -4 4 -6 -7 -8
leaf_value=-0.024249106106641397 0.0056814361684737859 -0.014572747862322551 0.0065117082678808648 -0.020981671123925315 -0.025587350692145912 0.03279271750127831 0.00078548497141487327
leaf_count=25893 12494 11672 901 227 90 877 14856
internal_value=0 -0.0687885 -0.315881 0.00440877 0.361972 0.500768 -0.0305065
internal_count=67010 54516 26794 27722 1194 1104 26528
shrinkage=0.05


Tree=63
num_leaves=8
num_cat=0
split_feature=2 8 5 0 3 0 1
split_gain=5.5145 4.91923 8.77988 9.5498 8.36788 11.4161 7.89868
threshold=20.450000000000003 1.0000000180025095e-35 1.2085622710622712 55.500000000000007 83.833333333333357 60.500000000000007 1.5000000000000002
decision_type=8 2 8 2 8 2 2
left_child=-1 4 3 -3 5 -2 -7
right_child=1 2 -4 -5 -6 6 -8
leaf_value=-0.012527202567595081 -0.012877430690518469 -0.0033098149927522852 0.0084293260501467331 0.13467713687462618 0.0042618957207345319 0.029470291662774824 -0.024135839819257196
leaf_count=15821 35546 88 2975 52 10733 1385 410
internal_value=0 0.0280112 0.247955 1.53095 -0.00403093 -0.157425 0.345834
internal_count=67010 51189 3115 140 48074 37341 1795
shrinkage=0.05


Tree=64
num_leaves=8
num_cat=0
split_feature=2 0 3 6 3 1 4
split_gain=5.25566 7.85218 7.67354 4.05132 3.91679 6.81488 6.06975
threshold=25.850000000000005 47.500000000000007 88.833333333333357 6.2500000000000009 64.250000000000014 1.5000000000000002 110.33333333333336
decision_type=8 2 10 10 8 2 10
left_child=1 2 -1 -3 5 6 -2
right_child=4 3 -4 -5 -6 -7 -8
leaf_value=-0.023380278088367117 0.14308902290235889 -0.0014268796041840184 0.0060208144344128583 0.016639270353925664 0.0045322593094385697 -0.028099719057860087 -0.0018846734041330405
leaf_count=25893 303 26528 901 1194 11626 298 267
internal_value=0 -0.0644326 -0.3012 0.00425213 0.10519 1.04373 1.86216
internal_count=67010 54516 26794 27722 12494 868 570
shrinkage=0.05


Tree=65
num_leaves=8
num_cat=0
split_feature=2 6 2 5 5 0 3
split_gain=4.82953 4.75268 4.1722 4.38604 8.53079 7.30627 8.54524
threshold=20.450000000000003 12.15 41.750000000000007 2.5579159212880147 2.6821789321789322 56.500000000000007 96.583333333333357
decision_type=8 10 10 10 10 2 10
left_child=-1 2 3 -2 -5 -6 -7
right_child=1 -3 -4 4 5 6 -8
leaf_value=-0.011829448535778131 0.0039378463680700805 0.066101186316771782 0.058953269882149273 -0.027188388291547617 -0.0057754240263610491 0.0054456315301268862 0.055222993190205821
leaf_count=15821 34599 22 46 2346 12181 1907 88
internal_value=0 0.0261687 0.0208881 0.0156951 -0.084275 -0.0152383 0.293321
internal_count=67010 51189 51167 51121 16522 14176 1995
shrinkage=0.05


Tree=66
num_leaves=8
num_cat=0
split_feature=6 4 0 5 8 3 2
split_gain=4.73782 8.51735 7.97842 8.89819 8.7453 5.78741 7.31121
threshold=5.6500000000000012 132.83333333333334 53.500000000000007 1.1004587155963306 1.0000000180025095e-35 60.833333333333336 22.250000000000004
decision_type=10 8 2 8 2 10 10
left_child=1 2 4 -4 -1 -5 -7
right_child=-2 -3 3 5 -6 6 -8
leaf_value=-0.022049882450884517 0.0052518468065985225 0.0025019576957685469 0.058311071005700835 0.057898083166687722 0.028273064997796211 -0.02823466040786984 0.0055719133236041317
leaf_count=35289 13960 9497 580 524 874 2872 3414
internal_value=0 -0.0581225 -0.215548 0.038626 -0.369411 -0.0621136 -0.12609
internal_count=67010 53050 43553 7390 36163 6810 6286
shrinkage=0.05


Tree=67
num_leaves=8
num_cat=0
split_feature=3 0 8 5 0 5 4
split_gain=4.5376 4.89859 4.17852 8.14791 6.58664 5.81059 7.1001
threshold=67.833333333333357 52.500000000000007 1.0000000180025095e-35 1.2464760770299785 55.500000000000007 3.6880122950819678 146.25000000000003
decision_type=8 2 2 8 2 8 10
left_child=1 -1 5 4 -4 -2 -7
right_child=2 -3 3 -5 -6 6 -8
leaf_value=-0.027142814176046151 -0.0018135707735444874 0.004075555066262059 0.003564642887989375 0.0068561696470046743 0.10848406992601534 0.0016024589813860854 0.040863688226152217
leaf_count=15938 41873 3289 106 2760 66 2794 184
internal_value=0 -0.286821 0.0204543 0.220469 1.31511 -0.00837775 0.319548
internal_count=67010 19227 47783 2932 172 44851 2978
shrinkage=0.05


Tree=68
num_leaves=8
num_cat=0
split_feature=2 0 3 3 1 0 3
split_gain=4.337 6.55889 6.81238 3.80268 6.17069 5.58824 3.82819
threshold=25.850000000000005 47.500000000000007 88.833333333333357 64.250000000000014 1.5000000000000002 49.500000000000007 113.25000000000001
decision_type=8 2 10 8 2 2 10
left_child=1 2 -1 4 5 -2 -5
right_child=3 -3 -4 6 -6 -7 -8
leaf_value=-0.02212144632469339 -0.0022587543619439661 0.00017241342133953716 0.0057146780129663354 0.0030709682029730545 -0.027583572122780026 0.13447954004293422 0.037749371514291218
leaf_count=25893 417 27722 901 11574 298 153 52
internal_value=0 -0.0585678 -0.279116 0.0953811 1.01303 1.75895 0.0810761
internal_count=67010 54516 26794 12494 868 570 11626
shrinkage=0.05


Tree=69
num_leaves=8
num_cat=0
split_feature=4 0 5 6 5 6 2
split_gain=4.155 4.8869 6.31302 3.98649 4.43726 3.78062 3.72858
threshold=107.33333333333336 61.500000000000007 1.9431266846361188 5.1500000000000012 1.4873397435897437 12.15 41.750000000000007
decision_type=8 2 10 8 10 10 10
left_child=1 3 -3 4 -1 6 -2
right_child=5 2 -4 -5 -6 -7 -8
leaf_value=-0.03215833012972235 0.00029906744826111115 0.098446045407996716 -0.028130978736080364 -0.031845517232723081 0.054167385579983698 0.056416849064999434 0.054219682501032186
leaf_count=1036 54015 138 159 10416 1177 23 46
internal_value=0 -0.358359 0.824089 -0.480836 0.357462 0.0152484 0.0106692
internal_count=67010 12926 297 12629 2213 54084 54061
shrinkage=0.05


Tree=70
num_leaves=8
num_cat=0
split_feature=0 8 0 5 5 2 5
split_gain=3.99044 7.87231 7.53686 7.13619 7.11836 4.60974 4.5362
threshold=44.500000000000007 1.0000000180025095e-35 42.500000000000007 1.3705784436121518 2.8777999004479846 33.750000000000007 3.9417420814479649
decision_type=2 2 2 8 8 10 10
left_child=1 3 -3 -1 -4 -2 -7
right_child=5 2 4 -5 -6 6 -8
leaf_value=-0.046768197864953037 0.00065461554069789389 -0.025751602632133476 0.10525960930733676 -0.0075433090360937025 -0.0050225994578192512 0.030476184012967096 -0.038045007238976997
leaf_count=4915 44065 164 151 17258 87 341 29
internal_value=0 -0.181195 0.718239 -0.262873 1.33695 0.0288216 0.466632
internal_count=67010 22575 402 22173 238 44435 370
shrinkage=0.05


Tree=71
num_leaves=8
num_cat=0
split_feature=6 4 0 5 8 3 2
split_gain=3.7828 7.03622 6.83135 7.6931 7.66547 5.20219 7.63477
threshold=5.6500000000000012 132.83333333333334 53.500000000000007 1.1004587155963306 1.0000000180025095e-35 61.250000000000007 22.250000000000004
decision_type=10 8 2 8 2 10 10
left_child=1 2 4 -4 -1 -5 -7
right_child=-2 -3 3 5 -6 6 -8
leaf_value=-0.020773730062083409 0.0046809314030774084 0.0022706883693731738 0.052749751769359789 0.048884340283772268 0.025723847843839111 -0.029431050950438738 0.0055698699728557628
leaf_count=35289 13960 9497 580 637 874 2806 3367
internal_value=0 -0.0519701 -0.197457 0.0355778 -0.344456 -0.0604874 -0.128272
internal_count=67010 53050 43553 7390 36163 6810 6173
shrinkage=0.05


Tree=72
num_leaves=8
num_cat=0
split_feature=4 6 5 6 6 0 2
split_gain=3.5785 4.50332 5.21611 4.15918 3.42374 3.2973 3.37294
threshold=107.33333333333336 5.1500000000000012 1.4709263015551051 5.9500000000000011 12.15 29.500000000000004 41.750000000000007
decision_type=8 8 10 10 10 2 10
left_child=1 2 -1 -3 5 -2 -7
right_child=4 3 -4 -5 -6 6 -8
leaf_value=-0.031447249563927034 -0.035205747089187465 -0.031275744558690574 0.063060953425583932 0.032898871729736046 0.053013753799962288 0.00056716013177392254 0.051268374475410411
leaf_count=1017 1825 10185 1209 515 23 52193 43
internal_value=0 -0.337865 0.530473 -0.500262 0.0141006 0.00969141 0.015893
internal_count=67010 12926 2226 10700 54084 54061 52236
shrinkage=0.05


Tree=73
num_leaves=8
num_cat=0
split_feature=3 4 0 0 3 8 3
split_gain=3.47222 5.18309 4.89106 9.4723 7.0717 6.04491 7.26729
threshold=100.83333333333336 171.33333333333334 61.500000000000007 62.500000000000007 63.250000000000007 1.0000000180025095e-35 94.166666666666671
decision_type=10 10 2 2 8 2 8
left_child=1 2 5 -4 -5 -1 -7
right_child=-2 -3 3 4 -6 6 -8
leaf_value=-0.0048238631393169367 0.010258976852930465 0.045666978724550104 0.03339836111592967 0.073876683673604809 -0.0078477828988075485 0.014924345916654778 -0.03297116293472168
leaf_count=60586 712 51 787 166 1562 3048 98
internal_value=0 -0.021389 -0.0292758 0.212028 -0.0637927 -0.0583844 0.196522
internal_count=67010 66298 66247 2515 1728 63732 3146
shrinkage=0.05


Tree=74
num_leaves=8
num_cat=0
split_feature=2 5 4 5 4 6 5
split_gain=3.43852 4.18821 5.42799 4.66474 3.81821 3.55828 3.90575
threshold=20.450000000000003 1.9609116373822255 140.25000000000003 2.0351909184726527 148.16666666666671 12.15 2.5579159212880147
decision_type=8 8 8 8 10 10 10
left_child=1 -1 3 -3 -4 6 -2
right_child=5 2 4 -5 -6 -7 -8
leaf_value=-0.017311300721755504 0.0038511430783271976 0.051121800487220752 0.086156093726643013 -0.018191766492038044 0.0033591949906791618 0.055043585450743705 -0.0038254846037043665
leaf_count=12020 34620 445 66 3240 50 22 16547
internal_value=0 -0.203577 0.18435 -0.128593 1.00273 0.0223669 0.0176247
internal_count=67010 15821 3801 3685 116 51189 51167
shrinkage=0.05


Tree=75
num_leaves=8
num_cat=0
split_feature=2 3 0 6 0 5 0
split_gain=3.38175 5.28747 9.37903 6.27931 7.69871 5.82691 10.5556
threshold=25.850000000000005 83.833333333333357 61.500000000000007 5.3500000000000005 62.500000000000007 2.1036721898790867 52.500000000000007
decision_type=8 10 2 10 2 10 2
left_child=1 2 5 -4 -5 6 -1
right_child=-2 -3 3 4 -6 -7 -8
leaf_value=-0.019434245667357547 0.0042114035805745301 0.002121507545944873 -0.018872277758479807 0.069009766939721259 0.0082391224901527099 -0.023432948318404988 0.012131384906476465
leaf_count=23177 12494 8673 434 302 828 15460 5642
internal_value=0 -0.0515965 -0.169673 0.335691 0.605318 -0.256806 -0.10322
internal_count=67010 54516 45843 1564 1130 44279 28819
shrinkage=0.05


Tree=76
num_leaves=8
num_cat=0
split_feature=3 5 0 2 5 4 6
split_gain=3.10278 4.62777 3.95727 3.91221 5.87504 4.60232 6.05068
threshold=67.833333333333357 1.2651831817064176 49.500000000000007 27.750000000000004 2.060303030303031 114.25000000000001 5.5500000000000007
decision_type=8 8 2 10 8 8 10
left_child=1 -1 -3 4 5 6 -4
right_child=-2 2 3 -5 -6 -7 -8
leaf_value=-0.044632879101373403 0.00085381444629202465 -0.021334292320760763 0.0025969371372911703 0.061760708651653118 -0.026084891543666174 -0.017031328093780006 0.092618233350729426
leaf_count=3969 47783 10900 1166 143 1873 490 686
internal_value=0 -0.244044 -0.0944182 0.193033 0.0244614 0.528585 0.972389
internal_count=67010 19227 15258 4358 4215 2342 1852
shrinkage=0.05


Tree=77
num_leaves=8
num_cat=0
split_feature=2 5 4 5 6 0 4
split_gain=2.99599 4.9757 11.6667 8.06752 6.04682 5.36402 4.84331
threshold=24.950000000000003 3.7731560891938254 146.25000000000003 3.1397674418604655 6.2500000000000009 44.500000000000007 155.16666666666671
decision_type=8 8 10 10 10 2 10
left_child=1 3 -3 4 5 -1 -6
right_child=-2 2 -4 -5 6 -7 -8
leaf_value=-0.02061944620577006 0.0032434656817448542 -0.0030557648623448751 0.089476797686772913 -0.030227880474645814 0.031176551231890001 -0.0014389410744136385 -0.029955458086961546
leaf_count=15150 16924 2267 46 2579 947 29063 34
internal_value=0 -0.0596531 0.482358 -0.0824878 -0.0420704 -0.0767027 0.444176
internal_count=67010 50086 2313 47773 45194 44213 981
shrinkage=0.05


Tree=78
num_leaves=8
num_cat=0
split_feature=2 0 8 5 0 5 5
split_gain=2.96255 3.01272 6.69415 6.50462 6.4837 5.92079 4.76625
threshold=41.750000000000007 44.500000000000007 1.0000000180025095e-35 1.3705784436121518 42.500000000000007 2.8777999004479846 2.6039701257861636
decision_type=10 2 2 8 2 8 10
left_child=1 2 3 -1 -4 -6 -5
right_child=-2 -3 4 6 5 -7 -8
leaf_value=-0.046335929587717505 0.046269775573257295 0.0010332337719567211 -0.025506605615259265 0.0030242583059333669 0.092373474177453591 -0.0057495014581602187 -0.021656602866401923
leaf_count=4914 46 44414 164 12626 151 87 4608
internal_value=0 -0.00350451 -0.165205 -0.245738 0.644441 1.18918 -0.139723
internal_count=67010 66964 22550 22148 402 238 17234
shrinkage=0.05


Tree=79
num_leaves=8
num_cat=0
split_feature=3 4 2 3 0 0 3
split_gain=2.94221 4.68621 4.36761 4.23744 4.40279 8.57783 6.2096
threshold=100.83333333333336 168.33333333333334 27.450000000000003 98.250000000000014 61.500000000000007 62.500000000000007 63.250000000000007
decision_type=10 10 10 10 2 2 8
left_child=1 3 -3 4 -1 -6 -7
right_child=-2 2 -4 -5 5 6 -8
leaf_value=-0.0022010852919552891 0.009394798326209361 0.0071941218081239518 0.075215157863266532 -0.022661359973942426 0.032068362474858655 0.067375194572001709 -0.0073968256884399302
leaf_count=63412 712 81 24 289 779 166 1547
internal_value=0 -0.0196971 0.636277 -0.0298946 -0.0153214 0.214482 -0.0554716
internal_count=67010 66298 105 66193 65904 2492 1713
shrinkage=0.05


Tree=80
num_leaves=8
num_cat=0
split_feature=6 0 5 5 2 6 6
split_gain=2.83613 2.95159 6.242 5.28216 8.34783 9.995 9.31781
threshold=12.15 44.500000000000007 1.4203722002635051 2.2932183908045976 26.650000000000002 5.3500000000000005 6.2500000000000009
decision_type=10 2 8 10 10 10 10
left_child=1 2 -1 4 -4 -6 -7
right_child=-2 -3 3 -5 5 6 -8
leaf_value=-0.039582065849501628 0.046518033329454089 0.0010346599149637535 -0.0037729863381041661 -0.013938880529166975 -0.0030756891300896113 0.12780187817441513 -0.011398435367400239
leaf_count=5517 23 44417 9246 6926 528 310 43
internal_value=0 -0.00319584 -0.163503 -0.0632894 0.214347 0.952055 1.83906
internal_count=67010 66987 22570 17053 10127 881 353
shrinkage=0.05


Tree=81
num_leaves=8
num_cat=0
split_feature=2 6 4 6 5 4 5
split_gain=2.76457 4.69184 4.74591 2.9642 3.2179 6.65812 5.32192
threshold=20.050000000000004 5.3500000000000005 118.33333333333336 12.15 2.5687964841108863 168.33333333333334 2.6821789321789322
decision_type=8 10 10 10 10 10 10
left_child=1 -1 -3 4 -2 6 -6
right_child=3 2 -4 -5 5 -7 -8
leaf_value=-0.024243400582088348 0.003276110425978264 -0.024594991978599878 0.017898477916407116 0.049078662006827589 -0.024977847728115374 0.029439997535899723 -0.0028154305514920407
leaf_count=7600 37307 3834 1618 22 2188 98 14343
internal_value=0 -0.209559 0.0827278 0.0177936 0.0134741 -0.0731063 -0.11025
internal_count=67010 13052 5452 53958 53936 16629 16531
shrinkage=0.05


Tree=82
num_leaves=8
num_cat=0
split_feature=5 5 3 2 8 5 4
split_gain=2.69472 6.21739 8.16093 10.2923 4.66959 5.88644 5.54377
threshold=3.5747340425531924 3.9417420814479649 95.833333333333357 28.950000000000003 1.0000000180025095e-35 1.2464760770299785 138.83333333333334
decision_type=8 10 10 8 2 10 10
left_child=4 2 -2 -4 -1 6 -6
right_child=1 -3 3 -5 5 -7 -8
leaf_value=-0.0024549006554362022 0.0082946061078536006 -0.0061450758000640149 0.091120669595225356 -0.011347025917805323 0.084593271078736237 0.0060081236550537523 -0.0074160200247643865
leaf_count=58789 3297 1811 67 27 171 2813 35
internal_value=0 0.181107 0.45202 1.18639 -0.0185888 0.200218 1.07795
internal_count=67010 5202 3391 94 61808 3019 206
shrinkage=0.05


Tree=83
num_leaves=8
num_cat=0
split_feature=2 0 2 2 2 4 5
split_gain=2.68435 2.60007 5.75341 8.03933 3.59666 4.48227 4.88168
threshold=41.750000000000007 34.500000000000007 21.350000000000005 20.150000000000002 21.450000000000003 124.16666666666667 2.2547237076648847
decision_type=10 2 8 10 8 10 8
left_child=1 2 3 -1 5 -3 -7
right_child=-2 4 -4 -5 -6 6 -8
leaf_value=-0.024396058748682684 0.04352036223411191 -0.020781817888894272 -0.038510219200148924 0.092740730420299844 0.001740149270147277 -0.0070558540369751611 0.023735916607844659
leaf_count=1873 46 15580 3021 872 40655 4022 941
internal_value=0 -0.00312639 -0.399854 0.496847 0.00538801 -0.15655 -0.00740358
internal_count=67010 66964 5766 2745 61198 20543 4963
shrinkage=0.05


Tree=84
num_leaves=8
num_cat=0
split_feature=2 3 5 3 0 5 5
split_gain=2.48227 4.21078 8.48664 8.4777 6.76742 6.36544 5.60752
threshold=25.850000000000005 83.833333333333357 0.93364779874213844 69.833333333333357 64.500000000000014 1.4795219457646074 0.954284221525601
decision_type=8 10 8 10 2 8 8
left_child=1 2 3 -1 -4 -6 -3
right_child=-2 6 4 -5 5 -7 -8
leaf_value=-0.03405982912556834 0.0035916205198501389 -0.033633286222968094 -0.011790487845981985 0.069492196096843317 0.095251576444622787 0.0057114360796125842 0.0034117118515423353
leaf_count=1065 12494 361 43363 895 88 432 8312
internal_value=0 -0.0444099 -0.151505 0.814359 -0.193274 0.590907 0.0388571
internal_count=67010 54516 45843 1960 43883 520 8673
shrinkage=0.05


Tree=85
num_leaves=8
num_cat=0
split_feature=2 0 2 2 2 0 0
split_gain=2.41452 2.34417 5.56429 7.16145 3.13663 4.19709 4.43777
threshold=41.750000000000007 34.500000000000007 21.350000000000005 20.150000000000002 21.450000000000003 61.500000000000007 62.500000000000007
decision_type=10 2 8 10 8 2 2
left_child=1 2 3 -1 5 -3 -7
right_child=-2 4 -4 -5 -6 6 -8
leaf_value=-0.023726723234284014 0.040759686046084674 -0.011361520510788013 -0.038023979282744091 0.085875669314037437 0.0016175036932667163 0.041356461996828263 -0.0079376303585635601
leaf_count=1873 46 19802 3021 872 40655 232 509
internal_value=0 -0.0029349 -0.38425 0.489652 0.00505653 -0.14716 0.301978
internal_count=67010 66964 5766 2745 61198 20543 741
shrinkage=0.05


Tree=86
num_leaves=8
num_cat=0
split_feature=5 5 3 2 4 4 8
split_gain=2.34966 5.62559 6.91929 8.66365 4.35418 4.75514 4.06199
threshold=3.5747340425531924 3.9417420814479649 95.833333333333357 28.950000000000003 145.25000000000003 134.83333333333334 1.0000000180025095e-35
decision_type=8 10 10 10 10 10 2
left_child=6 2 4 -4 5 -2 -1
right_child=1 -3 3 -5 -6 -7 -8
leaf_value=-0.0022947697226820148 0.014337065988739567 -0.006092734466139553 0.081917304008493355 -0.011185866453326782 0.043600345663682441 -0.030641311870001898 0.0092800405050357353
leaf_count=58789 2861 1811 67 27 94 342 3019
internal_value=0 0.168633 0.423139 1.08307 0.157288 -0.0441522 -0.0172089
internal_count=67010 5202 3391 94 3297 3203 61808
shrinkage=0.05


Tree=87
num_leaves=8
num_cat=0
split_feature=2 4 2 6 3 0 0
split_gain=2.33594 5.81412 6.81412 7.99029 4.99835 4.16157 4.13125
threshold=33.750000000000007 137.83333333333334 35.95000000000001 7.2500000000000009 80.833333333333357 51.500000000000007 55.500000000000007
decision_type=10 10 8 8 10 2 2
left_child=-1 2 3 5 -4 -2 -3
right_child=1 6 4 -5 -6 -7 -8
leaf_value=-0.00052724358981740406 0.14012033767915624 -0.011073167847887345 0.053060660862109379 -0.013460223291347766 -0.039350931101974677 0.016191415409874899 0.04181780950759565
leaf_count=66329 133 249 106 59 70 32 32
internal_value=0 0.263568 0.885493 1.55832 -0.0818164 2.22045 -0.0234677
internal_count=67010 681 400 224 176 165 281
shrinkage=0.05


Tree=88
num_leaves=8
num_cat=0
split_feature=3 4 3 0 0 3 2
split_gain=2.28415 4.04302 3.71223 3.57582 6.63398 5.49451 4.43717
threshold=100.83333333333336 171.33333333333334 98.250000000000014 61.500000000000007 62.500000000000007 63.250000000000007 25.350000000000005
decision_type=10 10 10 2 2 8 10
left_child=1 2 3 -1 6 -6 -5
right_child=-2 -3 -4 4 5 -7 -8
leaf_value=-0.0018181647968949701 0.0082462065210173324 0.039319865880242506 -0.020469796863283853 0.040751294180592812 0.062229835393503997 -0.0066601332513027403 -0.0006283650683754754
leaf_count=63445 712 51 302 604 166 1552 178
internal_value=0 -0.0169335 -0.0241396 -0.0101576 0.19408 -0.0448909 0.558049
internal_count=67010 66298 66247 65945 2500 1718 782
shrinkage=0.05


Tree=89
num_leaves=8
num_cat=0
split_feature=6 3 0 5 6 4 0
split_gain=2.28591 3.18401 3.96733 3.80925 5.45982 2.61502 2.43181
threshold=8.4500000000000011 85.833333333333357 55.500000000000007 3.2247448979591842 9.7500000000000018 125.83333333333336 44.500000000000007
decision_type=10 10 2 8 10 10 2
left_child=6 5 3 4 -3 -2 -1
right_child=1 2 -4 -5 -6 -7 -8
leaf_value=-0.0077712708805929209 0.02963913886281639 0.10598248915301106 -0.016161656701489748 0.0026044002460898098 0.004906148155600842 -0.027701670758951677 0.00072058685865810388
leaf_count=22517 138 37 24 33 22 117 44122
internal_value=0 0.346334 0.661197 0.973635 1.42855 -0.174192 -0.00738563
internal_count=67010 371 116 92 59 255 66639
shrinkage=0.05


Tree=90
num_leaves=8
num_cat=0
split_feature=2 6 0 8 5 0 5
split_gain=2.26609 2.23729 2.36051 6.04551 5.77639 5.73256 4.94698
threshold=41.750000000000007 12.15 44.500000000000007 1.0000000180025095e-35 1.3705784436121518 42.500000000000007 2.1887840670859542
decision_type=10 10 2 2 8 2 8
left_child=1 2 3 4 -1 -5 -7
right_child=-2 -3 -4 5 -6 6 -8
leaf_value=-0.045797220840066911 0.039231689511435741 0.040264234973177875 0.00074739079640610525 -0.024944738817911538 -0.006737997073982295 0.11376252350033352 0.019173604191557399
leaf_count=4914 46 23 44396 164 17229 69 169
internal_value=0 -0.00251499 -0.00611397 -0.152391 -0.233062 0.606581 1.09808
internal_count=67010 66964 66941 22545 22143 402 238
shrinkage=0.05


Tree=91
num_leaves=8
num_cat=0
split_feature=4 6 5 6 5 3 0
split_gain=2.20237 4.80738 4.65234 3.60712 3.84413 2.67278 2.60044
threshold=107.33333333333336 5.1500000000000012 1.4709263015551051 5.9500000000000011 1.9346044191019247 63.833333333333336 29.500000000000004
decision_type=8 8 10 10 10 10 2
left_child=1 2 -1 -3 -5 -4 -2
right_child=6 3 5 4 -6 -7 -8
leaf_value=-0.029033592301897667 -0.033116925553917591 -0.029270423831270723 0.093727042451351661 0.073472252083367259 -0.026408003154221572 -0.0010507889210994339 0.00083795649017766099
leaf_count=1017 1826 10185 747 262 253 462 52258
internal_value=0 -0.27653 0.646858 -0.454207 0.595529 1.30114 0.0115939
internal_count=67010 12926 2226 10700 515 1209 54084
shrinkage=0.05


Tree=92
num_leaves=8
num_cat=0
split_feature=5 5 3 2 2 2 6
split_gain=2.16199 5.10983 5.91473 7.33692 3.88252 3.55108 5.01255
threshold=3.5747340425531924 3.9417420814479649 95.833333333333357 28.950000000000003 28.050000000000004 23.350000000000005 5.3500000000000005
decision_type=8 10 10 10 10 8 10
left_child=-1 2 4 -4 -2 6 -3
right_child=1 5 3 -5 -6 -7 -8
leaf_value=-0.00080843686111642518 -0.0046996055459525565 0.08246606754712707 0.074468840906979125 -0.010769067517397098 0.033355395258056551 -0.012037260474687684 -0.011556216528875009
leaf_count=61808 2848 164 67 27 449 1433 214
internal_value=0 0.161859 0.402105 1.00032 0.153702 -0.116782 0.648388
internal_count=67010 5202 3391 94 3297 1811 378
shrinkage=0.05


Tree=93
num_leaves=8
num_cat=0
split_feature=2 4 2 6 3 0 3
split_gain=2.14311 5.19594 5.78689 6.76814 4.66876 3.75535 3.28601
threshold=33.750000000000007 137.83333333333334 35.95000000000001 7.2500000000000009 80.833333333333357 55.500000000000007 114.50000000000001
decision_type=10 10 8 8 10 2 10
left_child=6 2 3 -2 -4 -3 -1
right_child=1 5 4 -5 -6 -7 -8
leaf_value=-0.00089341286457937652 0.099766436946149839 -0.010718500446295168 0.050085968330183042 -0.013396689499884599 -0.038908796332687845 0.039293531380311483 0.026708613384021408
leaf_count=66253 165 249 106 59 70 32 76
internal_value=0 0.251864 0.828528 1.4222 -0.0760285 -0.0226032 -0.00970984
internal_count=67010 681 400 224 176 281 66329
shrinkage=0.05


Tree=94
num_leaves=8
num_cat=0
split_feature=2 6 5 5 6 0 3
split_gain=2.10207 2.01933 2.11779 7.20114 6.58829 6.16037 6.28271
threshold=41.750000000000007 12.15 2.5687964841108863 2.6821789321789322 5.0500000000000007 56.500000000000007 96.583333333333357
decision_type=10 10 10 10 10 2 10
left_child=1 2 -1 4 -4 -5 -7
right_child=-2 -3 3 5 -6 6 -8
leaf_value=0.0016639565843122384 0.037502896623159934 0.037967571492374258 0.017929387339952075 -0.0055693153505623474 -0.037380067127553311 0.0048565684342406603 0.045333755717747004
leaf_count=49679 46 23 668 12783 1680 2038 93
internal_value=0 -0.00216279 -0.0056117 -0.0767296 -0.522909 -0.0170274 0.254022
internal_count=67010 66964 66941 17262 2348 14914 2131
shrinkage=0.05


Tree=95
num_leaves=8
num_cat=0
split_feature=4 2 2 3 2 5 6
split_gain=2.04692 3.15354 2.45074 3.07562 2.60766 4.56009 2.18037
threshold=100.25000000000001 24.250000000000004 16.950000000000003 81.833333333333357 18.350000000000005 0.8609353023909988 12.15
decision_type=8 10 8 10 8 8 10
left_child=1 -1 3 -2 5 -4 -6
right_child=2 -3 4 -5 6 -7 -8
leaf_value=-0.031023717223153186 0.075551155740838274 0.034520450410538493 0.047985977218685118 -0.010810852973222393 0.00036922363346553275 -0.036064418017047864 0.040762547520538463
leaf_count=5256 586 383 180 75 58323 2185 22
internal_value=0 -0.411324 0.00793257 0.807264 0.00388786 -0.478093 0.0110282
internal_count=67010 5639 61371 661 60710 2365 58345
shrinkage=0.05


Tree=96
num_leaves=8
num_cat=0
split_feature=2 3 4 3 5 0 2
split_gain=1.99817 3.62896 6.10361 3.45692 7.84053 11.0996 7.11093
threshold=25.850000000000005 64.250000000000014 110.33333333333336 83.833333333333357 1.0359294320137697 53.500000000000007 22.950000000000003
decision_type=8 8 10 10 10 2 10
left_child=3 2 -2 4 5 -1 -7
right_child=1 -3 -4 -5 -6 6 -8
leaf_value=-0.012480625452166232 0.095106281032941775 0.0025576887730764963 -0.015400022945141921 0.0017843600596363534 -0.009723040967165128 0.094184303458226301 -0.013979814667825592
leaf_count=4149 470 11626 398 8673 41125 487 82
internal_value=0 0.0649581 0.946446 -0.0393345 -0.137549 0.531833 1.3823
internal_count=67010 12494 868 54516 45843 4718 569
shrinkage=0.05


Tree=97
num_leaves=8
num_cat=0
split_feature=2 5 4 4 0 2 2
split_gain=1.94755 4.91818 4.48553 7.79735 4.1495 3.55023 2.8743
threshold=34.550000000000004 3.1195238095238098 135.83333333333334 128.83333333333334 55.500000000000007 35.95000000000001 41.350000000000001
decision_type=10 8 10 10 2 10 10
left_child=-1 2 3 -2 -4 -5 -3
right_child=1 6 4 5 -6 -7 -8
leaf_value=-0.00038658428326297746 -0.015652537418617982 -0.029996896147383413 -0.0072709409708818827 0.13994158336665238 0.055824569254263795 0.024663336512511715 0.035676574860014985
leaf_count=66491 98 171 134 29 22 45 20
internal_value=0 0.272087 0.570252 1.27962 0.193511 2.03333 -0.343398
internal_count=67010 519 328 172 156 74 191
shrinkage=0.05


Tree=98
num_leaves=8
num_cat=0
split_feature=5 5 3 2 4 4 0
split_gain=1.97358 4.56097 5.02597 6.17029 3.73007 4.46863 3.61092
threshold=3.5747340425531924 3.9417420814479649 95.833333333333357 28.950000000000003 145.25000000000003 134.83333333333334 56.500000000000007
decision_type=8 10 10 8 10 10 2
left_child=-1 2 4 -4 5 -2 -7
right_child=1 -3 3 -5 -6 6 -8
leaf_value=-0.00074772673484005197 0.013753824279167305 -0.0055215698448190459 0.067537158823125082 -0.01030783957795565 0.039747472174547049 -0.045362288275063598 0.026504094646602857
leaf_count=61808 2861 1811 67 27 94 304 38
internal_value=0 0.154936 0.379467 0.920763 0.148577 -0.0411488 -0.602074
internal_count=67010 5202 3391 94 3297 3203 342
shrinkage=0.05


Tree=99
num_leaves=8
num_cat=0
split_feature=0 0 3 6 2 5 4
split_gain=1.8996 2.94333 4.52111 5.36272 4.28473 6.32862 2.68521
threshold=71.500000000000014 66.500000000000014 85.166666666666671 5.3500000000000005 22.150000000000002 2.077350427350428 107.33333333333336
decision_type=2 2 8 10 10 10 8
left_child=1 6 3 -3 -5 -6 -1
right_child=-2 2 -4 4 5 -7 -8
leaf_value=-0.015868037949038887 -0.037357332238524769 -0.028330276850749542 -0.0088379408346947099 0.0026814647029706519 0.14906524509795219 0.01737562467410135 0.00041219083064849952
leaf_count=12873 81 58 85 105 51 80 53677
internal_value=0 0.00505665 0.477546 0.990014 1.3863 1.91693 -0.00306262
internal_count=67010 66929 379 294 236 131 66550
shrinkage=0.05


end of trees

feature importances:
H25_age=168
H25_bmi=123
H25_dbp=111
H25_sbp=105
H25_lhrate=86
H25_a1c=66
H25_dl=35
H25_sex=3
H25_dm=3

parameters:
[boosting: gbdt]
[objective: binary]
[metric: binary]
[tree_learner: serial]
[device_type: cpu]
[data: ]
[valid: ]
[num_iterations: 100]
[learning_rate: 0.05]
[num_leaves: 8]
[num_threads: 0]
[max_depth: -1]
[min_data_in_leaf: 20]
[min_sum_hessian_in_leaf: 1]
[bagging_fraction: 0.4]
[bagging_freq: 0]
[bagging_seed: 3]
[feature_fraction: 1]
[feature_fraction_seed: 2]
[early_stopping_round: 0]
[max_delta_step: 0]
[lambda_l1: 0]
[lambda_l2: 1]
[min_gain_to_split: 0]
[drop_rate: 0.1]
[max_drop: 50]
[skip_drop: 0.5]
[xgboost_dart_mode: 0]
[uniform_drop: 0]
[drop_seed: 4]
[top_rate: 0.2]
[other_rate: 0.1]
[min_data_per_group: 100]
[max_cat_threshold: 32]
[cat_l2: 10]
[cat_smooth: 10]
[max_cat_to_onehot: 4]
[top_k: 20]
[monotone_constraints: ]
[feature_contri: ]
[forcedsplits_filename: ]
[refit_decay_rate: 0.9]
[verbosity: 0]
[max_bin: 255]
[min_data_in_bin: 3]
[bin_construct_sample_cnt: 200000]
[histogram_pool_size: -1]
[data_random_seed: 1]
[output_model: LightGBM_model.txt]
[snapshot_freq: -1]
[input_model: ]
[output_result: LightGBM_predict_result.txt]
[initscore_filename: ]
[valid_data_initscores: ]
[pre_partition: 0]
[enable_bundle: 1]
[max_conflict_rate: 0]
[is_enable_sparse: 1]
[sparse_threshold: 0.8]
[use_missing: 1]
[zero_as_missing: 0]
[two_round: 0]
[save_binary: 0]
[enable_load_from_binary_file: 1]
[header: 0]
[label_column: ]
[weight_column: ]
[group_column: ]
[ignore_column: ]
[categorical_feature: ]
[predict_raw_score: 0]
[predict_leaf_index: 0]
[predict_contrib: 0]
[num_iteration_predict: -1]
[pred_early_stop: 0]
[pred_early_stop_freq: 10]
[pred_early_stop_margin: 10]
[convert_model_language: ]
[convert_model: gbdt_prediction.cpp]
[num_class: 1]
[is_unbalance: 0]
[scale_pos_weight: 1]
[sigmoid: 1]
[boost_from_average: 1]
[reg_sqrt: 0]
[alpha: 0.9]
[fair_c: 1]
[poisson_max_delta_step: 0.7]
[tweedie_variance_power: 1.5]
[max_position: 20]
[label_gain: ]
[metric_freq: 1]
[is_provide_training_metric: 0]
[eval_at: ]
[num_machines: 1]
[local_listen_port: 12400]
[time_out: 120]
[machine_list_filename: ]
[machines: ]
[gpu_platform_id: -1]
[gpu_device_id: -1]
[gpu_use_dp: 0]

end of parameters

pandas_categorical:[]
