tree
version=v2
num_class=1
num_tree_per_iteration=1
label_index=0
max_feature_idx=8
objective=binary sigmoid:1
feature_names=H25_age H25_sex H25_bmi H25_dbp H25_sbp H25_lhrate H25_a1c H25_ht H25_dm
feature_infos=[18:74] [1:2] [0:65.599999999999994] [0:145] [0:223] [0.29756097560975608:9.046153846153846] [3:15.5] [0:1] [0:1]
tree_sizes=715 734 729 739 735 734 732 734 741 737 741 742 740 740 742 737 737 745 744 743 743 742 739 747 747

Tree=0
num_leaves=8
num_cat=0
split_feature=5 0 0 6 3 5 5
split_gain=685.286 160.34 156.832 82.322 63.5645 61.8619 56.1477
threshold=3.118643132928848 44.500000000000007 49.500000000000007 6.6500000000000012 92.833333333333357 2.004022639983829 4.2933866279069779
decision_type=10 2 2 10 10 8 10
left_child=2 6 3 -1 -3 -4 -2
right_child=1 4 5 -5 -6 -7 -8
leaf_value=-4.0656954242233629 -4.0141988014340901 -3.9174494003229241 -4.0454445278147455 -3.9251215166797384 -3.7792241356674232 -3.9958660053573398 -3.8932518203483046
leaf_count=40123 4141 5155 6553 563 544 8287 597
internal_value=0 1.79289 -0.338535 -0.583868 2.65215 0.333731 0.739597
internal_count=65963 10437 55526 40686 5699 14840 4738
shrinkage=1


Tree=1
num_leaves=8
num_cat=0
split_feature=6 0 4 4 3 7 3
split_gain=272.525 176.276 84.0567 63.6633 34.7237 28.8361 22.7517
threshold=6.0500000000000016 44.500000000000007 137.16666666666671 130.83333333333334 93.833333333333357 1.0000000180025095e-35 101.25000000000001
decision_type=10 2 8 10 10 2 8
left_child=1 4 5 -2 -1 -3 -4
right_child=3 2 6 -5 -6 -7 -8
leaf_value=-0.031174444324423973 0.040282004118304855 0.0013048490723166536 0.050694574290642919 0.11457049181160435 0.048953913908264396 0.070469889187539062 0.14247678552671802
leaf_count=30007 4240 23166 3888 2660 772 839 391
internal_value=0 -0.172921 0.255898 1.40045 -0.581101 0.0782367 1.2198
internal_count=65963 59063 28284 6900 30779 24005 4279
shrinkage=0.05


Tree=2
num_leaves=8
num_cat=0
split_feature=5 0 0 4 5 6 6
split_gain=585.616 133.996 113.786 75.6016 53.8455 39.9607 36.0049
threshold=2.8534536891679756 44.500000000000007 49.500000000000007 137.83333333333334 4.2933866279069779 6.2500000000000009 6.6500000000000012
decision_type=10 2 2 10 10 10 10
left_child=2 4 6 -3 5 -2 -1
right_child=1 3 -4 -5 -6 -7 -8
leaf_value=-0.033440678061751015 0.0015715840364069957 0.073889018491892444 0.0087837038150776134 0.15901843609064412 0.11993231319602189 0.11775950470070698 0.061845082927035291
leaf_count=37006 5855 6657 13406 1619 597 372 451
internal_value=0 1.26208 -0.411316 1.8561 0.442879 0.20694 -0.638329
internal_count=65963 15100 50863 8276 6824 6227 37457
shrinkage=0.05


Tree=3
num_leaves=8
num_cat=0
split_feature=0 2 2 6 2 7 0
split_gain=216.789 129.957 80.7933 63.6058 48.4917 38.8786 36.5188
threshold=44.500000000000007 26.450000000000003 26.250000000000004 6.0500000000000016 21.350000000000005 1.0000000180025095e-35 57.500000000000007
decision_type=2 10 10 10 8 2 2
left_child=2 3 -1 4 -2 -4 -6
right_child=1 -3 5 -5 6 -7 -8
leaf_value=-0.032337194564264808 -0.019375927431775384 0.073016300254780259 0.012002364394349421 0.054946900177608983 0.0092943225941485089 0.15428306159001245 0.06867278114386112
leaf_count=27515 9054 4916 4824 3455 14483 227 1489
internal_value=0 0.405335 -0.472796 0.201789 0.062519 0.410647 0.305594
internal_count=65963 33397 32566 28481 25026 5051 15972
shrinkage=0.05


Tree=4
num_leaves=8
num_cat=0
split_feature=5 5 5 6 7 5 6
split_gain=492.804 106.136 57.8421 52.2624 45.8767 31.2585 26.6364
threshold=2.7724789915966395 3.9252450980392166 2.004022639983829 6.0500000000000016 1.0000000180025095e-35 3.7392307692307698 5.7500000000000009
decision_type=10 10 10 10 2 8 10
left_child=2 3 -1 4 -2 -5 -4
right_child=1 -3 6 5 -6 -7 -8
leaf_value=-0.032959627743124477 0.022479407887846897 0.1143166577730505 -0.01507448170938556 0.068356833421375537 0.12990890710018851 0.19858118598209443 0.014679854850725231
leaf_count=28253 11467 2608 14862 2081 440 198 6054
internal_value=0 1.03237 -0.423318 0.769484 0.553609 1.67505 -0.117688
internal_count=65963 16794 49169 14186 11907 2279 20916
shrinkage=0.05


Tree=5
num_leaves=8
num_cat=0
split_feature=5 0 0 5 5 5 1
split_gain=432.478 96.8594 83.3524 49.3687 37.3111 28.1331 27.2826
threshold=2.7724789915966395 49.500000000000007 44.500000000000007 3.9252450980392166 3.8448028673835135 2.1831920903954809 1.5000000000000002
decision_type=10 2 2 10 10 10 2
left_child=1 5 4 6 -2 -1 -4
right_child=2 -3 3 -5 -6 -7 -8
leaf_value=-0.039217965362705581 0.001791237922561628 0.0066671502236593282 0.047257233129020325 0.12038665534813227 0.064002201061400671 -0.014576756761512353 0.11003728987718382
leaf_count=25663 6148 12907 6927 1383 1436 10599 900
internal_value=0 -0.410798 0.933854 1.33176 0.321035 -0.636704 1.09934
internal_count=65963 49169 16794 9210 7584 36262 7827
shrinkage=0.05


Tree=6
num_leaves=8
num_cat=0
split_feature=5 0 0 5 5 6 3
split_gain=382.268 82.4172 76.7796 45.7393 28.9501 28.0492 27.4392
threshold=2.6907375643224705 49.500000000000007 42.500000000000007 3.7042372881355941 3.8835686777920415 7.6500000000000012 86.833333333333357
decision_type=10 2 2 10 10 10 10
left_child=1 -1 4 5 -2 -4 -5
right_child=2 -3 3 6 -6 -7 -8
leaf_value=-0.032042210227990295 -0.006912526996403154 0.0043547998081554891 0.039011175946922813 0.069879768581317461 0.053945007806516787 0.14761617934462812 0.14722799999855946
leaf_count=35044 5462 12338 9355 1974 1050 203 537
internal_value=0 -0.423496 0.800509 1.09027 0.117916 0.850113 1.81182
internal_count=65963 47382 18581 12069 6512 9558 2511
shrinkage=0.05


Tree=7
num_leaves=8
num_cat=0
split_feature=5 0 4 5 0 6 0
split_gain=339.339 78.1102 73.3108 44.1031 37.9858 27.4733 25.3768
threshold=2.6907375643224705 49.500000000000007 137.83333333333334 4.2933866279069779 44.500000000000007 6.1500000000000012 41.500000000000007
decision_type=10 2 10 10 2 10 2
left_child=1 -1 3 4 5 -2 -4
right_child=2 -3 6 -5 -6 -7 -8
leaf_value=-0.031427879378158691 -0.0092715889236818626 0.004120343651469913 0.012892750793894493 0.084009219826868292 0.034576624904322444 0.076600911708216368 0.092214750921647118
leaf_count=35044 6398 12338 636 1030 7712 410 2395
internal_value=0 -0.411 0.732389 0.520584 0.402094 -0.0394771 1.59963
internal_count=65963 47382 18581 15550 14520 6808 3031
shrinkage=0.05


Tree=8
num_leaves=8
num_cat=0
split_feature=5 5 6 3 7 6 4
split_gain=303.991 69.3872 41.1817 36.8614 31.9784 28.6012 28.3518
threshold=2.4335497835497839 3.118643132928848 7.3500000000000005 95.833333333333357 1.0000000180025095e-35 5.7500000000000009 136.16666666666671
decision_type=10 10 10 8 2 10 10
left_child=3 2 -2 5 6 -1 -3
right_child=1 4 -4 -5 -6 -7 -8
leaf_value=-0.032605649631796796 0.0064207226630489458 0.032508064610394828 0.12693359359412346 0.045227667960157765 0.11601343662531077 -0.0072410616813119695 0.074680399378871026
leaf_count=30738 14284 8257 242 1028 465 9234 1715
internal_value=0 0.558653 0.195698 -0.481706 0.927178 -0.524695 0.832758
internal_count=65963 24963 14526 41000 10437 39972 9972
shrinkage=0.05


Tree=9
num_leaves=8
num_cat=0
split_feature=5 0 0 5 4 3 5
split_gain=273.795 66.3959 65.8765 56.8792 28.5078 28.3163 27.1212
threshold=2.4335497835497839 49.500000000000007 36.500000000000007 3.118643132928848 137.16666666666671 100.83333333333336 4.2933866279069779
decision_type=10 2 2 10 10 10 10
left_child=1 5 -2 4 -4 -1 -5
right_child=2 -3 3 6 -6 -7 -8
leaf_value=-0.035831339780992628 -0.030757484787692142 0.0016768112585340872 0.0056642521345960312 0.040786953525778796 0.049792522986640268 0.089449287113348985 0.087431586928247901
leaf_count=30404 2701 10382 10905 8208 2032 214 1117
internal_value=0 -0.4688 0.51703 0.62539 0.278213 -0.690291 0.962906
internal_count=65963 41000 24963 22262 12937 30618 9325
shrinkage=0.05


Tree=10
num_leaves=8
num_cat=0
split_feature=2 3 0 0 2 0 2
split_gain=142.364 76.5958 64.5176 40.6981 27.9759 30.324 16.487
threshold=21.650000000000002 92.833333333333357 42.500000000000007 49.500000000000007 26.750000000000004 58.500000000000007 28.650000000000002
decision_type=8 8 2 2 10 2 10
left_child=3 2 6 -1 5 -4 -2
right_child=1 -3 4 -5 -6 -7 -8
leaf_value=-0.036713936889462249 -0.021155440650558258 0.062077742305072826 0.0064256322941585679 0.00014956926890159425 0.039555442529438017 0.058444153218389285 0.017820463352678412
leaf_count=19075 12586 2789 18161 5820 4562 1312 1658
internal_value=0 0.240584 0.140635 -0.519643 0.344778 0.213871 -0.310864
internal_count=65963 41068 38279 24895 24035 19473 14244
shrinkage=0.05


Tree=11
num_leaves=8
num_cat=0
split_feature=2 0 4 7 0 2 3
split_gain=130.409 65.5055 44.1227 39.7699 39.1066 20.4348 16.1118
threshold=21.650000000000002 44.500000000000007 137.16666666666671 1.0000000180025095e-35 49.500000000000007 31.050000000000004 93.833333333333357
decision_type=8 2 8 2 2 10 10
left_child=4 3 -3 5 -1 6 -2
right_child=1 2 -4 -5 -6 -7 -8
leaf_value=-0.036181524276435499 -0.016848160158662816 0.014033968078935841 0.049405883314469295 0.094818170851169351 0.00014213985337853193 0.038024096288600297 0.0416320785796205
leaf_count=19075 16982 17784 4413 378 5820 943 568
internal_value=0 0.225782 0.452583 -0.145972 -0.506746 -0.21135 -0.283942
internal_count=65963 41068 22197 18871 24895 18493 17550
shrinkage=0.05


Tree=12
num_leaves=8
num_cat=0
split_feature=5 0 0 5 4 3 1
split_gain=228.438 56.8503 52.7292 44.1245 28.1999 23.211 21.4301
threshold=2.4335497835497839 49.500000000000007 36.500000000000007 3.7392307692307698 137.16666666666671 100.83333333333336 1.5000000000000002
decision_type=10 2 2 10 10 10 2
left_child=1 5 -2 4 6 -1 -4
right_child=2 -3 3 -5 -6 -7 -8
leaf_value=-0.034667197695106303 -0.029599026509839501 0.00026518689663387293 0.0073132528720764164 0.055707070348454048 0.044787109863174433 0.071633979063769795 0.04438579428239961
leaf_count=30404 2701 10382 13625 3292 3079 214 2266
internal_value=0 -0.4465 0.452988 0.543157 0.390895 -0.665916 0.252271
internal_count=65963 41000 24963 22262 18970 30618 15891
shrinkage=0.05


Tree=13
num_leaves=8
num_cat=0
split_feature=5 0 0 5 6 0 2
split_gain=206.275 54.2357 46.8083 39.369 27.2161 18.1574 17.8531
threshold=2.4335497835497839 49.500000000000007 36.500000000000007 3.118643132928848 7.3500000000000005 57.500000000000007 26.750000000000004
decision_type=10 2 2 10 10 2 10
left_child=1 6 -2 4 5 -4 -1
right_child=2 -3 3 -5 -6 -7 -8
leaf_value=-0.035844077662761716 -0.028970654406324473 0.0002519312531629304 0.0033882563391768269 0.038300196696197358 0.097778741411111661 0.050428742656339669 0.0051569314625051028
leaf_count=28666 2701 10382 11817 9325 240 880 1952
internal_value=0 -0.433815 0.420977 0.502822 0.217072 0.154616 -0.65404
internal_count=65963 41000 24963 22262 12937 12697 30618
shrinkage=0.05


Tree=14
num_leaves=8
num_cat=0
split_feature=5 0 0 5 6 7 3
split_gain=186.538 51.694 41.6846 33.2701 29.7109 26.2988 21.5231
threshold=2.4335497835497839 49.500000000000007 36.500000000000007 3.9252450980392166 5.7500000000000009 1.0000000180025095e-35 100.83333333333336
decision_type=10 2 2 10 10 2 10
left_child=1 6 -2 4 5 -4 -1
right_child=2 -3 3 -5 -6 -7 -8
leaf_value=-0.033541881316966227 -0.02833960816164004 0.00023934238244084486 0.0030691441276057933 0.051653607613930876 0.032996374928991476 0.071083459575374611 0.066944698059696245
leaf_count=30404 2701 10382 12168 2317 7289 488 214
internal_value=0 -0.4213 0.391985 0.46655 0.356209 0.139077 -0.642074
internal_count=65963 41000 24963 22262 19945 12656 30618
shrinkage=0.05


Tree=15
num_leaves=8
num_cat=0
split_feature=5 0 0 5 6 3 2
split_gain=168.768 49.202 37.2114 30.1851 21.4657 19.7153 17.041
threshold=2.4335497835497839 49.500000000000007 36.500000000000007 3.118643132928848 7.5500000000000007 100.83333333333336 24.850000000000005
decision_type=10 2 2 10 10 10 10
left_child=1 5 -2 4 -4 -1 -3
right_child=2 6 3 -5 -6 -7 -8
leaf_value=-0.03295533792596865 -0.027706532944157088 -0.007210146929799992 0.0066139642066409517 0.03274405483239138 0.0890639426864554 0.060830276108457142 0.030445333516014739
leaf_count=30404 2701 8550 12743 9325 194 214 1832
internal_value=0 -0.408834 0.365455 0.433595 0.184533 -0.629907 0.00454769
internal_count=65963 41000 24963 22262 12937 30618 10382
shrinkage=0.05


Tree=16
num_leaves=8
num_cat=0
split_feature=2 6 0 3 0 6 2
split_gain=95.0841 44.1865 35.5078 35.3551 28.1467 24.1291 17.3012
threshold=21.650000000000002 5.7500000000000009 44.500000000000007 100.83333333333336 42.500000000000007 5.5500000000000016 25.050000000000004
decision_type=8 10 2 8 2 8 8
left_child=2 3 -1 4 -2 -5 -7
right_child=1 -3 -4 5 -6 6 -8
leaf_value=-0.040899207346421981 -0.019787609838439489 0.023651573568396603 -0.0076749065874716464 0.0078587868206014613 0.0059400792802028202 0.013481658097126151 0.19079681889931566
leaf_count=13695 11606 13061 11200 235 15957 78 131
internal_value=0 0.180609 -0.460686 -0.00750639 -0.0531952 1.5688 2.82767
internal_count=65963 41068 24895 28007 27563 444 209
shrinkage=0.05


Tree=17
num_leaves=8
num_cat=0
split_feature=2 3 6 0 0 2 6
split_gain=87.1777 41.1604 36.2132 34.4529 26.6122 14.5434 14.4895
threshold=21.650000000000002 92.833333333333357 5.7500000000000009 44.500000000000007 42.500000000000007 30.850000000000005 6.0500000000000016
decision_type=8 8 10 2 2 10 10
left_child=3 2 4 -1 -2 -6 -5
right_child=1 -3 -4 6 5 -7 -8
leaf_value=-0.040484080444953982 -0.021296369188168813 0.041557950988081842 0.018665665657350873 -0.01251462642711774 0.0025584774666117609 0.067842561767814516 0.03238256067450565
leaf_count=13695 11311 2789 11937 10221 14748 283 979
internal_value=0 0.170199 0.0931621 -0.448016 -0.0846172 0.0902466 -0.146973
internal_count=65963 41068 38279 24895 26342 15031 11200
shrinkage=0.05


Tree=18
num_leaves=8
num_cat=0
split_feature=5 5 6 4 6 6 3
split_gain=141.843 36.7074 24.9844 21.6328 16.7594 15.8851 15.5341
threshold=2.1831920903954809 3.118643132928848 5.7500000000000009 131.83333333333334 5.9500000000000011 6.0500000000000016 80.833333333333357
decision_type=10 10 10 8 10 8 10
left_child=3 2 -2 4 -1 -3 -6
right_child=1 5 -4 -5 6 -7 -8
leaf_value=-0.033444527502745888 -0.0069227924799572646 0.016009911748937396 0.019293607054626752 -0.0018422730363258409 -0.013482057545587399 0.038502719230430894 0.06540502117839242
leaf_count=25239 14950 6389 6696 6130 2120 4048 391
internal_value=0 0.268489 0.0595147 -0.465954 -0.586682 0.516448 0.0374508
internal_count=65963 32083 21646 33880 27750 10437 2511
shrinkage=0.05


Tree=19
num_leaves=8
num_cat=0
split_feature=5 5 6 4 7 2 6
split_gain=129.664 39.6513 20.2429 18.9592 15.8238 16.6978 12.9044
threshold=2.004022639983829 3.0263768115942038 5.9500000000000011 122.33333333333336 1.0000000180025095e-35 29.250000000000004 5.7500000000000009
decision_type=10 10 10 10 2 8 8
left_child=2 3 -1 -2 6 -6 -3
right_child=1 4 -4 -5 5 -7 -8
leaf_value=-0.031051439953813837 -0.010953137931935785 0.0067849720839229469 0.0058871741244443188 0.010113860865010899 0.08889760904045052 0.0019086519783831743 0.027209914300670275
leaf_count=25570 13157 4665 2683 12666 358 163 6701
internal_value=0 0.216031 -0.527223 0.00967039 0.458324 1.22221 0.399783
internal_count=65963 37710 28253 25823 11887 521 11366
shrinkage=0.05


Tree=20
num_leaves=8
num_cat=0
split_feature=5 0 5 0 0 6 6
split_gain=119.009 37.7749 29.5247 20.3366 16.785 23.4252 14.4621
threshold=2.004022639983829 38.500000000000007 3.118643132928848 44.500000000000007 49.500000000000007 6.6500000000000012 5.8500000000000005
decision_type=10 2 10 2 2 10 10
left_child=3 -2 4 -1 5 -3 -5
right_child=1 2 -4 6 -6 -7 -8
leaf_value=-0.039556541593041922 -0.023056315100740236 -0.0080049162951792464 0.025379964134837698 -0.02249400703556155 0.016022563731424168 0.061625142143568269 0.010095434828068565
leaf_count=15536 5606 14515 8926 10034 8271 392 2683
internal_value=0 0.203164 0.273919 -0.514335 0.0992373 -0.0829363 -0.285727
internal_count=65963 37710 32104 28253 23178 14907 12717
shrinkage=0.05


Tree=21
num_leaves=8
num_cat=0
split_feature=5 5 6 4 6 1 5
split_gain=109.245 30.9741 18.5679 17.01 15.2439 14.5373 16.8075
threshold=2.004022639983829 3.0263768115942038 5.9500000000000011 138.16666666666671 6.9500000000000011 1.5000000000000002 4.2933866279069779
decision_type=10 10 10 10 10 2 10
left_child=2 3 -1 4 -2 6 -3
right_child=1 5 -4 -5 -6 -7 -8
leaf_value=-0.02983322828734879 -0.0060066111332030703 0.011979678284629501 0.0056052279336796873 0.022764198679156841 0.049411721219331302 0.051064277835535382 0.042257453854841365
leaf_count=25570 22413 9676 2683 3000 410 1011 1200
internal_value=0 0.191108 -0.501549 0.0071304 -0.0808887 0.399365 0.336267
internal_count=65963 37710 28253 25823 22823 11887 10876
shrinkage=0.05


Tree=22
num_leaves=8
num_cat=0
split_feature=5 0 5 0 1 0 6
split_gain=100.289 34.2038 23.9604 25.0644 23.7637 20.239 19.8079
threshold=2.004022639983829 36.500000000000007 3.4386128364389239 49.500000000000007 1.5000000000000002 44.500000000000007 6.6500000000000012
decision_type=10 2 10 2 2 2 10
left_child=5 -2 3 6 -5 -1 -3
right_child=1 2 -4 4 -6 -7 -8
leaf_value=-0.038787529130190998 -0.029446330689231016 -0.0063193301072985196 0.025877443901872545 0.010684232891079108 0.05116924803290307 -0.012925706699204939 0.047616057261718789
leaf_count=15536 4225 17861 5620 7674 1831 12717 499
internal_value=0 0.180032 0.234356 0.123084 0.36686 -0.488683 -0.0641417
internal_count=65963 37710 33485 27865 9505 28253 18360
shrinkage=0.05


Tree=23
num_leaves=8
num_cat=0
split_feature=5 4 6 5 3 6 3
split_gain=92.1642 20.7457 19.632 15.6298 12.6775 11.9472 16.44
threshold=2.1831920903954809 129.83333333333334 5.7500000000000009 3.7392307692307698 95.833333333333357 5.9500000000000011 81.833333333333357
decision_type=10 8 8 10 10 10 10
left_child=1 5 4 -4 -2 -1 -7
right_child=2 -3 3 -5 -6 6 -8
leaf_value=-0.031335016735744577 -0.0032106389966344222 -0.00078485690766931591 0.011387105413298739 0.033547782453187555 0.037468870393041968 -0.014551802322959563 0.076368098754056313
leaf_count=24240 13971 7252 15191 2325 596 2121 267
internal_value=0 -0.406487 0.199721 0.327529 -0.00598018 -0.54712 -0.00628325
internal_count=65963 33880 32083 17516 14567 26628 2388
shrinkage=0.05


Tree=24
num_leaves=8
num_cat=0
split_feature=5 0 4 7 0 5 6
split_gain=85.3448 30.5844 21.549 21.1648 19.8636 16.6763 15.6102
threshold=2.004022639983829 36.500000000000007 137.16666666666671 1.0000000180025095e-35 44.500000000000007 3.5780780780780792 7.7500000000000009
decision_type=10 2 10 2 2 10 10
left_child=4 -2 3 5 -1 6 -3
right_child=1 2 -4 -5 -6 -7 -8
leaf_value=-0.038007052984509362 -0.028850923960521569 -0.0020120212516504224 0.026122458741342794 0.048156838306721371 -0.011774763486595211 0.019503619166237971 0.064465899142879521
leaf_count=15536 4225 23667 5168 918 12717 3523 209
internal_value=0 0.160996 0.210863 0.121486 -0.464659 0.0797283 -0.0133856
internal_count=65963 37710 33485 28317 28253 27399 23876
shrinkage=0.05


end of trees

feature importances:
H25_lhrate=46
H25_age=42
H25_a1c=31
H25_dbp=16
H25_bmi=15
H25_sbp=13
H25_ht=8
H25_sex=4

parameters:
[boosting: gbdt]
[objective: binary]
[metric: binary]
[tree_learner: serial]
[device_type: cpu]
[data: ]
[valid: ]
[num_iterations: 100]
[learning_rate: 0.05]
[num_leaves: 8]
[num_threads: 0]
[max_depth: -1]
[min_data_in_leaf: 20]
[min_sum_hessian_in_leaf: 1]
[bagging_fraction: 0.4]
[bagging_freq: 0]
[bagging_seed: 3]
[feature_fraction: 0.8]
[feature_fraction_seed: 2]
[early_stopping_round: 0]
[max_delta_step: 0]
[lambda_l1: 0]
[lambda_l2: 1]
[min_gain_to_split: 0]
[drop_rate: 0.1]
[max_drop: 50]
[skip_drop: 0.5]
[xgboost_dart_mode: 0]
[uniform_drop: 0]
[drop_seed: 4]
[top_rate: 0.2]
[other_rate: 0.1]
[min_data_per_group: 100]
[max_cat_threshold: 32]
[cat_l2: 10]
[cat_smooth: 10]
[max_cat_to_onehot: 4]
[top_k: 20]
[monotone_constraints: ]
[feature_contri: ]
[forcedsplits_filename: ]
[refit_decay_rate: 0.9]
[verbosity: 0]
[max_bin: 255]
[min_data_in_bin: 3]
[bin_construct_sample_cnt: 200000]
[histogram_pool_size: -1]
[data_random_seed: 1]
[output_model: LightGBM_model.txt]
[snapshot_freq: -1]
[input_model: ]
[output_result: LightGBM_predict_result.txt]
[initscore_filename: ]
[valid_data_initscores: ]
[pre_partition: 0]
[enable_bundle: 1]
[max_conflict_rate: 0]
[is_enable_sparse: 1]
[sparse_threshold: 0.8]
[use_missing: 1]
[zero_as_missing: 0]
[two_round: 0]
[save_binary: 0]
[enable_load_from_binary_file: 1]
[header: 0]
[label_column: ]
[weight_column: ]
[group_column: ]
[ignore_column: ]
[categorical_feature: ]
[predict_raw_score: 0]
[predict_leaf_index: 0]
[predict_contrib: 0]
[num_iteration_predict: -1]
[pred_early_stop: 0]
[pred_early_stop_freq: 10]
[pred_early_stop_margin: 10]
[convert_model_language: ]
[convert_model: gbdt_prediction.cpp]
[num_class: 1]
[is_unbalance: 0]
[scale_pos_weight: 1]
[sigmoid: 1]
[boost_from_average: 1]
[reg_sqrt: 0]
[alpha: 0.9]
[fair_c: 1]
[poisson_max_delta_step: 0.7]
[tweedie_variance_power: 1.5]
[max_position: 20]
[label_gain: ]
[metric_freq: 1]
[is_provide_training_metric: 0]
[eval_at: ]
[num_machines: 1]
[local_listen_port: 12400]
[time_out: 120]
[machine_list_filename: ]
[machines: ]
[gpu_platform_id: -1]
[gpu_device_id: -1]
[gpu_use_dp: 0]

end of parameters

pandas_categorical:[]
