tree
version=v2
num_class=1
num_tree_per_iteration=1
label_index=0
max_feature_idx=8
objective=binary sigmoid:1
feature_names=H25_age H25_sex H25_bmi H25_dbp H25_sbp H25_lhrate H25_a1c H25_dm H25_dl
feature_infos=[18:74] [1:2] [0:65.599999999999994] [5:150] [10:238] [0.097560975609756101:8.8461538461538485] [3.2000000000000002:15.5] [0:1] [0:1]
tree_sizes=722 735 737 730 730 741 731 735 731 736 734 724 737 742 745 742 740 740 740 737 725 737 741 728 738 724 741 743 732 740 738 737 736 737 719 733 737 738 744 735 739 742 743 738 734 727 741 748 747 743 740 725 742 744 747 742 736 738 737 741 734 741 732 742 725 733 743 734 738 733 734 723 738 730 736 748 728 741 734 735 738 739 734 728 742 752 737 723 738 724 739 747 741 731 737 724 731 724 732 734

Tree=0
num_leaves=8
num_cat=0
split_feature=4 3 3 0 0 8 3
split_gain=1452.34 301.966 293.677 114.432 96.6962 57.6519 42.4388
threshold=152.83333333333334 90.833333333333357 104.58333333333336 45.500000000000007 57.500000000000007 1.0000000180025095e-35 98.833333333333357
decision_type=8 10 10 2 2 2 10
left_child=1 4 3 -2 5 -1 -3
right_child=2 6 -4 -5 -6 -7 -8
leaf_value=-4.4312339079865586 -4.3216162291416458 -4.3369279294178167 -3.8893915220761124 -4.1406492151031493 -4.3389805468913343 -4.3590271392054465 -4.2317319940407634
leaf_count=51544 1215 5530 760 2132 2584 2340 904
internal_value=0 -0.345785 5.19776 3.85932 -0.559544 -0.642612 1.51348
internal_count=67009 62902 4107 3347 56468 53884 6434
shrinkage=1


Tree=1
num_leaves=8
num_cat=0
split_feature=4 3 3 8 6 0 2
split_gain=1089.52 198.872 162.784 76.4571 61.2504 58.2314 53.0975
threshold=149.83333333333334 86.583333333333357 98.250000000000014 1.0000000180025095e-35 6.3500000000000005 49.500000000000007 28.850000000000005
decision_type=8 10 10 2 10 2 10
left_child=1 5 4 -3 -2 -1 -7
right_child=2 3 -4 -5 -6 6 -8
leaf_value=-0.041704878740375387 0.083744029430769251 0.021304380779123163 0.25383185446072049 0.1532381435524231 0.25099505675292422 -0.010616488041813596 0.14697931908012993
leaf_count=38067 3137 10982 2088 869 411 11073 382
internal_value=0 -0.396391 3.41174 0.645383 2.16619 -0.658777 -0.0858305
internal_count=67009 61373 5636 11851 3548 49522 11455
shrinkage=0.05


Tree=2
num_leaves=8
num_cat=0
split_feature=4 3 3 8 0 2 3
split_gain=849.519 183.441 83.7189 57.2278 56.9464 43.602 36.6731
threshold=149.83333333333334 86.583333333333357 100.25000000000001 1.0000000180025095e-35 49.500000000000007 28.850000000000005 92.833333333333357
decision_type=8 10 10 2 2 10 10
left_child=1 4 -2 6 -1 -6 -3
right_child=2 3 -4 -5 5 -7 -8
leaf_value=-0.041311708696718512 0.10053256043919366 0.0027942918715898857 0.20055933177445767 0.12696281695131079 -0.01019670906474099 0.12474551496673102 0.058802319839650313
leaf_count=38067 4047 7892 1589 869 11073 382 3090
internal_value=0 -0.384298 2.74959 0.594562 -0.646866 -0.0813525 0.396461
internal_count=67009 61373 5636 11851 49522 11455 10982
shrinkage=0.05


Tree=3
num_leaves=8
num_cat=0
split_feature=4 3 3 8 0 0 0
split_gain=711.434 134.899 91.271 47.5741 44.5726 35.588 30.8896
threshold=145.83333333333334 94.833333333333357 86.583333333333357 1.0000000180025095e-35 57.500000000000007 49.500000000000007 58.500000000000007
decision_type=8 8 10 2 2 2 2
left_child=2 5 4 6 -1 -2 -4
right_child=1 -3 3 -5 -6 -7 -8
leaf_value=-0.036296169068626212 0.021507738934848961 0.13946531695836137 -0.0012264921516066285 0.11114484978405498 0.031845513057646824 0.085600190642517102 0.11951346355132719
leaf_count=45906 3913 3673 8099 646 1942 2485 345
internal_value=0 1.82852 -0.483148 0.311357 -0.661307 0.975269 0.100384
internal_count=67009 10071 56938 9090 47848 6398 8444
shrinkage=0.05


Tree=4
num_leaves=8
num_cat=0
split_feature=4 3 3 6 0 8 2
split_gain=601.158 96.4793 86.1067 47.091 44.2947 38.2795 32.249
threshold=145.83333333333334 98.250000000000014 86.583333333333357 6.3500000000000005 49.500000000000007 1.0000000180025095e-35 28.850000000000005
decision_type=8 8 10 10 2 2 10
left_child=2 3 4 -2 -1 -4 -6
right_child=1 -3 5 -5 6 -7 -8
leaf_value=-0.04089343676424427 0.039542636869995644 0.12845257945726418 0.0047880491286843557 0.13616148466284614 -0.012164132946851853 0.095858723721523154 0.10603827591118638
leaf_count=36963 6915 2389 8444 767 10553 646 332
internal_value=0 1.58859 -0.470296 1.0365 -0.649488 0.292793 -0.13156
internal_count=67009 10071 56938 7682 47848 9090 10885
shrinkage=0.05


Tree=5
num_leaves=8
num_cat=0
split_feature=4 4 0 2 0 3 8
split_gain=522.482 95.9742 66.1318 36.7888 32.8624 35.1972 27.7334
threshold=142.83333333333334 155.33333333333334 49.500000000000007 27.650000000000002 49.500000000000007 90.833333333333357 1.0000000180025095e-35
decision_type=8 8 2 10 2 10 2
left_child=2 4 6 -4 5 -2 -1
right_child=1 -3 3 -5 -6 -7 -8
leaf_value=-0.039093368940278483 -0.010809838134720766 0.10468493191042837 -0.0054869954489403421 0.083344785042482938 0.066284824865093114 0.050238001223910728 0.027374622430012631
leaf_count=39265 3945 3144 12249 817 3761 2589 1239
internal_value=0 1.23715 -0.524046 0.0342128 0.759785 0.378896 -0.730772
internal_count=67009 13439 53570 13066 10295 6534 40504
shrinkage=0.05


Tree=6
num_leaves=8
num_cat=0
split_feature=3 0 3 6 2 0 2
split_gain=459.622 81.7815 72.7552 41.9112 38.8561 36.966 29.1604
threshold=88.833333333333357 49.500000000000007 98.250000000000014 6.3500000000000005 27.650000000000002 57.500000000000007 34.050000000000004
decision_type=8 2 8 10 10 2 10
left_child=1 6 3 -2 5 -3 -1
right_child=2 4 -4 -5 -6 -7 -8
leaf_value=-0.038347068082337232 0.027210317664309144 -0.016126978598518523 0.094018715910578587 0.10822407600807896 0.081438815101151835 0.044163219398739462 0.097823502650274674
leaf_count=40635 9331 9933 2746 906 865 2325 268
internal_value=0 -0.503312 1.134 0.730417 0.10306 -0.0553589 -0.741684
internal_count=67009 54026 12983 10237 13123 12258 40903
shrinkage=0.05


Tree=7
num_leaves=8
num_cat=0
split_feature=4 4 0 2 2 0 4
split_gain=418.045 68.0742 53.9803 36.724 34.7361 33.7643 23.1102
threshold=140.83333333333334 155.33333333333334 48.500000000000007 23.950000000000003 29.450000000000003 45.500000000000007 178.33333333333334
decision_type=8 8 2 10 8 2 10
left_child=2 4 -1 -4 5 -2 -3
right_child=1 6 3 -5 -6 -7 -8
leaf_value=-0.038429324014289258 -0.0056544120670218552 0.070807529168865416 -0.020043049432136636 0.029898287258035967 0.089672560905954796 0.039602800763905377 0.14814489143172704
leaf_count=36722 4986 2871 10003 4294 1234 6626 273
internal_value=0 0.947186 -0.547206 -0.075824 0.597187 0.444424 1.62003
internal_count=67009 15990 51019 14297 12846 11612 3144
shrinkage=0.05


Tree=8
num_leaves=8
num_cat=0
split_feature=4 3 0 0 7 0 2
split_gain=370.937 54.1039 52.2399 35.8799 37.0935 35.2769 32.9997
threshold=140.83333333333334 92.833333333333357 48.500000000000007 58.500000000000007 1.0000000180025095e-35 59.500000000000007 23.950000000000003
decision_type=8 8 2 2 2 2 10
left_child=2 3 -1 4 -2 -5 -4
right_child=1 -3 6 5 -6 -7 -8
leaf_value=-0.03794859047001671 0.006832944213482732 0.062999122007100658 -0.019432963337386859 0.21286028865512596 0.13101978399225075 0.035871271224689201 0.027609354366160022
leaf_count=36722 9275 5806 10003 187 277 445 4294
internal_value=0 0.86066 -0.534491 0.414123 0.255013 1.97918 -0.0725025
internal_count=67009 15990 51019 10184 9552 632 14297
shrinkage=0.05


Tree=9
num_leaves=8
num_cat=0
split_feature=3 0 3 4 6 2 0
split_gain=331.023 72.0671 36.0799 32.0498 27.1141 25.6655 25.2845
threshold=88.833333333333357 49.500000000000007 98.250000000000014 127.25000000000001 6.3500000000000005 34.050000000000004 57.500000000000007
decision_type=8 2 10 10 10 10 2
left_child=1 5 4 -3 -2 -1 -5
right_child=2 3 -4 6 -6 -7 -8
leaf_value=-0.037076026027471148 0.022060039140019722 -0.022959990794260112 0.067140292736619672 0.0069905031277838932 0.082071083615012308 0.085459298302294831 0.064578152935650349
leaf_count=40635 9349 5772 2728 5814 906 268 1537
internal_value=0 -0.47041 0.875081 0.0855099 0.592339 -0.714261 0.44452
internal_count=67009 54026 12983 13123 10255 40903 7351
shrinkage=0.05


Tree=10
num_leaves=8
num_cat=0
split_feature=4 0 0 4 2 2 3
split_gain=301.99 48.8631 39.101 29.4044 28.9498 27.7523 21.9924
threshold=140.83333333333334 48.500000000000007 45.500000000000007 152.83333333333334 23.950000000000003 26.550000000000004 98.833333333333357
decision_type=8 2 2 8 10 8 10
left_child=1 -1 5 -4 -3 6 -2
right_child=2 4 3 -5 -6 -7 -8
leaf_value=-0.037044513117731034 -0.02126526997497941 -0.018682417467699455 0.031729668255887543 0.069875171700846658 0.025089432813486075 0.044532815570749375 0.03889694942714602
leaf_count=36722 4167 10003 6570 2603 4294 2126 524
internal_value=0 -0.511569 0.732601 0.993571 -0.0684728 0.272681 -0.099955
internal_count=67009 51019 15990 9173 14297 6817 4691
shrinkage=0.05


Tree=11
num_leaves=8
num_cat=0
split_feature=3 0 6 4 4 4 2
split_gain=273.251 54.8095 38.081 33.5057 23.9609 21.3776 17.7117
threshold=86.583333333333357 49.500000000000007 8.75 145.83333333333334 143.25000000000003 178.33333333333334 26.450000000000003
decision_type=8 2 10 8 10 10 10
left_child=1 6 3 -2 -3 -5 -1
right_child=2 4 -4 5 -6 -7 -8
leaf_value=-0.041376553422401548 0.0098757489241696993 -0.0088164535763366764 0.1632423615832253 0.03801573677591117 0.046222552798050077 0.099520541395486814 -0.0044676097100932854
leaf_count=34358 9008 10576 166 7331 1199 264 4107
internal_value=0 -0.511791 0.662414 0.618055 0.0038058 0.851664 -0.74212
internal_count=67009 50240 16769 16603 11775 7595 38465
shrinkage=0.05


Tree=12
num_leaves=8
num_cat=0
split_feature=3 0 4 2 7 0 0
split_gain=245.61 52.708 30.109 25.2757 23.2975 21.907 20.4545
threshold=86.583333333333357 49.500000000000007 166.33333333333334 26.950000000000003 1.0000000180025095e-35 50.500000000000007 57.500000000000007
decision_type=8 2 10 8 2 2 2
left_child=1 -1 3 5 6 -2 -3
right_child=2 4 -4 -5 -6 -7 -8
leaf_value=-0.036598690613620574 0.0032986792972862391 -0.014949298885983332 0.067039354313840518 0.048748791096007743 0.095345192005169402 0.034745381130633704 0.029577848510814832
leaf_count=38465 7964 9264 961 3543 340 4301 2171
internal_value=0 -0.499085 0.61078 0.493025 0.0036811 0.321645 -0.0810596
internal_count=67009 50240 16769 15808 11775 12265 11435
shrinkage=0.05


Tree=13
num_leaves=8
num_cat=0
split_feature=4 0 2 0 2 4 8
split_gain=225.815 44.2086 27.4131 26.8421 19.5801 18.4268 18.1293
threshold=140.83333333333334 48.500000000000007 21.150000000000002 45.500000000000007 26.550000000000004 178.33333333333334 1.0000000180025095e-35
decision_type=8 2 10 2 8 8 2
left_child=1 6 -3 4 -2 -5 -1
right_child=3 2 -4 5 -6 -7 -8
leaf_value=-0.038140409023747067 -0.0054736590300917204 -0.034878409468929512 0.010020801168168546 0.035766673082772024 0.034747339650094161 0.097533240393540499 0.026245693304534207
leaf_count=35711 4691 4602 9695 8981 2126 192 1011
internal_value=0 -0.477583 -0.0608988 0.587474 0.211393 0.788977 -0.713087
internal_count=67009 51019 14297 15990 6817 9173 36722
shrinkage=0.05


Tree=14
num_leaves=8
num_cat=0
split_feature=3 0 2 3 2 0 8
split_gain=208.344 42.2697 32.2368 27.2136 18.6958 16.3868 15.6237
threshold=84.833333333333357 57.500000000000007 25.450000000000003 92.833333333333357 26.450000000000003 44.500000000000007 1.0000000180025095e-35
decision_type=8 2 8 10 10 2 2
left_child=1 4 3 5 -1 -2 -6
right_child=2 -3 -4 -5 6 -7 -8
leaf_value=-0.035824154716919188 -0.030923262382304025 0.029224185368676187 0.041269935313502086 0.029222970517420573 -0.012073939838023519 0.0080279986127553514 0.075008995524260408
leaf_count=39711 3507 1943 7120 4167 3881 6303 377
internal_value=0 -0.536697 0.480537 0.25636 -0.633265 -0.0673986 -0.00349187
internal_count=67009 45912 21097 13977 43969 9810 4258
shrinkage=0.05


Tree=15
num_leaves=8
num_cat=0
split_feature=3 0 4 8 4 0 0
split_gain=188.83 40.6062 27.762 27.2459 17.0833 16.805 15.7814
threshold=84.833333333333357 49.500000000000007 145.83333333333334 1.0000000180025095e-35 127.25000000000001 58.500000000000007 57.500000000000007
decision_type=8 2 8 2 10 2 2
left_child=1 -1 3 5 -3 -2 -6
right_child=2 4 -4 -5 6 -7 -8
leaf_value=-0.037478674425827259 -0.0058869477723934166 -0.022043409911193412 0.032288471827581149 0.061511340102547107 -0.0009649293117943539 0.062094319428037927 0.052538339189343641
leaf_count=35560 11307 5505 8425 887 3818 478 1029
internal_value=0 -0.523931 0.446115 0.12119 -0.0460807 -0.0279064 0.305921
internal_count=67009 45912 21097 12672 10352 11785 4847
shrinkage=0.05


Tree=16
num_leaves=8
num_cat=0
split_feature=3 0 2 3 4 0 4
split_gain=171.491 39.1763 25.9371 22.1029 15.6022 14.7469 13.9168
threshold=84.833333333333357 49.500000000000007 25.450000000000003 92.833333333333357 127.25000000000001 44.500000000000007 178.33333333333334
decision_type=8 2 8 10 10 2 10
left_child=1 -1 3 5 -3 -2 -4
right_child=2 4 6 -5 -6 -7 -8
leaf_value=-0.036981850430803716 -0.030476354975517886 -0.021421027599078851 0.031856419186464764 0.025045261725322683 0.014347306314783781 0.0066450700391927414 0.09201617522172692
leaf_count=35560 3507 5505 6992 4167 4847 6303 128
internal_value=0 -0.511251 0.415231 0.215551 -0.0439555 -0.0775649 0.713587
internal_count=67009 45912 21097 13977 10352 9810 7120
shrinkage=0.05


Tree=17
num_leaves=8
num_cat=0
split_feature=3 3 2 7 0 0 2
split_gain=157.805 35.3829 26.6763 24.9615 24.7736 24.6037 19.9984
threshold=80.833333333333357 90.833333333333357 34.150000000000013 1.0000000180025095e-35 58.500000000000007 49.500000000000007 29.050000000000004
decision_type=8 8 10 2 2 2 10
left_child=5 2 3 4 -2 -1 -7
right_child=1 -3 -4 -5 -6 6 -8
leaf_value=-0.040360536179111839 -0.010247904274322869 0.027331853425309117 0.11341535852636737 0.079196120995056921 0.047931888656868538 -0.014265890808675272 0.08374885359338928
leaf_count=29626 18404 9692 213 429 898 7555 192
internal_value=0 0.31758 0.022113 -0.0295217 -0.0977764 -0.610919 -0.163435
internal_count=67009 29636 19944 19731 19302 37373 7747
shrinkage=0.05


Tree=18
num_leaves=8
num_cat=0
split_feature=3 4 8 0 0 2 6
split_gain=144.867 31.0913 28.5389 28.3704 24.0909 17.4528 16.7406
threshold=80.833333333333357 145.83333333333334 1.0000000180025095e-35 58.500000000000007 49.500000000000007 29.050000000000004 6.4500000000000011
decision_type=8 8 2 2 2 10 10
left_child=4 2 3 -2 -1 6 -6
right_child=1 -3 -4 -5 5 -7 -8
leaf_value=-0.039944032633614762 -0.010331485848949946 0.025499451528076429 0.050334790802196099 0.060549733224575131 -0.020626202685321837 0.075095231849430136 0.058865663143431571
leaf_count=29626 18253 9323 1320 740 7079 192 476
internal_value=0 0.297597 0.021531 -0.103045 -0.598643 -0.156083 -0.27508
internal_count=67009 29636 20313 18993 37373 7747 7555
shrinkage=0.05


Tree=19
num_leaves=8
num_cat=0
split_feature=3 2 0 4 2 5 3
split_gain=132.948 29.8108 23.585 23.0822 14.7586 17.1409 21.6003
threshold=80.833333333333357 24.650000000000002 48.500000000000007 140.83333333333334 20.450000000000003 1.4025182134938234 73.833333333333357
decision_type=8 8 2 10 10 8 10
left_child=2 3 -1 -2 -4 6 -6
right_child=1 -3 4 -5 5 -7 -8
leaf_value=-0.040374873475243156 -0.016884845310232859 0.026385884824235806 -0.042370375495091601 0.013057132206444767 -0.022002323793859292 -0.0076820232000706524 0.11829812641866738
leaf_count=28232 10287 11679 2654 7670 455 5552 480
internal_value=0 0.278897 -0.586231 0.0558226 -0.18193 0.0505365 1.21287
internal_count=67009 29636 37373 17957 9141 6487 935
shrinkage=0.05


Tree=20
num_leaves=8
num_cat=0
split_feature=3 3 0 2 7 0 6
split_gain=122.066 26.5694 23.0599 21.2794 19.9419 19.342 18.3062
threshold=80.833333333333357 90.833333333333357 48.500000000000007 34.150000000000013 1.0000000180025095e-35 58.500000000000007 8.75
decision_type=8 8 2 10 2 2 10
left_child=2 3 -1 4 5 -2 -3
right_child=1 6 -4 -5 -6 -7 -8
leaf_value=-0.039960919998856176 -0.010264616048033089 0.020846903617520451 -0.0087269339036060607 0.094604963313161289 0.066181102360697325 0.039046318529959538 0.1109302481520491
leaf_count=28232 18404 9588 9141 213 429 898 104
internal_value=0 0.26142 -0.573848 0.00506644 -0.0431354 -0.106615 0.45177
internal_count=67009 29636 37373 19944 19731 19302 9692
shrinkage=0.05


Tree=21
num_leaves=8
num_cat=0
split_feature=3 2 0 0 2 6 4
split_gain=112.247 24.6572 22.5579 21.801 15.2105 14.9667 13.4442
threshold=80.833333333333357 24.650000000000002 49.500000000000007 44.500000000000007 29.050000000000004 6.4500000000000011 178.33333333333334
decision_type=8 8 2 2 10 10 10
left_child=2 3 -1 -2 5 -4 -3
right_child=1 6 4 -5 -6 -7 -8
leaf_value=-0.038643554856926422 -0.021075248298949946 0.020620550749477794 -0.019445488266302238 0.010262220151199866 0.068415511004779619 0.054467180018457996 0.072603371836662572
leaf_count=29626 6557 11537 7079 11400 192 476 142
internal_value=0 0.24585 -0.561363 0.0426718 -0.133938 -0.251484 0.466376
internal_count=67009 29636 37373 17957 7747 7555 11679
shrinkage=0.05


Tree=22
num_leaves=8
num_cat=0
split_feature=4 0 2 8 2 0 2
split_gain=104.377 32.8062 21.8645 15.7742 17.7006 14.9724 11.5743
threshold=140.83333333333334 48.500000000000007 21.150000000000002 1.0000000180025095e-35 26.950000000000003 45.500000000000007 23.250000000000004
decision_type=8 2 10 2 8 2 8
left_child=1 3 -3 -1 -5 6 -2
right_child=5 2 -4 4 -6 -7 -8
leaf_value=-0.034444201926433021 -0.019957748762540833 -0.032663336219637872 0.0093020725380582384 -0.020250665509152211 0.10363283150484695 0.023679643175128051 0.012253071459952169
leaf_count=35711 2430 4602 9695 751 260 9173 4387
internal_value=0 -0.38335 -0.0344717 -0.628935 0.515197 0.339423 0.0715525
internal_count=67009 51019 14297 36722 1011 15990 6817
shrinkage=0.05


Tree=23
num_leaves=8
num_cat=0
split_feature=3 0 3 2 0 6 2
split_gain=96.9957 21.3822 20.3175 17.7696 18.3033 14.5415 13.4839
threshold=80.833333333333357 48.500000000000007 90.833333333333357 29.950000000000003 45.500000000000007 8.75 20.450000000000003
decision_type=8 2 8 8 2 10 10
left_child=1 -1 3 4 -2 -4 -3
right_child=2 6 5 -5 -6 -7 -8
leaf_value=-0.038754960105826575 -0.024462770351002517 -0.041545810558783806 0.01753545895361942 0.043612738204858705 0.0061331006856297056 0.093576790369803417 0.0029167267041955674
leaf_count=28232 8782 2654 9588 1118 10044 104 6487
internal_value=0 -0.539714 0.220933 -0.00405184 -0.0899783 0.38191 -0.157623
internal_count=67009 37373 29636 19944 18826 9692 9141
shrinkage=0.05


Tree=24
num_leaves=8
num_cat=0
split_feature=3 0 2 0 3 2 5
split_gain=89.1908 20.7803 19.2515 17.2131 14.5768 12.7919 15.2839
threshold=80.833333333333357 48.500000000000007 24.650000000000002 49.500000000000007 87.833333333333357 20.450000000000003 1.036254107338445
decision_type=8 2 8 2 10 10 8
left_child=1 -1 3 4 -2 -3 -7
right_child=2 5 -4 -5 -6 6 -8
leaf_value=-0.038297996347205987 -0.03360625174601347 -0.041174370853589014 0.019846422924964281 0.013241092166936926 0.00028158451926108143 0.10359767651380417 -0.0025285924832515226
leaf_count=28232 6593 2654 11679 6768 4596 241 6246
internal_value=0 -0.527208 0.207901 0.0279984 -0.220668 -0.151442 0.0553
internal_count=67009 37373 29636 17957 11189 9141 6487
shrinkage=0.05


Tree=25
num_leaves=8
num_cat=0
split_feature=3 0 4 0 2 6 3
split_gain=81.899 20.2101 17.0263 18.1286 19.6984 16.8427 12.7043
threshold=80.833333333333357 48.500000000000007 152.83333333333334 38.500000000000007 29.450000000000003 8.75 94.833333333333357
decision_type=8 2 10 2 8 8 10
left_child=1 -1 3 -2 6 -4 -5
right_child=2 -3 5 4 -6 -7 -8
leaf_value=-0.03782970063249666 -0.03602724512160866 -0.0072339334756073405 0.015241763322375085 -0.0024000904378337854 0.041004526861974082 0.055841658206951097 0.024665679832657186
leaf_count=28232 2592 9141 3391 19726 1597 600 1730
internal_value=0 -0.514498 0.195491 0.0658679 0.128369 0.425576 0.044649
internal_count=67009 37373 29636 25645 23053 3991 21456
shrinkage=0.05


Tree=26
num_leaves=8
num_cat=0
split_feature=3 0 2 0 2 6 7
split_gain=75.2594 19.6251 15.998 18.2954 12.8349 13.2048 10.7971
threshold=80.833333333333357 49.500000000000007 24.950000000000003 44.500000000000007 29.050000000000004 6.4500000000000011 1.0000000180025095e-35
decision_type=8 2 8 2 10 10 2
left_child=1 -1 3 -2 5 -3 -4
right_child=2 4 6 -5 -6 -7 -8
leaf_value=-0.036374914715335917 -0.019959927284310178 -0.017997128123898015 0.015333987635634098 0.0083082338918917618 0.061331302608602589 0.050343093918586691 0.054575153218072082
leaf_count=29626 6908 7079 10232 12017 192 476 479
internal_value=0 -0.501853 0.184104 0.0300443 -0.10732 -0.222585 0.364283
internal_count=67009 37373 29636 18925 7747 7555 10711
shrinkage=0.05


Tree=27
num_leaves=8
num_cat=0
split_feature=4 2 0 0 0 2 4
split_gain=70.3486 26.4158 14.7606 14.2374 10.4234 10.0627 9.06688
threshold=140.83333333333334 23.950000000000003 40.500000000000007 52.500000000000007 45.500000000000007 20.450000000000003 178.33333333333334
decision_type=8 10 2 2 2 10 8
left_child=1 3 -3 -1 -2 -5 -6
right_child=4 2 -4 5 6 -7 -8
leaf_value=-0.033984274309101635 0.0019547378345377816 -0.033991340040788291 0.0090458036324137202 -0.037686767619677673 0.016068105980627696 0.0099887209453912162 0.052498056915926621
leaf_count=31753 6817 4022 10328 1630 8981 3286 192
internal_value=0 -0.336424 0.0220537 -0.543156 0.261012 -0.0799884 0.367639
internal_count=67009 51019 14350 36669 15990 4916 9173
shrinkage=0.05


Tree=28
num_leaves=8
num_cat=0
split_feature=4 0 8 5 3 2 2
split_gain=66.1219 23.465 17.66 19.1922 13.8801 13.8605 9.73292
threshold=127.25000000000001 41.500000000000007 1.0000000180025095e-35 2.1870833333333337 98.833333333333357 20.750000000000004 33.750000000000007
decision_type=8 2 2 8 10 8 8
left_child=-1 2 4 -4 -2 -3 -7
right_child=1 5 3 -5 -6 6 -8
leaf_value=-0.029349073836633429 -0.027790948674579846 -0.010869024410878675 0.19410157717578877 0.0058790749698268115 0.014960253194986214 0.012816651605737084 0.051807906780867247
leaf_count=28366 10263 4389 69 205 427 22812 478
internal_value=0 0.13693 -0.274672 1.36458 -0.366455 0.225829 0.284958
internal_count=67009 38643 10964 274 10690 27679 23290
shrinkage=0.05


Tree=29
num_leaves=8
num_cat=0
split_feature=4 0 8 5 3 2 2
split_gain=61.182 21.0039 16.2437 15.8513 12.9435 12.3582 10.0226
threshold=127.25000000000001 41.500000000000007 1.0000000180025095e-35 2.1870833333333337 98.833333333333357 20.750000000000004 24.650000000000002
decision_type=8 2 2 8 10 8 10
left_child=6 2 4 -4 -2 -3 -1
right_child=1 5 3 -5 -6 -7 -8
leaf_value=-0.034726519581132785 -0.027151205016582771 -0.010441130938123863 0.17120372762262415 0.0056160945871208262 0.014063919032442912 0.013362300811412722 -0.0013328353091968479
leaf_count=24368 10263 4389 69 205 427 23290 3998
internal_value=0 0.129531 -0.263701 1.27793 -0.354866 0.212336 -0.574529
internal_count=67009 38643 10964 274 10690 27679 28366
shrinkage=0.05


Tree=30
num_leaves=8
num_cat=0
split_feature=3 0 2 0 2 5 3
split_gain=57.0438 18.5728 12.1509 14.1805 11.4252 14.7899 16.0759
threshold=80.833333333333357 48.500000000000007 24.950000000000003 44.500000000000007 20.450000000000003 1.4025182134938234 73.833333333333357
decision_type=8 2 8 2 10 8 10
left_child=1 -1 3 -2 -3 6 -6
right_child=2 4 -4 -5 5 -7 -8
leaf_value=-0.035866292039205452 -0.018587578680164918 -0.039750115119158623 0.015252211010053108 0.0066384018779472691 -0.019939745495572158 -0.0058447100768446204 0.10150177889369064
leaf_count=28232 6908 2654 10711 12017 455 5552 480
internal_value=0 -0.460441 0.152253 0.0176032 -0.105569 0.0836451 1.1394
internal_count=67009 37373 29636 18925 9141 6487 935
shrinkage=0.05


Tree=31
num_leaves=8
num_cat=0
split_feature=4 0 8 5 3 2 0
split_gain=53.2255 17.7396 14.7678 13.2524 11.7736 10.5054 13.9737
threshold=127.25000000000001 41.500000000000007 1.0000000180025095e-35 2.1870833333333337 98.833333333333357 25.850000000000005 57.500000000000007
decision_type=8 2 2 8 10 8 2
left_child=-1 2 4 -4 -2 6 -3
right_child=1 5 3 -5 -6 -7 -8
leaf_value=-0.027617011429510615 -0.026293746222739601 4.4174515862767299e-05 0.15210608537330131 0.0051619093932011488 0.012952832275388749 0.019143010009064629 0.026725545683459917
leaf_count=28366 10263 18793 69 205 427 6898 1988
internal_value=0 0.117124 -0.24905 1.19112 -0.33963 0.191497 0.0896032
internal_count=67009 38643 10964 274 10690 27679 20781
shrinkage=0.05


Tree=32
num_leaves=8
num_cat=0
split_feature=4 0 2 8 2 6 1
split_gain=49.5739 22.2854 15.7952 13.1189 12.6265 8.7186 7.91285
threshold=140.83333333333334 48.500000000000007 20.350000000000005 1.0000000180025095e-35 26.950000000000003 6.2500000000000009 1.5000000000000002
decision_type=8 2 10 2 8 10 2
left_child=1 3 -3 -1 -5 -6 -4
right_child=-2 2 6 4 5 -7 -8
leaf_value=-0.030240294370881576 0.010452737031948794 -0.038048734459933321 0.011626370690539478 -0.01825531779294463 0.12493880947736601 -0.011090636801192186 -0.019325069298039683
leaf_count=35711 15990 3268 8669 751 182 78 2360
internal_value=0 -0.296582 -0.0192942 -0.535729 0.49261 1.66879 0.115826
internal_count=67009 51019 14297 36722 1011 260 11029
shrinkage=0.05


Tree=33
num_leaves=8
num_cat=0
split_feature=4 0 8 5 3 2 2
split_gain=46.4159 15.2951 13.0633 10.9795 10.5832 9.85849 9.62251
threshold=127.25000000000001 41.500000000000007 1.0000000180025095e-35 2.1870833333333337 98.833333333333357 24.650000000000002 20.750000000000004
decision_type=8 2 2 8 10 10 8
left_child=5 2 4 -4 -2 -1 -3
right_child=1 6 3 -5 -6 -7 -8
leaf_value=-0.032946105036286914 -0.025464875026724648 -0.01001882019971179 0.13328670978135079 0.004131519145928764 0.011643768273592231 0.0010961353959022251 0.011041796309806793
leaf_count=24368 10263 4389 69 205 427 3998 23290
internal_value=0 0.106384 -0.23726 1.08161 -0.326234 -0.530421 0.174146
internal_count=67009 38643 10964 274 10690 28366 27679
shrinkage=0.05


Tree=34
num_leaves=8
num_cat=0
split_feature=3 0 6 3 2 5 3
split_gain=43.315 17.0961 11.4937 10.4962 10.0652 13.0071 12.6533
threshold=80.833333333333357 48.500000000000007 11.15 105.83333333333336 20.450000000000003 1.4025182134938234 72.833333333333357
decision_type=8 2 10 10 10 8 10
left_child=1 -1 3 -2 -3 6 -6
right_child=2 4 -4 -5 5 -7 -8
leaf_value=-0.034277689863207776 0.003541894842042051 -0.038528211528325244 0.09967330895174481 0.025113384679303071 -0.0260895804177819 -0.0051873042434845869 0.085050879785158795
leaf_count=28232 28874 2654 57 705 393 5552 542
internal_value=0 -0.420281 0.126707 0.116285 -0.0809539 0.0901031 1.05729
internal_count=67009 37373 29636 29579 9141 6487 935
shrinkage=0.05


Tree=35
num_leaves=8
num_cat=0
split_feature=4 6 0 8 0 5 2
split_gain=40.3218 16.3337 14.1052 12.2666 9.97563 9.92255 9.44547
threshold=127.25000000000001 12.250000000000002 41.500000000000007 1.0000000180025095e-35 39.500000000000007 2.8796551724137935 24.650000000000002
decision_type=8 10 2 2 2 8 10
left_child=6 2 3 -2 -5 -6 -1
right_child=1 -3 -4 4 5 -7 -8
leaf_value=-0.03197258577085537 -0.016719452553539068 0.14727084393227474 0.0075909873091282365 -0.034167433343072144 0.12936282396664639 -0.012428654888113712 0.0016526390055324161
leaf_count=24368 10685 24 27660 92 110 72 3998
internal_value=0 0.0965635 0.0877402 -0.24536 1.01021 1.72058 -0.507961
internal_count=67009 38643 38619 10959 274 182 28366
shrinkage=0.05


Tree=36
num_leaves=8
num_cat=0
split_feature=4 0 2 8 2 6 1
split_gain=37.7059 19.2591 13.5586 11.4989 10.5183 6.91895 6.8687
threshold=140.83333333333334 48.500000000000007 20.350000000000005 1.0000000180025095e-35 26.950000000000003 6.2500000000000009 1.5000000000000002
decision_type=8 2 10 2 8 10 2
left_child=1 3 -3 -1 -5 -6 -4
right_child=-2 2 6 4 5 -7 -8
leaf_value=-0.028610579990432761 0.0088399343275892116 -0.036842341945955891 0.010664884819242918 -0.018057545400821395 0.10651516074658328 -0.011422542419850029 -0.018454459537674807
leaf_count=35711 15990 3268 8669 751 182 78 2360
internal_value=0 -0.267236 -0.0123468 -0.501391 0.4426 1.45322 0.107242
internal_count=67009 51019 14297 36722 1011 260 11029
shrinkage=0.05


Tree=37
num_leaves=8
num_cat=0
split_feature=3 0 6 2 3 5 2
split_gain=35.1849 15.7557 10.4265 9.51666 13.8464 11.0165 8.94547
threshold=80.833333333333357 48.500000000000007 12.250000000000002 22.450000000000003 92.833333333333357 1.6616515837104073 20.450000000000003
decision_type=8 2 10 8 10 8 10
left_child=1 -1 3 4 -2 -6 -3
right_child=2 6 -4 -5 5 -7 -8
leaf_value=-0.032996246139486957 -0.018924581853792408 -0.037497404720909712 0.11814551881340547 0.0087569535466260479 -0.010975050456108224 0.029378283741226582 0.0044325653739755652
leaf_count=28232 8129 2654 20 19736 799 952 6487
internal_value=0 -0.390784 0.110853 0.103088 -0.113298 0.226365 -0.0671394
internal_count=67009 37373 29636 29616 9880 1751 9141
shrinkage=0.05


Tree=38
num_leaves=8
num_cat=0
split_feature=4 6 0 2 6 4 2
split_gain=33.0029 13.1255 12.4868 14.0703 12.8593 10.3921 8.87713
threshold=127.25000000000001 12.250000000000002 50.500000000000007 25.850000000000005 6.3500000000000005 153.83333333333334 24.650000000000002
decision_type=8 10 2 8 10 10 10
left_child=6 2 3 5 -4 -2 -1
right_child=1 -3 4 -5 -6 -7 -8
leaf_value=-0.030580663657731818 -0.016685349811780895 0.12475997914189395 0.0070853055671718616 0.0091417781858706762 0.036198727161158691 0.0076032322904898489 0.0024296586440795214
leaf_count=24368 19254 24 9353 7527 1239 1246 3998
internal_value=0 0.0843536 0.0760663 -0.0409601 0.236347 -0.20369 -0.47635
internal_count=67009 38643 38619 28027 10592 20500 28366
shrinkage=0.05


Tree=39
num_leaves=8
num_cat=0
split_feature=4 6 0 8 4 0 2
split_gain=30.4556 11.656 11.5 10.5472 8.71921 8.50791 8.48093
threshold=127.25000000000001 12.250000000000002 41.500000000000007 1.0000000180025095e-35 168.33333333333334 39.500000000000007 27.650000000000002
decision_type=8 10 2 2 10 2 10
left_child=6 2 3 4 -2 -5 -1
right_child=1 -3 -4 5 -6 -7 -8
leaf_value=-0.026632194950528227 -0.021074535331644204 0.11438587016402745 0.0064246441330814879 -0.034005629558617322 0.026278601151276584 0.075595157060077772 0.025763946015383662
leaf_count=27414 10553 24 27660 92 132 182 952
internal_value=0 0.0800171 0.0720098 -0.232314 -0.318914 0.898065 -0.46379
internal_count=67009 38643 38619 10959 10685 274 28366
shrinkage=0.05


Tree=40
num_leaves=8
num_cat=0
split_feature=3 0 6 5 4 0 0
split_gain=28.5178 14.9169 10.8624 8.32416 10.6125 9.90944 7.37776
threshold=80.833333333333357 57.500000000000007 7.2500000000000009 1.6062217923920052 178.33333333333334 38.500000000000007 57.500000000000007
decision_type=8 2 10 10 10 2 2
left_child=1 2 -1 6 5 -5 -2
right_child=3 -3 -4 4 -6 -7 -8
leaf_value=-0.025586079273298541 -0.011296717429407674 0.021227875377419027 0.057042694785733976 -0.023476477142809916 0.041031838650314817 0.0079404561192525525 0.023499615369890918
leaf_count=35630 6689 1438 305 2022 211 20234 480
internal_value=0 -0.361945 -0.46996 0.0972539 0.156285 0.123395 -0.130871
internal_count=67009 37373 35935 29636 22467 22256 7169
shrinkage=0.05


Tree=41
num_leaves=8
num_cat=0
split_feature=4 8 0 2 6 2 6
split_gain=26.5124 16.2101 18.4317 9.49157 7.47992 6.97547 7.51504
threshold=140.83333333333334 1.0000000180025095e-35 57.500000000000007 23.950000000000003 6.9500000000000011 25.850000000000005 5.6500000000000012
decision_type=8 2 2 10 10 10 8
left_child=1 2 3 4 -1 -4 -7
right_child=-2 -3 5 -5 -6 6 -8
leaf_value=-0.029058470858169129 0.0071674965733740797 0.022710883970937689 0.0067495827847334367 -0.0074606862794054062 0.054034724626385658 -0.029398043798680773 0.083761324613264534
leaf_count=34010 15990 2162 1670 12679 220 55 223
internal_value=0 -0.232342 -0.30831 -0.398827 -0.553678 0.417519 1.22464
internal_count=67009 51019 48857 46909 34230 1948 278
shrinkage=0.05


Tree=42
num_leaves=8
num_cat=0
split_feature=4 6 0 2 6 4 2
split_gain=24.8202 10.1983 9.83575 11.841 10.3465 8.75359 8.04252
threshold=127.25000000000001 12.250000000000002 50.500000000000007 25.850000000000005 6.3500000000000005 153.83333333333334 24.650000000000002
decision_type=8 10 2 8 10 10 10
left_child=6 2 3 5 -4 -2 -1
right_child=1 -3 4 -5 -6 -7 -8
leaf_value=-0.028582446244076017 -0.015823230022467345 0.10354700063004947 0.0058508556551120699 0.0080079042088593896 0.031339914305606446 0.0064019966361260686 0.0033483173700241697
leaf_count=24368 19254 24 9353 7527 1239 1246 3998
internal_value=0 0.0701737 0.062512 -0.0421373 0.202215 -0.19372 -0.432345
internal_count=67009 38643 38619 28027 10592 20500 28366
shrinkage=0.05


Tree=43
num_leaves=8
num_cat=0
split_feature=3 3 2 0 0 8 5
split_gain=23.4462 9.97672 15.2532 13.4954 23.4811 13.7665 13.0774
threshold=73.833333333333357 90.833333333333357 34.050000000000004 58.500000000000007 59.500000000000007 1.0000000180025095e-35 3.0259784075573548
decision_type=8 8 10 2 2 2 8
left_child=-1 2 3 5 -5 -2 -4
right_child=1 -3 6 4 -6 -7 -8
leaf_value=-0.025402295720930081 -0.013240547818290319 0.0082965974369532056 0.10146790560879615 0.076206706331237328 -0.0057765439887641117 0.020756800053043166 -0.023972335003354911
leaf_count=21559 32116 9692 192 468 1007 1853 122
internal_value=0 0.0559374 -0.072396 -0.1081 0.448432 -0.183731 1.22472
internal_count=67009 45450 35758 35444 1475 33969 314
shrinkage=0.05


Tree=44
num_leaves=8
num_cat=0
split_feature=3 6 4 8 0 6 2
split_gain=21.6948 9.4665 9.44431 11.1243 9.83495 7.11876 12.0547
threshold=73.833333333333357 12.250000000000002 140.83333333333334 1.0000000180025095e-35 57.500000000000007 6.2500000000000009 30.150000000000002
decision_type=8 10 8 2 2 8 8
left_child=-1 2 3 4 -2 6 -5
right_child=1 -3 -4 5 -6 -7 -8
leaf_value=-0.024769578434084304 -0.01467120975015801 0.097295760868813225 0.0062294211396756605 0.024449783924851223 0.018474527465185058 -0.004123988726465343 0.14713351310909548
leaf_count=21559 26908 24 15578 865 1353 656 66
internal_value=0 0.0531228 0.0459856 -0.123986 -0.207678 0.465132 0.92231
internal_count=67009 45450 45426 29848 28261 1587 931
shrinkage=0.05


Tree=45
num_leaves=8
num_cat=0
split_feature=3 6 4 2 5 0 0
split_gain=20.0812 8.79276 8.6412 9.03716 6.82309 6.69085 5.9721
threshold=73.833333333333357 8.75 140.83333333333334 23.950000000000003 2.5144957983193281 57.500000000000007 31.500000000000004
decision_type=8 10 8 10 10 2 2
left_child=5 2 3 -2 -3 -1 -4
right_child=1 4 6 -5 -6 -7 -8
leaf_value=-0.029011462579238863 -0.016341467081210852 -0.00093710176041761166 -0.030183790032300175 0.0039303720644754151 0.070104443328298155 0.018265630564308185 0.006379304831016723
leaf_count=20876 19085 134 681 10615 178 683 14757
internal_value=0 0.0506839 0.0347999 -0.129499 0.834405 -0.482754 0.110283
internal_count=67009 45450 45138 29700 312 21559 15438
shrinkage=0.05


Tree=46
num_leaves=8
num_cat=0
split_feature=3 6 8 4 0 2 5
split_gain=18.5527 8.02709 8.15514 11.9189 14.8825 11.2935 9.3907
threshold=73.833333333333357 12.250000000000002 1.0000000180025095e-35 145.83333333333334 58.500000000000007 34.650000000000013 3.6125740618828184
decision_type=8 10 2 8 2 10 8
left_child=-1 2 3 4 5 -2 -5
right_child=1 -3 -4 6 -6 -7 -8
leaf_value=-0.023507929909211397 -0.012851932371369033 0.086721642962498124 0.017144125079594976 0.0036780560056646275 0.027422418501614945 0.071048238804355943 0.032615543646963834
leaf_count=21559 32166 24 2782 8387 1181 178 732
internal_value=0 0.0480379 0.0412748 0.00309399 -0.153681 -0.23034 0.123635
internal_count=67009 45450 45426 42644 33525 32344 9119
shrinkage=0.05


Tree=47
num_leaves=8
num_cat=0
split_feature=4 3 2 7 0 6 2
split_gain=17.3388 8.06875 7.53834 7.44777 7.30531 10.5688 8.5063
threshold=127.25000000000001 72.833333333333357 24.650000000000002 1.0000000180025095e-35 50.500000000000007 6.3500000000000005 25.850000000000005
decision_type=8 8 10 2 2 10 8
left_child=2 -2 3 -1 6 -6 -3
right_child=1 4 -4 -5 5 -7 -8
leaf_value=-0.028408255992665589 -0.033648760045489383 -0.0076129218973720247 0.0054229972733919433 0.068641463240671996 0.0052510851805839809 0.030720630558159934 0.0074480584027291075
leaf_count=24197 2868 18505 3998 171 8940 1176 7154
internal_value=0 0.05633 -0.379535 -0.524987 0.0724877 0.192257 -0.0189484
internal_count=67009 38643 28366 24368 35775 10116 25659
shrinkage=0.05


Tree=48
num_leaves=8
num_cat=0
split_feature=4 0 8 5 6 8 3
split_gain=15.8958 7.59863 7.82315 8.19054 7.16163 7.21171 7.01121
threshold=127.25000000000001 41.500000000000007 1.0000000180025095e-35 2.1870833333333337 5.9500000000000011 1.0000000180025095e-35 98.833333333333357
decision_type=8 2 2 8 10 2 10
left_child=4 2 6 -4 -1 -6 -2
right_child=1 -3 3 -5 5 -7 -8
leaf_value=-0.024217754139769707 -0.022325087981747122 0.0048777344815668583 0.097457853113589829 -0.0028508266411251255 -0.0047770692524244521 0.073978965960434129 0.007779466509499621
leaf_count=25233 10263 27679 69 205 2848 285 427
internal_value=0 0.0533307 -0.197891 0.730163 -0.367413 0.216174 -0.278039
internal_count=67009 38643 10964 274 28366 3133 10690
shrinkage=0.05


Tree=49
num_leaves=8
num_cat=0
split_feature=3 6 3 8 0 5 2
split_gain=14.9993 7.13086 6.98713 6.99662 9.99396 9.27425 10.0895
threshold=73.833333333333357 12.250000000000002 105.83333333333336 1.0000000180025095e-35 45.500000000000007 1.2464760770299785 31.150000000000002
decision_type=8 10 10 2 2 8 10
left_child=-1 2 3 4 -2 -5 -7
right_child=1 -3 -4 5 -6 6 -8
leaf_value=-0.021833031062674559 -0.011564869778525529 0.079814327439636734 0.016843156827689693 0.080956956060215565 0.0027239120983734936 0.002500074170434941 0.057903750858679451
leaf_count=21559 21065 24 706 148 20911 2427 169
internal_value=0 0.0420705 0.0355855 0.00297112 -0.0357405 0.283766 0.191729
internal_count=67009 45450 45426 44720 41976 2744 2596
shrinkage=0.05


Tree=50
num_leaves=8
num_cat=0
split_feature=2 3 0 2 5 3 0
split_gain=14.2986 9.71023 12.8104 12.1797 9.55632 9.24267 8.72991
threshold=20.350000000000005 88.833333333333357 49.500000000000007 26.450000000000003 1.4263500482160079 85.833333333333357 38.500000000000007
decision_type=8 8 2 10 8 10 2
left_child=-1 2 3 -2 5 -4 -5
right_child=1 -3 4 6 -6 -7 -8
leaf_value=-0.019761967848493475 -0.025122213946240524 0.007057098280533059 0.052690401652253985 -0.038298857748508393 3.6110221512261433e-05 -0.02377541347975937 0.019600221077318607
leaf_count=15218 25054 11780 1280 1246 8782 232 3417
internal_value=0 0.0447055 -0.0985218 -0.317705 0.107406 0.71808 0.15908
internal_count=67009 51791 40011 29717 10294 1512 4663
shrinkage=0.05


Tree=51
num_leaves=8
num_cat=0
split_feature=3 0 6 6 5 0 0
split_gain=13.2006 6.69094 8.40908 6.42852 6.13024 6.07753 27.4134
threshold=73.833333333333357 53.500000000000007 5.8500000000000005 8.75 2.3769303872653844 58.500000000000007 59.500000000000007
decision_type=8 2 10 10 10 2 2
left_child=1 -1 -3 5 -4 -2 -7
right_child=3 2 4 -5 -6 6 -8
leaf_value=-0.028640298977879976 -0.00033469191191294384 -0.026214718676408455 0.079585891374545623 0.034214248230552753 -0.010355480054992622 0.056583265386343909 -0.0076840548991885015
leaf_count=19793 43102 1059 461 312 246 663 1373
internal_value=0 -0.417133 0.189687 0.0388488 0.930446 0.0248748 0.299602
internal_count=67009 21559 1766 45450 707 45138 2036
shrinkage=0.05


Tree=52
num_leaves=8
num_cat=0
split_feature=2 0 3 2 2 5 6
split_gain=12.8695 8.87697 10.1384 7.16433 6.69924 6.57133 5.6932
threshold=20.350000000000005 41.500000000000007 90.833333333333357 29.950000000000003 33.750000000000007 2.2919871794871796 5.8500000000000005
decision_type=8 2 10 10 8 8 10
left_child=6 2 3 -2 -3 -5 -1
right_child=1 4 -4 5 -6 -7 -8
leaf_value=-0.025314495857381637 -0.031850041047644793 0.0034674803317394165 0.0052577801524005549 0.076217320359328766 0.031817735912874581 -0.012585108175170168 0.0085223803276738164
leaf_count=13114 13854 34924 1600 206 644 563 2104
internal_value=0 0.0418206 -0.218841 -0.501141 0.0901284 0.362377 -0.379958
internal_count=67009 51791 16223 14623 35568 769 15218
shrinkage=0.05


Tree=53
num_leaves=8
num_cat=0
split_feature=2 3 0 2 5 3 0
split_gain=11.8325 8.08264 10.8473 11.6619 8.26154 7.91648 7.8815
threshold=20.350000000000005 88.833333333333357 49.500000000000007 24.050000000000004 1.4263500482160079 85.833333333333357 41.500000000000007
decision_type=8 8 2 10 8 10 2
left_child=-1 2 3 -2 5 -4 -5
right_child=1 -3 4 6 -6 -7 -8
leaf_value=-0.018397972328574558 -0.030497253943656866 0.0063353159022147736 0.04724184002459704 -0.022456275168478743 -0.00028181295089627778 -0.023381267605175216 0.01174151688675747
leaf_count=15218 18432 11780 1280 5312 8782 232 5973
internal_value=0 0.0397046 -0.0919644 -0.298387 0.094624 0.650028 -0.017956
internal_count=67009 51791 40011 29717 10294 1512 11285
shrinkage=0.05


Tree=54
num_leaves=8
num_cat=0
split_feature=4 2 7 3 6 0 6
split_gain=11.1533 6.66801 6.55372 6.50864 5.86703 5.32035 7.66454
threshold=127.25000000000001 24.650000000000002 1.0000000180025095e-35 72.833333333333357 12.250000000000002 50.500000000000007 6.3500000000000005
decision_type=8 10 2 8 10 2 10
left_child=1 2 -1 -2 5 -5 -7
right_child=3 -3 -4 4 -6 6 -8
leaf_value=-0.025804829908976586 -0.032100894934443722 0.0069780142247745439 0.063192733794823347 -0.0014245623362942579 0.071361866822544681 0.003832664423481721 0.025096847670716262
leaf_count=24197 2868 3998 171 25641 23 8940 1171
internal_value=0 -0.320303 -0.469416 0.0431043 0.0568503 0.0504263 0.150589
internal_count=67009 28366 24368 38643 35775 35752 10111
shrinkage=0.05


Tree=55
num_leaves=8
num_cat=0
split_feature=2 0 3 2 5 2 6
split_gain=10.5055 7.14842 8.69529 6.84959 5.84635 5.80021 5.36858
threshold=20.350000000000005 41.500000000000007 90.833333333333357 29.950000000000003 2.2919871794871796 33.750000000000007 5.8500000000000005
decision_type=8 2 10 10 8 8 10
left_child=6 2 3 -2 -5 -3 -1
right_child=1 5 -4 4 -6 -7 -8
leaf_value=-0.023963197064361633 -0.030683884367372405 0.003001222223969275 0.0046981553009714135 0.071596944119206557 -0.011610004382269647 0.028973943006182723 0.0091629439032390059
leaf_count=13114 13854 34924 1600 206 563 644 2104
internal_value=0 0.0369195 -0.200376 -0.473324 0.368819 0.0795015 -0.351458
internal_count=67009 51791 16223 14623 769 35568 15218
shrinkage=0.05


Tree=56
num_leaves=8
num_cat=0
split_feature=3 2 4 4 5 6 3
split_gain=9.84036 6.72372 13.9021 6.05967 5.53734 5.39581 4.98804
threshold=72.833333333333357 26.750000000000004 120.33333333333336 122.33333333333336 1.0041666666666669 12.450000000000001 105.83333333333336
decision_type=8 10 10 8 10 10 10
left_child=1 -1 -3 4 -2 6 -5
right_child=3 2 -4 5 -6 -7 -8
leaf_value=-0.025836536945322994 0.050603140665166295 0.11659065548557529 -0.028496516772220135 0.00066187894401378605 -0.029278658358560666 0.072898955625140746 0.01461170266694249
leaf_count=18392 479 334 568 40664 5846 20 706
internal_value=0 -0.403352 0.598126 0.0299288 -0.45167 0.0471899 0.0416815
internal_count=67009 19294 902 47715 6325 41390 41370
shrinkage=0.05


Tree=57
num_leaves=8
num_cat=0
split_feature=2 0 8 0 5 3 2
split_gain=9.40105 6.44847 8.0971 8.1788 8.03508 6.9633 5.06301
threshold=20.350000000000005 41.500000000000007 1.0000000180025095e-35 39.500000000000007 2.8796551724137935 90.833333333333357 33.750000000000007
decision_type=8 2 2 2 8 10 8
left_child=-1 2 5 -4 -5 -2 -3
right_child=1 6 3 4 -6 -7 -8
leaf_value=-0.016818013364075731 -0.026613457511840077 0.0028240505992773984 -0.036009161075295032 0.097336787307791814 -0.016697298321412292 -1.2250389333419462e-05 0.026799367908636962
leaf_count=15218 14332 34924 143 138 83 1527 644
internal_value=0 0.0347262 -0.192149 0.718749 1.27822 -0.273591 0.0748488
internal_count=67009 51791 16223 364 221 15859 35568
shrinkage=0.05


Tree=58
num_leaves=8
num_cat=0
split_feature=3 2 4 4 5 6 0
split_gain=8.72791 6.29096 12.1254 5.46655 5.21415 4.89979 4.81233
threshold=72.833333333333357 26.750000000000004 120.33333333333336 122.33333333333336 1.0041666666666669 12.450000000000001 57.500000000000007
decision_type=8 10 10 8 10 10 2
left_child=1 -1 -3 4 -2 6 -5
right_child=3 2 -4 5 -6 -7 -8
leaf_value=-0.024989951678408298 0.048191898867530988 0.1052479610806651 -0.027997484612680347 0.00028531089293337822 -0.028588640706116542 0.068390776003027662 0.012313132940252262
leaf_count=18392 479 334 568 38701 5846 20 2669
internal_value=0 -0.385637 0.572768 0.0279276 -0.436058 0.0440704 0.0387538
internal_count=67009 19294 902 47715 6325 41390 41370
shrinkage=0.05


Tree=59
num_leaves=8
num_cat=0
split_feature=2 0 8 0 5 3 6
split_gain=8.41996 5.73602 7.27564 7.25502 6.7427 6.46614 5.07529
threshold=20.350000000000005 41.500000000000007 1.0000000180025095e-35 39.500000000000007 2.8796551724137935 90.833333333333357 5.8500000000000005
decision_type=8 2 2 2 8 10 10
left_child=6 2 5 -4 -5 -2 -1
right_child=1 -3 3 4 -6 -7 -8
leaf_value=-0.022557663896823062 -0.025866847537735035 0.0035089475000142003 -0.035589810572892941 0.087271631248962561 -0.016315743532024776 -4.2086320561189155e-05 0.0099495074241478538
leaf_count=13114 14332 35568 143 138 83 1527 2104
internal_value=0 0.032658 -0.18284 0.667419 1.16997 -0.262193 -0.321821
internal_count=67009 51791 16223 364 221 15859 15218
shrinkage=0.05


Tree=60
num_leaves=8
num_cat=0
split_feature=3 2 4 4 5 5 0
split_gain=7.73593 5.87229 10.6079 5.27693 7.99511 7.43447 7.16723
threshold=72.833333333333357 26.750000000000004 120.33333333333336 166.33333333333334 3.6960403726708084 4.4519969278033802 58.500000000000007
decision_type=8 10 10 10 10 10 2
left_child=1 -1 -3 6 -5 -6 -2
right_child=3 2 -4 4 5 -7 -8
leaf_value=-0.024149717897072858 -0.0020404781122404206 0.095358389962286016 -0.027486457136149903 0.0077190847239410124 0.083366693630187685 -0.019958140154557571 0.015314111748212834
leaf_count=18392 44726 334 568 909 60 20 2000
internal_value=0 -0.368339 0.547745 0.0260173 0.258841 1.17031 -0.00509664
internal_count=67009 19294 902 47715 989 80 46726
shrinkage=0.05


Tree=61
num_leaves=8
num_cat=0
split_feature=2 0 2 6 4 6 3
split_gain=7.53719 5.25706 5.63982 5.03542 4.96506 4.70992 4.62947
threshold=20.350000000000005 31.500000000000004 21.350000000000005 12.450000000000001 169.25000000000003 5.8500000000000005 88.833333333333357
decision_type=8 2 8 10 10 10 8
left_child=5 2 -2 6 -4 -1 -3
right_child=1 3 4 -5 -6 -7 -8
leaf_value=-0.021782675927687463 0.045175059350623464 -0.0032339307145005831 -0.047109243882187388 0.06979408865457884 0.026212143156474438 0.0095369428439023435 0.0051754495574572838
leaf_count=13114 729 36510 3012 20 25 2104 11495
internal_value=0 0.0306559 -0.511608 0.0442761 -0.713941 -0.307735 0.0388366
internal_count=67009 51791 3766 48025 3037 15218 48005
shrinkage=0.05


Tree=62
num_leaves=8
num_cat=0
split_feature=4 0 2 2 8 6 1
split_gain=6.91686 8.77504 8 5.79721 6.91356 5.06984 4.844
threshold=140.83333333333334 48.500000000000007 20.350000000000005 26.950000000000003 1.0000000180025095e-35 6.2500000000000009 1.5000000000000002
decision_type=8 2 10 8 2 10 2
left_child=1 3 -3 -1 -5 -6 -4
right_child=-2 2 6 4 5 -7 -8
leaf_value=-0.021649612839977062 0.0034013300050666356 -0.031607034559104484 0.01003612846449378 -0.010152800732106801 0.073180680741598336 -0.016168403342572284 -0.015377134795916235
leaf_count=33329 15990 3268 8669 3133 182 78 2360
internal_value=0 -0.129593 0.0355896 -0.325003 0.10298 0.951291 0.115785
internal_count=67009 51019 14297 36722 3393 260 11029
shrinkage=0.05


Tree=63
num_leaves=8
num_cat=0
split_feature=2 0 6 4 2 2 8
split_gain=6.45475 4.77106 4.62334 4.54301 4.38515 4.57943 4.19993
threshold=20.350000000000005 30.500000000000004 12.250000000000002 150.83333333333334 37.650000000000013 21.350000000000005 1.0000000180025095e-35
decision_type=8 2 10 10 10 8 2
left_child=3 4 6 -1 5 -2 -3
right_child=1 2 -4 -5 -6 -7 -8
leaf_value=-0.02190762779987681 0.032157384058047737 0.00023610555316080006 0.060729929699422425 0.0067998215385148483 0.044663548807226866 -0.047036165582367534 0.012029639666601713
leaf_count=14802 633 45451 23 416 31 2593 3060
internal_value=0 0.0279701 0.0397105 -0.288885 -0.541766 -0.722672 0.0340114
internal_count=67009 51791 48534 15218 3257 3226 48511
shrinkage=0.05


Tree=64
num_leaves=8
num_cat=0
split_feature=3 0 1 6 5 4 5
split_gain=6.19961 5.4219 8.3035 7.0289 10.0966 4.54318 5.05149
threshold=72.833333333333357 53.500000000000007 1.5000000000000002 5.7500000000000009 2.1870833333333337 122.33333333333336 1.0041666666666669
decision_type=8 2 2 10 10 8 10
left_child=1 -1 3 -3 -5 6 -2
right_child=5 2 -4 4 -6 -7 -8
leaf_value=-0.025346310146772928 0.048092962778470853 -0.010138829161973926 -0.03273818300346492 0.15684051693869319 0.001495688243965372 0.0018637533320398619 -0.02751980422809765
leaf_count=17780 479 423 740 170 181 41390 5846
internal_value=0 -0.337867 0.275394 0.981841 1.78292 0.022938 -0.409951
internal_count=67009 19294 1514 774 351 47715 6325
shrinkage=0.05


Tree=65
num_leaves=8
num_cat=0
split_feature=2 3 5 0 6 5 5
split_gain=5.9619 10.6687 8.4137 6.55299 6.21221 5.92811 7.31311
threshold=22.450000000000003 92.833333333333357 1.6616515837104073 31.500000000000004 5.8500000000000005 2.1036721898790867 1.9602631578947369
decision_type=8 10 8 2 10 8 8
left_child=1 4 -3 -2 -1 6 -6
right_child=3 2 -4 -5 5 -7 -8
leaf_value=-0.020942288946898795 -0.03248954925321413 -0.01124038159915559 0.023337978680616635 0.0034261156067151629 0.0071510638329629582 -0.024695864605633798 0.089594113417484134
leaf_count=25910 2276 799 954 32632 2789 1338 311
internal_value=0 -0.145197 0.17109 0.052307 -0.306098 0.0889707 0.400049
internal_count=67009 32101 1753 34908 30348 4438 3100
shrinkage=0.05


Tree=66
num_leaves=8
num_cat=0
split_feature=4 0 2 2 8 5 3
split_gain=5.44909 7.65599 6.92372 5.14716 5.87582 4.90499 6.61281
threshold=140.83333333333334 48.500000000000007 20.350000000000005 26.950000000000003 1.0000000180025095e-35 1.4025182134938234 84.833333333333357
decision_type=8 2 10 8 2 8 10
left_child=1 3 -3 -1 -5 6 -4
right_child=-2 2 5 4 -6 -7 -8
leaf_value=-0.020439741697443583 0.0029924535405141369 -0.03034804256020281 0.050320764551161384 -0.0096380426111652637 0.04272943514850943 0.0016590601505008893 -0.013160701128788591
leaf_count=33329 15990 3268 1103 3133 260 9577 349
internal_value=0 -0.116249 0.0368626 -0.303024 0.0975789 0.108932 0.59496
internal_count=67009 51019 14297 36722 3393 11029 1452
shrinkage=0.05


Tree=67
num_leaves=8
num_cat=0
split_feature=0 8 0 5 4 0 5
split_gain=5.19226 7.68471 7.08296 6.51121 5.2276 5.9543 7.10077
threshold=41.500000000000007 1.0000000180025095e-35 39.500000000000007 2.8796551724137935 142.83333333333334 39.500000000000007 2.5687964841108863
decision_type=2 2 2 8 10 2 10
left_child=1 4 -3 -4 -1 6 -6
right_child=-2 2 3 -5 5 -7 -8
leaf_value=-0.025658637003108532 0.0016843194134421213 -0.035705695125937985 0.082062271538368689 -0.01705781519359658 0.031721061353672371 -0.020451041061146827 -0.014333458982806755
leaf_count=19430 44297 157 155 85 1085 1194 606
internal_value=0 -0.195228 0.651466 1.11628 -0.271354 -0.0690461 0.219741
internal_count=67009 22712 397 240 22315 2885 1691
shrinkage=0.05


Tree=68
num_leaves=8
num_cat=0
split_feature=2 0 3 4 5 1 3
split_gain=5.11836 9.03419 10.6358 7.17331 5.468 6.58796 7.94678
threshold=25.850000000000005 49.500000000000007 82.833333333333357 126.16666666666667 1.0489804078368652 1.5000000000000002 87.250000000000014
decision_type=8 2 10 10 8 2 8
left_child=1 2 -1 -4 5 6 -3
right_child=-2 4 3 -5 -6 -7 -8
leaf_value=-0.02770133128880611 0.0052552610146647492 0.090213342513628059 0.062712948198127338 -0.0052450817605415503 0.0011558841851547653 -0.021450646152776514 0.010102511757170028
leaf_count=28808 12354 405 789 10110 13998 336 209
internal_value=0 -0.0626689 -0.212534 -0.0711826 0.0599325 0.609732 0.960333
internal_count=67009 54655 39707 10899 14948 950 614
shrinkage=0.05


Tree=69
num_leaves=8
num_cat=0
split_feature=4 6 2 0 5 5 0
split_gain=4.94413 9.66786 8.00339 7.50665 7.2621 7.16858 7.78089
threshold=155.33333333333334 9.0500000000000025 27.650000000000002 58.500000000000007 2.694160997732427 2.335271317829458 44.500000000000007
decision_type=8 8 8 2 10 8 2
left_child=2 -2 3 4 -1 -3 -7
right_child=1 5 -4 -5 -6 6 -8
leaf_value=-0.0038518729535693208 0.0020795587621967359 0.0055564605905181674 0.0090451391933668267 0.012846382282995934 -0.019363570946844537 0.0057172955806960041 0.078729754742129593
leaf_count=45431 2691 225 5891 2051 10492 100 128
internal_value=0 0.128618 -0.0495795 -0.110933 -0.156392 0.646773 1.08793
internal_count=67009 3144 63865 57974 55923 453 228
shrinkage=0.05


Tree=70
num_leaves=8
num_cat=0
split_feature=2 6 5 3 4 6 0
split_gain=4.72011 4.18965 4.53433 6.92897 6.83491 4.11336 4.05884
threshold=20.350000000000005 5.8500000000000005 1.9602631578947369 92.833333333333357 156.25000000000003 12.450000000000001 41.500000000000007
decision_type=8 10 8 10 10 10 2
left_child=1 2 -1 -4 -5 6 -2
right_child=5 -3 3 4 -6 -7 -8
leaf_value=-0.027447436365244122 -0.0083694115419859355 0.010880601239348283 -0.019374583253243167 0.09417260538260705 -0.0175239510298652 0.060394865673268627 0.0024663951057624714
leaf_count=10042 16219 2104 2951 92 29 20 35552
internal_value=0 -0.253459 -0.382945 0.12314 1.03938 0.0235689 0.0186635
internal_count=67009 15218 13114 3072 121 51791 51771
shrinkage=0.05


Tree=71
num_leaves=8
num_cat=0
split_feature=4 5 0 0 2 4 3
split_gain=4.67731 6.77921 6.77163 16.3485 10.9389 11.6921 8.8008
threshold=166.33333333333334 3.6960403726708084 58.500000000000007 59.500000000000007 24.550000000000004 128.16666666666669 81.166666666666671
decision_type=10 10 2 2 10 8 8
left_child=2 -2 -1 4 5 -4 -6
right_child=1 -3 3 -5 6 -7 -8
leaf_value=-0.0030972857890231922 0.0060313475281052221 0.051610440590249843 -0.032938697703762614 -0.005238753521888127 0.072551757314306006 0.086565137424907915 -0.018453983143939524
leaf_count=63587 909 80 192 1653 85 336 167
internal_value=0 0.216652 -0.0279459 0.259649 0.868809 1.40971 0.12236
internal_count=67009 989 66020 2433 780 528 252
shrinkage=0.05


Tree=72
num_leaves=8
num_cat=0
split_feature=0 2 3 5 6 5 5
split_gain=4.58034 4.45157 8.54234 7.11743 5.24003 5.39141 6.0673
threshold=26.500000000000004 22.450000000000003 92.833333333333357 1.6616515837104073 5.8500000000000005 2.1768428890543565 2.0774225774225776
decision_type=2 8 10 8 10 8 8
left_child=-1 2 4 -4 -2 6 -6
right_child=1 -3 3 -5 5 -7 -8
leaf_value=-0.038089676697164579 -0.019130829859431802 0.002634658916140932 -0.010598046479778838 0.021162481940150413 0.0083610840295271875 -0.026141164391380829 0.092339675593948983
leaf_count=2453 24393 34003 797 952 3026 1186 199
internal_value=0 0.00758559 -0.120246 0.158164 -0.271838 0.0876053 0.357266
internal_count=67009 64556 30553 1749 28804 4411 3225
shrinkage=0.05


Tree=73
num_leaves=8
num_cat=0
split_feature=0 4 5 6 3 6 0
split_gain=4.33118 4.21984 6.11298 6.03515 6.36596 5.3794 6.46573
threshold=26.500000000000004 166.33333333333334 3.6960403726708084 4.9500000000000011 113.25000000000001 6.7500000000000009 58.500000000000007
decision_type=2 8 10 10 8 10 2
left_child=-1 5 3 4 -3 6 -2
right_child=1 2 -4 -5 -6 -7 -8
leaf_value=-0.037641705671147885 -0.0040914068881740392 0.07257847432889325 0.048888175378475188 0.0011831173866468036 -0.014744307427817399 0.013251363697654282 0.012529955650673439
leaf_count=2453 59455 63 79 822 28 1868 2241
internal_value=0 0.00724471 0.211938 0.120607 0.894414 -0.0194684 -0.0470929
internal_count=67009 64556 992 913 91 63564 61696
shrinkage=0.05


Tree=74
num_leaves=8
num_cat=0
split_feature=3 2 4 6 5 2 4
split_gain=4.09865 4.85242 9.48833 3.97794 6.70728 3.66336 3.46731
threshold=72.833333333333357 26.750000000000004 120.33333333333336 6.1500000000000012 1.9251865671641795 41.650000000000013 118.33333333333336
decision_type=8 10 10 10 10 10 8
left_child=1 3 -3 -1 -5 6 -2
right_child=5 2 -4 4 -6 -7 -8
leaf_value=-0.025237648432328071 -0.027325073289444279 0.088259538398601567 -0.026965340388943045 0.077316372804114561 -0.033217021665213536 0.053791966364163994 0.0011042038521146566
leaf_count=17668 3193 334 568 366 358 46 44476
internal_value=0 -0.285592 0.533475 -0.40545 0.493634 0.0183773 0.0136194
internal_count=67009 19294 902 18392 724 47715 47669
shrinkage=0.05


Tree=75
num_leaves=8
num_cat=0
split_feature=0 2 0 3 4 5 3
split_gain=4.06187 3.98812 6.53168 8.81894 6.71675 5.40696 5.45459
threshold=26.500000000000004 25.850000000000005 49.500000000000007 82.833333333333357 126.16666666666667 0.91331186258722508 72.833333333333357
decision_type=2 8 2 10 10 10 10
left_child=-1 2 3 5 -5 6 -2
right_child=1 -3 -4 4 -6 -7 -8
leaf_value=-0.037123484164487401 -0.030551994581746983 0.00499127952579445 0.0026973373199245198 0.060771037945476225 -0.0044448643165491816 -0.029767567972661238 0.072470766957246524
leaf_count=2453 1056 12027 14948 774 9963 24984 804
internal_value=0 0.00706076 -0.0486484 -0.180469 -0.055322 -0.515061 0.582932
internal_count=67009 64556 52529 37581 10737 26844 1860
shrinkage=0.05


Tree=76
num_leaves=8
num_cat=0
split_feature=0 3 6 6 4 4 2
split_gain=3.84036 3.86748 5.85415 5.98439 5.44894 5.00983 8.85739
threshold=26.500000000000004 105.83333333333336 6.1500000000000012 5.7500000000000009 181.33333333333334 182.50000000000003 29.150000000000002
decision_type=2 8 10 8 8 8 10
left_child=-1 4 3 -3 -2 6 -5
right_child=1 2 -4 5 -6 -7 -8
leaf_value=-0.036663760226769218 -0.0012299053685830834 0.0041111953236468973 -0.018541099210099592 0.060753725131802765 0.047300518546841551 -0.010884248208449408 -0.017014547021022036
leaf_count=2453 63787 361 108 169 53 40 38
internal_value=0 0.00675428 0.222245 0.350644 -0.0165067 0.711975 0.907854
internal_count=67009 64556 716 608 63840 247 207
shrinkage=0.05


Tree=77
num_leaves=8
num_cat=0
split_feature=2 6 6 5 3 4 8
split_gain=3.69608 3.63652 3.5416 4.28917 5.5583 5.86769 3.44014
threshold=20.350000000000005 12.250000000000002 5.8500000000000005 1.9602631578947369 92.833333333333357 156.25000000000003 1.0000000180025095e-35
decision_type=8 10 10 8 10 10 2
left_child=2 6 3 -1 -5 -6 -2
right_child=1 -3 -4 4 5 -7 -8
leaf_value=-0.026079556430298842 -0.00052583898868019212 0.051542236096293527 0.0099562449487006956 -0.017515352312170922 0.082887979092760064 -0.018021973088514245 0.0099979965537034636
leaf_count=10042 48694 24 2104 2951 92 29 3073
internal_value=0 0.0208434 -0.228123 -0.352977 0.140027 0.91874 0.0157686
internal_count=67009 51791 15218 13114 3072 121 51767
shrinkage=0.05


Tree=78
num_leaves=8
num_cat=0
split_feature=0 4 5 3 8 2 5
split_gain=3.60149 3.49955 6.35198 4.45212 3.3993 6.92538 7.16568
threshold=26.500000000000004 178.33333333333334 1.4512734729117205 107.33333333333336 1.0000000180025095e-35 31.150000000000002 1.2180652680652684
decision_type=2 8 8 8 2 10 8
left_child=-1 4 -3 -4 -2 6 -6
right_child=1 2 3 -5 5 -7 -8
leaf_value=-0.03613358885516231 -0.0016663762101839672 -0.031320642690575731 0.051394980331136979 0.0097508339059116829 0.05872276654098272 0.042682102159256094 -0.0009888999602525139
leaf_count=2453 60917 50 95 139 182 204 2969
internal_value=0 0.00650168 0.322854 0.512777 -0.00784097 0.172514 0.0606507
internal_count=67009 64556 284 234 64272 3355 3151
shrinkage=0.05


Tree=79
num_leaves=8
num_cat=0
split_feature=0 3 6 6 6 6 7
split_gain=3.40537 3.41282 5.34098 5.12217 4.86241 4.70412 5.46777
threshold=26.500000000000004 105.83333333333336 6.1500000000000012 5.7500000000000009 5.1500000000000012 6.6500000000000012 1.0000000180025095e-35
decision_type=2 8 10 8 10 10 2
left_child=-1 5 3 4 -3 6 -2
right_child=1 2 -4 -5 -6 -7 -8
leaf_value=-0.035663551681363974 -0.0027124230842774013 0.051607122011165976 -0.0181067603709286 0.03282504569711122 -0.0028837965528306394 0.011329106326424523 0.038253204530646005
leaf_count=2453 61444 39 108 247 322 2127 269
internal_value=0 0.00630687 0.207703 0.328498 0.0785991 -0.01566 -0.0435096
internal_count=67009 64556 716 608 361 63840 61713
shrinkage=0.05


Tree=80
num_leaves=8
num_cat=0
split_feature=2 6 6 5 5 6 4
split_gain=3.27746 3.25457 3.23413 4.08135 5.01732 3.36554 3.82626
threshold=20.350000000000005 12.450000000000001 5.8500000000000005 1.9602631578947369 2.060303030303031 6.3500000000000005 143.83333333333334
decision_type=8 10 10 8 8 10 10
left_child=2 -2 3 -1 -5 6 -4
right_child=1 -3 5 4 -6 -7 -8
leaf_value=-0.025343746790365568 0.00076064869718676584 0.052216387716002732 -0.0060702081682765946 0.063826476041395366 -0.0083965213930128155 -0.029263440593454218 0.049161383438403511
leaf_count=10042 51771 20 1681 463 2609 262 161
internal_value=0 0.0196898 -0.216363 -0.33838 0.141111 0.188915 0.447926
internal_count=67009 51791 15218 13114 3072 2104 1842
shrinkage=0.05


Tree=81
num_leaves=8
num_cat=0
split_feature=2 0 2 2 2 4 5
split_gain=3.24109 4.32618 4.10002 4.82146 3.56885 8.11404 7.18462
threshold=41.650000000000013 31.500000000000004 21.350000000000005 20.150000000000002 22.450000000000003 144.83333333333334 3.8350340136054428
decision_type=10 2 8 10 8 10 8
left_child=1 2 3 -1 5 -3 -7
right_child=-2 4 -4 -5 -6 6 -8
leaf_value=-0.024318760827760275 0.048618076970142407 -0.015425900023957434 -0.039644645861739471 0.063996230707483531 0.0023701446774155146 0.0025195199199157213 0.081535923357641801
leaf_count=1846 50 25642 3025 889 32594 2912 51
internal_value=0 -0.00399335 -0.499635 0.269946 0.00728151 -0.110008 0.10062
internal_count=67009 66959 5760 2735 61199 28605 2963
shrinkage=0.05


Tree=82
num_leaves=8
num_cat=0
split_feature=0 0 3 5 5 4 5
split_gain=3.18341 12.5985 7.41683 6.51725 5.7446 5.6264 7.32812
threshold=57.500000000000007 59.500000000000007 83.833333333333357 1.3012873411454038 1.6062217923920052 129.33333333333337 1.9251865671641795
decision_type=2 2 10 10 8 10 8
left_child=2 3 -1 -2 -4 6 -3
right_child=1 5 4 -5 -6 -7 -8
leaf_value=-0.011090462850787046 0.068432773290492202 0.088448954021489334 -0.0096810043797100828 0.01737697395373106 0.0040195367224148308 -0.015008135652511613 -0.01057838017940496
leaf_count=42211 226 227 4769 1545 16513 1198 320
internal_value=0 0.156809 -0.0258106 0.487382 0.0310212 -0.182739 0.647708
internal_count=67009 3516 63493 1771 21282 1745 547
shrinkage=0.05


Tree=83
num_leaves=8
num_cat=0
split_feature=0 2 3 6 2 2 2
split_gain=3.05861 2.99062 2.90741 5.01688 6.386 4.4157 14.341
threshold=26.500000000000004 41.650000000000013 105.83333333333336 5.1500000000000012 24.550000000000004 25.150000000000002 27.250000000000004
decision_type=2 10 8 10 10 10 10
left_child=-1 2 -2 4 -4 -5 -7
right_child=1 -3 3 5 -6 6 -8
leaf_value=-0.034746596747441967 -0.00092239558465857991 0.046592654387921401 0.071790484084707756 -0.010896986886948609 0.0020727963341887704 0.055333512658733763 -0.0096736549178377366
leaf_count=2453 63798 46 64 296 59 113 180
internal_value=0 0.00614468 0.0019475 0.187412 0.746596 0.0683948 0.306135
internal_count=67009 64556 64510 712 123 589 293
shrinkage=0.05


Tree=84
num_leaves=8
num_cat=0
split_feature=0 5 5 2 5 3 8
split_gain=3.04556 6.76857 8.85921 11.1927 7.45221 5.43876 4.77703
threshold=45.500000000000007 3.577350427350428 2.3217312348668289 35.350000000000001 1.1978594322344325 94.833333333333357 1.0000000180025095e-35
decision_type=2 10 10 10 8 10 2
left_child=1 2 3 4 -1 -5 -6
right_child=-2 -3 -4 5 6 -7 -8
leaf_value=-0.032611302545705372 0.002068548162482049 0.019999731018410738 -0.019275093700701545 0.14140296671012351 0.00055265020241237063 0.0083064202657177778 0.039552020618594391
leaf_count=4593 30506 1944 9793 42 19759 20 352
internal_value=0 -0.0955877 -0.154108 0.0301094 -0.0242752 1.79001 0.0791207
internal_count=67009 36503 34559 24766 24704 62 20111
shrinkage=0.05


Tree=85
num_leaves=8
num_cat=0
split_feature=0 2 0 3 4 5 5
split_gain=2.86481 2.92189 5.28551 7.48794 6.21684 5.40272 5.19814
threshold=26.500000000000004 25.850000000000005 49.500000000000007 82.833333333333357 126.16666666666667 0.91331186258722508 1.0489804078368652
decision_type=2 8 2 10 10 10 8
left_child=-1 2 3 5 -5 -2 -4
right_child=1 -3 6 4 -6 -7 -8
leaf_value=-0.034184147261144694 0.031173270368007294 0.0042385066732509909 0.029047494057138135 0.057818823792299516 -0.0041129612869232274 -0.028392064702940478 0.00067611247532302658
leaf_count=2453 1860 12027 950 774 9963 24984 13998
internal_value=0 0.00608299 -0.0420814 -0.162627 -0.0492405 -0.483182 0.0494469
internal_count=67009 64556 52529 37581 10737 26844 14948
shrinkage=0.05


Tree=86
num_leaves=8
num_cat=0
split_feature=4 5 0 2 2 3 0
split_gain=2.75637 5.81274 3.88154 4.59783 4.44622 3.71883 3.0756
threshold=178.33333333333334 1.4512734729117205 31.500000000000004 21.350000000000005 20.150000000000002 108.33333333333336 58.500000000000007
decision_type=10 10 2 8 10 10 2
left_child=2 -2 3 4 -1 -3 -4
right_child=1 5 6 -5 -6 -7 -8
leaf_value=-0.022884868694877134 -0.031268050828802588 0.044833081273703501 -0.0012276098530244893 -0.042175521998785589 0.062867404088250783 0.0075659551403547496 0.0090367836409147133
leaf_count=1846 50 101 58460 3026 889 122 2515
internal_value=0 0.281032 -0.0119938 -0.504652 0.312392 0.462653 -0.00137927
internal_count=67009 273 66736 5761 2735 223 60975
shrinkage=0.05


Tree=87
num_leaves=8
num_cat=0
split_feature=7 6 3 5 5 2 2
split_gain=2.67807 6.39567 4.82268 8.87566 9.16457 10.1886 5.68262
threshold=1.0000000180025095e-35 6.1500000000000012 98.250000000000014 3.6526175687666376 4.1033653846153859 28.950000000000003 25.350000000000005
decision_type=2 8 8 8 10 8 10
left_child=2 -2 -1 -4 5 6 -5
right_child=1 -3 3 4 -6 -7 -8
leaf_value=-0.0031518512252101775 0.083185842320549 0.0067438003591297358 0.0024089678416518005 0.035267960675006697 -0.0096565056595893928 -0.00096556328989546756 0.12781328710384637
leaf_count=63205 78 1060 2442 53 77 50 44
internal_value=0 0.24402 -0.0135393 0.119157 0.748472 1.21902 1.82305
internal_count=67009 1138 65871 2666 224 147 97
shrinkage=0.05


Tree=88
num_leaves=8
num_cat=0
split_feature=0 2 7 3 6 3 5
split_gain=2.60346 2.62095 2.52919 6.09207 8.05806 4.06028 7.39394
threshold=26.500000000000004 41.650000000000013 1.0000000180025095e-35 98.250000000000014 6.1500000000000012 98.250000000000014 3.6526175687666376
decision_type=2 10 2 8 10 8 8
left_child=-1 2 5 4 -4 -2 -7
right_child=1 -3 3 -5 -6 6 -8
leaf_value=-0.033358593343691477 -0.0028951378247630069 0.042885920921852984 0.099921462916916559 -0.026920426590014854 0.013081473995878921 0.0022261273541116038 0.034108738520656753
leaf_count=2453 60735 46 94 79 960 2423 219
internal_value=0 0.00590253 0.00190211 0.237832 0.414083 -0.0120582 0.109889
internal_count=67009 64556 64510 1133 1054 63377 2642
shrinkage=0.05


Tree=89
num_leaves=8
num_cat=0
split_feature=0 0 3 2 4 0 6
split_gain=2.50556 11.1766 5.91294 5.70276 6.84229 5.96309 5.74224
threshold=57.500000000000007 59.500000000000007 83.833333333333357 23.950000000000003 156.25000000000003 58.500000000000007 5.8500000000000005
decision_type=2 2 10 10 8 2 10
left_child=2 3 -1 4 6 -6 -2
right_child=1 -3 -4 -5 5 -7 -8
leaf_value=-0.010023119373331293 0.000911891362558236 -0.0091548628796273655 0.0013807679800994488 0.0066097832190929852 0.017126600183365554 0.1105874772448176 0.054653169125979256
leaf_count=42211 655 1745 21282 701 42 48 325
internal_value=0 0.138585 -0.0225254 0.443811 0.763396 1.5363 0.423937
internal_count=67009 3516 63493 1771 1070 90 980
shrinkage=0.05


Tree=90
num_leaves=8
num_cat=0
split_feature=2 6 5 6 4 5 3
split_gain=2.47073 2.91928 3.14155 8.00836 10.6765 7.26447 9.99219
threshold=20.350000000000005 12.450000000000001 2.5687964841108863 6.6500000000000012 147.83333333333334 2.6534536891679754 88.833333333333357
decision_type=8 10 10 8 10 10 10
left_child=-1 2 -2 -4 5 6 -5
right_child=1 -3 3 4 -6 -7 -8
leaf_value=-0.0095193944407533683 0.0032602892068319639 0.048855272170965476 -0.0091891861368000073 0.10218782155014833 0.028487666543883329 -0.015014100013059618 -0.03277225505793873
leaf_count=15218 35378 20 12040 318 662 3307 66
internal_value=0 0.0177372 0.0134494 -0.0718298 0.193012 -0.156591 0.985124
internal_count=67009 51791 51771 16393 4353 3691 384
shrinkage=0.05


Tree=91
num_leaves=8
num_cat=0
split_feature=0 2 0 3 4 5 1
split_gain=2.43359 2.46081 4.54378 6.64571 7.97864 4.60402 5.49108
threshold=26.500000000000004 25.850000000000005 49.500000000000007 87.833333333333357 127.25000000000001 1.0489804078368652 1.5000000000000002
decision_type=2 8 2 10 10 8 2
left_child=-1 2 3 -2 -5 6 -4
right_child=1 -3 5 4 -6 -7 -8
leaf_value=-0.032771642917643319 -0.018845446158186552 0.0038921893637500942 0.042098295640114192 0.098193479324368449 -0.0019413675155900635 0.00058506605510720263 -0.021102906003420855
leaf_count=2453 31982 12027 614 161 5438 13998 336
internal_value=0 0.00591013 -0.0385166 -0.151433 -0.00680394 0.0458729 0.539638
internal_count=67009 64556 52529 37581 5599 14948 950
shrinkage=0.05


Tree=92
num_leaves=8
num_cat=0
split_feature=0 2 6 5 6 4 2
split_gain=2.29967 2.31088 2.23102 2.35181 5.69078 8.00461 5.90852
threshold=26.500000000000004 41.650000000000013 12.250000000000002 2.5579159212880147 6.7500000000000009 147.83333333333334 32.350000000000001
decision_type=2 10 10 10 8 10 8
left_child=-1 2 3 -2 -5 -6 -7
right_child=1 -3 -4 4 5 6 -8
leaf_value=-0.032278399743742324 0.001969381153917091 0.039669009439056845 0.037534400635754271 -0.0083534703314900437 -0.0077349370340587045 0.032102524473466044 -0.022378258098192633
leaf_count=2453 47286 46 24 12796 3765 566 73
internal_value=0 0.0057067 0.00188946 -0.00199574 -0.0763435 0.152125 0.482586
internal_count=67009 64556 64510 64486 17200 4404 639
shrinkage=0.05


Tree=93
num_leaves=8
num_cat=0
split_feature=8 2 5 6 5 6 5
split_gain=2.21017 4.84508 6.2287 7.53759 4.77372 5.76027 8.94053
threshold=1.0000000180025095e-35 31.150000000000002 1.2180652680652684 6.6500000000000012 3.7355715871254165 5.4500000000000011 3.8898989898989904
decision_type=2 10 8 8 10 10 8
left_child=4 2 3 -2 -1 6 -6
right_child=1 -3 -4 -5 5 -7 -8
leaf_value=-0.0020343830264770153 0.08666218896245681 0.034448268762651786 -0.0012521262811541799 -0.031689189920498427 0.10429444304234819 0.0042610166195504329 0.0099751085478476526
leaf_count=61214 141 206 2986 41 232 1650 539
internal_value=0 0.144023 0.0496806 1.06214 -0.018889 0.302557 0.923409
internal_count=67009 3374 3168 182 63635 2421 771
shrinkage=0.05


Tree=94
num_leaves=8
num_cat=0
split_feature=0 8 0 5 5 5 0
split_gain=2.22874 5.39791 5.99818 5.28449 4.39994 3.73346 6.43717
threshold=41.500000000000007 1.0000000180025095e-35 39.500000000000007 2.8796551724137935 1.3091846298031868 2.6044089147286829 39.500000000000007
decision_type=2 2 2 8 8 10 2
left_child=1 4 -3 -4 -1 6 -6
right_child=-2 2 3 -5 5 -7 -8
leaf_value=-0.041020169157048425 0.0011400898855456988 -0.035661631091888843 0.069909706349854259 -0.017408670152989299 0.016652411827590734 -0.01895669194282119 -0.017901055670313377
leaf_count=4132 44297 157 155 85 9277 4657 4249
internal_value=0 -0.132268 0.554556 0.95709 -0.203746 -0.129361 0.0382207
internal_count=67009 22712 397 240 22315 18183 13526
shrinkage=0.05


Tree=95
num_leaves=8
num_cat=0
split_feature=0 0 4 5 2 0 4
split_gain=2.19014 9.97238 5.22796 6.18607 4.9852 6.13925 7.59948
threshold=57.500000000000007 59.500000000000007 129.33333333333337 1.9251865671641795 23.950000000000003 58.500000000000007 128.16666666666669
decision_type=2 2 10 8 10 2 8
left_child=-1 4 3 -3 5 -2 -7
right_child=1 2 -4 -5 -6 6 -8
leaf_value=-0.0010496855799722795 0.0076727913864813833 0.079608836339179243 -0.014635375437581304 -0.010010391682478302 0.0060679482826094732 -0.031727245393223739 0.0661100669486792
leaf_count=63493 583 227 1198 320 701 177 310
internal_value=0 0.129223 -0.177435 0.613421 0.412941 0.705717 1.09375
internal_count=67009 3516 1745 547 1771 1070 487
shrinkage=0.05


Tree=96
num_leaves=8
num_cat=0
split_feature=4 5 3 0 2 3 0
split_gain=2.20224 5.26768 3.22131 3.15668 4.39937 4.03985 2.69392
threshold=178.33333333333334 1.4512734729117205 109.16666666666667 30.500000000000004 21.350000000000005 72.833333333333357 58.500000000000007
decision_type=10 10 10 2 8 10 2
left_child=3 -2 6 4 5 -1 -3
right_child=1 2 -4 -5 -6 -7 -8
leaf_value=-0.030823992794702645 -0.030956984780504827 0.049048470566177005 0.0052988408703781202 -9.6302207714346158e-05 -0.045074581381225325 0.056776564546524445 -0.0083538162347488055
leaf_count=1524 50 90 113 61727 2614 871 20
internal_value=0 0.249468 0.418428 -0.010349 -0.516875 0.358775 0.780983
internal_count=67009 273 223 66736 5009 2395 110
shrinkage=0.05


Tree=97
num_leaves=8
num_cat=0
split_feature=2 3 5 5 5 0 4
split_gain=2.18354 5.95455 5.5677 4.7383 9.38154 7.39426 5.99808
threshold=22.450000000000003 92.833333333333357 1.6616515837104073 2.3021061869240902 2.1226279985678489 57.500000000000007 147.83333333333334
decision_type=8 10 8 10 8 2 10
left_child=1 -1 -3 4 -4 6 -6
right_child=-2 2 3 -5 5 -7 -8
leaf_value=-0.011163858245571255 0.0015936893640103558 -0.0098277255232156416 0.010854128199332291 -0.0013783854533676418 -0.0031613604392184014 -0.013544785362948572 0.12201641478001296
leaf_count=30348 34908 799 404 397 51 24 78
internal_value=0 -0.0903826 0.137724 0.364331 0.640653 1.53634 2.00681
internal_count=67009 32101 1753 954 557 153 129
shrinkage=0.05


Tree=98
num_leaves=8
num_cat=0
split_feature=0 0 0 0 3 4 1
split_gain=2.11628 3.09464 4.2928 7.40401 7.02522 7.31041 6.98743
threshold=68.500000000000014 63.500000000000007 60.500000000000007 58.500000000000007 83.583333333333357 129.33333333333337 1.5000000000000002
decision_type=2 2 2 2 10 8 2
left_child=1 2 3 -1 5 -5 -7
right_child=-2 -3 -4 4 -6 6 -8
leaf_value=-0.00081441302623345621 -0.038442271100848059 0.024530793050215452 -0.020173728293918534 -0.0042728977567461765 0.006848100298190188 0.094343906826477641 -0.0047905184715860138
leaf_count=64454 80 378 801 368 660 197 71
internal_value=0 0.00458904 -0.00367019 0.0104701 0.387301 0.974704 1.44599
internal_count=67009 66929 66551 65750 1296 636 268
shrinkage=0.05


Tree=99
num_leaves=8
num_cat=0
split_feature=0 2 3 1 0 2 4
split_gain=2.06657 2.15355 4.26128 6.99222 6.02783 3.86294 4.32987
threshold=26.500000000000004 25.850000000000005 69.250000000000014 1.5000000000000002 46.500000000000007 26.050000000000004 130.25000000000003
decision_type=2 8 8 2 2 10 8
left_child=-1 -2 3 4 -3 6 -4
right_child=1 2 5 -5 -6 -7 -8
leaf_value=-0.031349037261548036 -0.0018222303828298444 -0.0037823934596442916 -0.034061717235377591 -0.029326080450021271 0.13141498719881786 0.0012135420943907929 0.031666319082457532
leaf_count=2453 52529 376 360 274 140 10204 673
internal_value=0 0.00526187 0.0723418 0.987973 1.74602 0.0563643 0.471093
internal_count=67009 64556 12027 790 516 11237 1033
shrinkage=0.05


end of trees

feature importances:
H25_age=156
H25_bmi=135
H25_dbp=109
H25_sbp=92
H25_lhrate=79
H25_a1c=74
H25_dl=37
H25_dm=10
H25_sex=8

parameters:
[boosting: gbdt]
[objective: binary]
[metric: binary]
[tree_learner: serial]
[device_type: cpu]
[data: ]
[valid: ]
[num_iterations: 100]
[learning_rate: 0.05]
[num_leaves: 8]
[num_threads: 0]
[max_depth: -1]
[min_data_in_leaf: 20]
[min_sum_hessian_in_leaf: 1]
[bagging_fraction: 0.4]
[bagging_freq: 0]
[bagging_seed: 3]
[feature_fraction: 1]
[feature_fraction_seed: 2]
[early_stopping_round: 0]
[max_delta_step: 0]
[lambda_l1: 0]
[lambda_l2: 1]
[min_gain_to_split: 0]
[drop_rate: 0.1]
[max_drop: 50]
[skip_drop: 0.5]
[xgboost_dart_mode: 0]
[uniform_drop: 0]
[drop_seed: 4]
[top_rate: 0.2]
[other_rate: 0.1]
[min_data_per_group: 100]
[max_cat_threshold: 32]
[cat_l2: 10]
[cat_smooth: 10]
[max_cat_to_onehot: 4]
[top_k: 20]
[monotone_constraints: ]
[feature_contri: ]
[forcedsplits_filename: ]
[refit_decay_rate: 0.9]
[verbosity: 0]
[max_bin: 255]
[min_data_in_bin: 3]
[bin_construct_sample_cnt: 200000]
[histogram_pool_size: -1]
[data_random_seed: 1]
[output_model: LightGBM_model.txt]
[snapshot_freq: -1]
[input_model: ]
[output_result: LightGBM_predict_result.txt]
[initscore_filename: ]
[valid_data_initscores: ]
[pre_partition: 0]
[enable_bundle: 1]
[max_conflict_rate: 0]
[is_enable_sparse: 1]
[sparse_threshold: 0.8]
[use_missing: 1]
[zero_as_missing: 0]
[two_round: 0]
[save_binary: 0]
[enable_load_from_binary_file: 1]
[header: 0]
[label_column: ]
[weight_column: ]
[group_column: ]
[ignore_column: ]
[categorical_feature: ]
[predict_raw_score: 0]
[predict_leaf_index: 0]
[predict_contrib: 0]
[num_iteration_predict: -1]
[pred_early_stop: 0]
[pred_early_stop_freq: 10]
[pred_early_stop_margin: 10]
[convert_model_language: ]
[convert_model: gbdt_prediction.cpp]
[num_class: 1]
[is_unbalance: 0]
[scale_pos_weight: 1]
[sigmoid: 1]
[boost_from_average: 1]
[reg_sqrt: 0]
[alpha: 0.9]
[fair_c: 1]
[poisson_max_delta_step: 0.7]
[tweedie_variance_power: 1.5]
[max_position: 20]
[label_gain: ]
[metric_freq: 1]
[is_provide_training_metric: 0]
[eval_at: ]
[num_machines: 1]
[local_listen_port: 12400]
[time_out: 120]
[machine_list_filename: ]
[machines: ]
[gpu_platform_id: -1]
[gpu_device_id: -1]
[gpu_use_dp: 0]

end of parameters

pandas_categorical:[]
