tree
version=v2
num_class=1
num_tree_per_iteration=1
label_index=0
max_feature_idx=8
objective=binary sigmoid:1
feature_names=H25_age H25_sex H25_bmi H25_dbp H25_sbp H25_lhrate H25_a1c H25_dm H25_dl
feature_infos=[18:73] [1:2] [0:65.599999999999994] [5:150] [10:233] [0.097560975609756101:8.8461538461538485] [3:15.5] [0:1] [0:1]
tree_sizes=715 737 724 735 732 737 725 736 735 739 742 736 738 746 737 743 732 739 733 735 740 737 738 736 748 739 737 739 740 748 741 737 739 737 735 746 738 722 743 748 744 740 746 742 740 741 745 744 743 746 734 743 738 733 742 743 746 728 735 733 741 735 740 728 734 727 738 736 740 730 735 739 733 738 726 740 729 735 729 736 746 727 731 737 726 726 735 729 729 735 727 732 731 724 730 734 731 733 730 728

Tree=0
num_leaves=8
num_cat=0
split_feature=3 4 3 4 0 4 0
split_gain=1559.51 242.149 233.357 105.783 69.7813 63.6097 57.6108
threshold=94.583333333333357 141.83333333333334 105.83333333333336 155.16666666666671 58.500000000000007 145.83333333333334 57.500000000000007
decision_type=8 10 10 10 2 8 2
left_child=1 6 5 4 -3 -2 -1
right_child=2 3 -4 -5 -6 -7 -8
leaf_value=-4.4312548012081141 -4.3094260098161588 -4.378838351877973 -3.9141876214548916 -4.2201287121542057 -4.2214607533555206 -4.1634013923195123 -4.3566727800158285
leaf_count=49438 948 9128 729 1037 545 3000 2184
internal_value=0 -0.383651 5.03045 0.85941 0.547106 3.99915 -0.642515
internal_count=67009 62332 4677 10710 9673 3948 51622
shrinkage=1


Tree=1
num_leaves=8
num_cat=0
split_feature=3 4 0 4 3 8 0
split_gain=1157.26 216.317 149.003 99.2797 51.6583 58.7888 46.3163
threshold=92.833333333333357 153.83333333333334 58.500000000000007 148.16666666666671 82.833333333333357 1.0000000180025095e-35 59.500000000000007
decision_type=8 10 2 10 10 2 2
left_child=2 -2 3 4 -1 -6 -4
right_child=1 -3 6 -5 5 -7 -8
leaf_value=-0.040332982203403173 0.090577077690707719 0.24060070131638331 0.1798580536443134 0.058872707810256109 -0.016723288856286347 0.092510025552088468 0.041665376249541752
leaf_count=40039 4201 2766 659 2422 14419 1038 1465
internal_value=0 3.16573 -0.453341 -0.546637 -0.630543 -0.178166 1.78534
internal_count=67009 6967 60042 57918 55496 15457 2124
shrinkage=0.05


Tree=2
num_leaves=8
num_cat=0
split_feature=3 3 4 0 0 2 2
split_gain=912.311 139.416 135.613 65.0224 53.5011 34.7412 33.2207
threshold=92.833333333333357 98.833333333333357 142.83333333333334 58.500000000000007 57.500000000000007 29.350000000000005 25.150000000000002
decision_type=8 10 10 2 2 8 8
left_child=2 -2 4 5 -1 -4 -3
right_child=1 6 3 -5 -6 -7 -8
leaf_value=-0.034661495760062805 0.076847206268234713 0.13990011251277409 0.0069690810200708428 0.15639578415054745 0.033978095134491633 0.10076666802802764 0.23259682302454451
leaf_count=49835 4206 1435 6659 544 2201 803 1326
internal_value=0 2.57206 -0.440717 0.620572 -0.624482 0.363988 3.7654
internal_count=67009 6967 60042 8006 52036 7462 2761
shrinkage=0.05


Tree=3
num_leaves=8
num_cat=0
split_feature=3 4 0 4 0 2 3
split_gain=769.866 129.701 101.366 80.1538 35.8773 32.0586 27.6429
threshold=90.833333333333357 155.16666666666671 49.500000000000007 146.83333333333334 44.500000000000007 27.550000000000004 82.833333333333357
decision_type=8 10 2 10 2 10 10
left_child=2 -2 6 5 -3 -4 -1
right_child=1 4 3 -5 -6 -7 -8
leaf_value=-0.043812596824612582 0.061320049297738391 0.086932821398178386 -0.010370824830956318 0.10388479897813692 0.17983167961146554 0.078975369227204342 -0.015878753772440368
leaf_count=32677 7056 773 12206 1279 1854 830 10334
internal_value=0 1.91225 -0.499872 0.16475 3.08132 -0.0813209 -0.736087
internal_count=67009 9683 57326 14315 2627 13036 43011
shrinkage=0.05


Tree=4
num_leaves=8
num_cat=0
split_feature=3 3 0 4 6 8 0
split_gain=649.045 96.6627 96.6091 65.478 47.8081 32.7982 30.3985
threshold=90.833333333333357 98.833333333333357 49.500000000000007 146.83333333333334 6.6500000000000012 1.0000000180025095e-35 58.500000000000007
decision_type=8 10 2 10 10 2 2
left_child=2 4 -1 6 5 -2 -4
right_child=1 -3 3 -5 -6 -7 -8
leaf_value=-0.036282724477003439 0.034147480220025062 0.12820200527287279 -0.013837455137781909 0.089697382057772376 0.1703662229880214 0.13590585126310967 0.046231775307259845
leaf_count=43011 6022 2761 11352 1279 423 477 1684
internal_value=0 1.65578 -0.487102 0.155515 1.05555 0.861937 -0.0773759
internal_count=67009 9683 57326 14315 6922 6499 13036
shrinkage=0.05


Tree=5
num_leaves=8
num_cat=0
split_feature=3 0 4 4 3 6 2
split_gain=554.762 91.9681 69.6623 54.2282 28.5074 27.6731 27.5716
threshold=90.833333333333357 49.500000000000007 155.16666666666671 146.83333333333334 82.833333333333357 6.4500000000000011 27.550000000000004
decision_type=8 2 8 10 10 8 10
left_child=1 4 -2 6 -1 -4 -3
right_child=2 3 5 -5 -6 -7 -8
leaf_value=-0.043221642138085568 0.048121459947344555 -0.0098037121998999655 0.090003102865201495 0.078467451623161127 -0.014049246718936054 0.16440036803815905 0.070577573160001433
leaf_count=32677 7037 12206 2008 1279 10334 638 830
internal_value=0 -0.474356 1.45426 0.146675 -0.714976 2.19533 -0.0738206
internal_count=67009 57326 9683 14315 43011 2646 13036
shrinkage=0.05


Tree=6
num_leaves=8
num_cat=0
split_feature=4 4 0 3 0 4 6
split_gain=480.742 96.3176 53.3429 40.6344 37.5629 33.507 33.982
threshold=141.16666666666671 152.16666666666671 49.500000000000007 90.833333333333357 44.500000000000007 178.50000000000003 8.2500000000000018
decision_type=8 8 2 10 2 10 10
left_child=2 3 -1 -2 -3 6 -6
right_child=1 4 -4 -5 5 -7 -8
leaf_value=-0.037289647441050643 0.0037269930801491326 0.04103243726377958 -0.0018562090331152095 0.054640451710343534 0.086232366680856085 0.20632551271444105 0.28066243685617992
leaf_count=39518 6615 1289 12612 4058 2668 198 51
internal_value=0 1.07533 -0.554303 0.558765 1.76637 2.12424 1.87785
internal_count=67009 14879 52130 10673 4206 2917 2719
shrinkage=0.05


Tree=7
num_leaves=8
num_cat=0
split_feature=3 0 3 6 4 8 0
split_gain=428.99 75.505 63.3316 42.3198 37.6592 35.6311 25.0204
threshold=88.833333333333357 49.500000000000007 98.833333333333357 6.6500000000000012 140.83333333333334 1.0000000180025095e-35 45.500000000000007
decision_type=8 2 10 10 10 2 2
left_child=1 -1 3 5 -3 6 -2
right_child=2 4 -4 -5 -6 -7 -8
leaf_value=-0.037217446102322013 -0.007215993683175344 -0.0094396086985209689 0.085250703204427486 0.12007014448734513 0.048595902059498985 0.10376456534515582 0.035349750832721225
leaf_count=40875 3724 10870 2761 609 2271 677 5222
internal_value=0 -0.509562 1.04553 0.672541 0.0760331 0.523468 0.373977
internal_count=67009 54016 12993 10232 13141 9623 8946
shrinkage=0.05


Tree=8
num_leaves=8
num_cat=0
split_feature=4 4 0 2 3 0 0
split_gain=383.303 62.172 49.713 32.5432 28.7394 24.0184 22.533
threshold=141.16666666666671 152.16666666666671 49.500000000000007 27.750000000000004 90.833333333333357 44.500000000000007 45.500000000000007
decision_type=8 8 2 10 10 2 2
left_child=2 4 -1 -4 6 -3 -2
right_child=1 5 3 -5 -6 -7 -8
leaf_value=-0.036333341586703156 -0.026871891513365109 0.033648201054494085 -0.0084516443782076539 0.080861245307591562 0.045033227571558865 0.083166272487769505 0.025193043932443416
leaf_count=39518 3175 1289 11888 724 4058 2917 3440
internal_value=0 0.895972 -0.530825 -0.0357324 0.481121 1.40525 0.0662383
internal_count=67009 14879 52130 12612 10673 4206 6615
shrinkage=0.05


Tree=9
num_leaves=8
num_cat=0
split_feature=4 3 0 0 2 3 8
split_gain=340.325 50.0736 47.9192 32.2737 29.1929 21.366 27.0953
threshold=141.16666666666671 92.833333333333357 49.500000000000007 46.500000000000007 23.450000000000003 82.833333333333357 1.0000000180025095e-35
decision_type=8 8 2 2 8 10 2
left_child=2 3 5 -2 -4 -1 -7
right_child=1 -3 4 -5 -6 6 -8
leaf_value=-0.042789622128785398 -0.011045630074036833 0.057950755952945548 -0.01968099339246113 0.038732476299784532 0.025870240801629443 -0.02141701145081255 0.087469238514463366
leaf_count=31118 4716 5737 7874 4426 4738 7980 420
internal_value=0 0.815468 -0.518004 0.341797 -0.0337745 -0.716081 -0.280084
internal_count=67009 14879 52130 9142 12612 39518 8400
shrinkage=0.05


Tree=10
num_leaves=8
num_cat=0
split_feature=3 0 2 3 7 0 8
split_gain=305.988 67.1628 35.7663 34.2509 31.2673 22.9296 21.5241
threshold=88.833333333333357 58.500000000000007 24.150000000000002 98.833333333333357 1.0000000180025095e-35 46.500000000000007 1.0000000180025095e-35
decision_type=8 2 8 10 2 2 2
left_child=1 2 -1 4 6 -4 -2
right_child=3 -3 5 -5 -6 -7 -8
leaf_value=-0.037115807203417041 0.016415436642904926 0.046965477888414105 -0.024126748776283541 0.061829904836134347 0.12343216886106533 0.016304085819313915 0.077628981748185943
leaf_count=37632 9254 1836 9275 2761 302 5273 676
internal_value=0 -0.474677 -0.566466 0.801706 0.530698 -0.143858 0.440074
internal_count=67009 54016 52180 12993 10232 14548 9930
shrinkage=0.05


Tree=11
num_leaves=8
num_cat=0
split_feature=4 0 4 2 2 0 3
split_gain=278.01 45.0402 37.0164 29.471 24.3473 19.7059 22.9571
threshold=141.16666666666671 48.500000000000007 155.16666666666671 23.350000000000005 29.050000000000004 58.500000000000007 94.583333333333357
decision_type=8 2 8 10 8 2 10
left_child=1 -1 4 -3 5 6 -2
right_child=2 3 -4 -5 -6 -7 -8
leaf_value=-0.035824714736247147 -0.0031430598441140843 -0.02137394583863356 0.055924237999235155 0.021402832885599798 0.065749135114346158 0.066567083967332991 0.037906787355349414
leaf_count=37370 8098 9107 3194 5653 1361 603 1623
internal_value=0 -0.495365 0.697119 -0.0688726 0.428085 0.291056 0.183041
internal_count=67009 52130 14879 14760 11685 10324 9721
shrinkage=0.05


Tree=12
num_leaves=8
num_cat=0
split_feature=3 0 2 4 4 2 7
split_gain=253.575 56.0977 36.2306 22.3082 22.1858 19.5532 17.2575
threshold=86.583333333333357 57.500000000000007 25.150000000000002 126.16666666666667 155.16666666666671 24.150000000000002 1.0000000180025095e-35
decision_type=8 2 8 10 10 8 2
left_child=1 5 4 -3 -2 -1 -4
right_child=2 3 6 -5 -6 -7 -8
leaf_value=-0.037545890007951416 0.005141514857417138 -0.018342819020613441 0.044176355190995102 0.061770834669049424 0.040526720821861706 -0.013363521618933331 0.11286356531471664
leaf_count=35239 8622 930 6270 1322 1553 12756 317
internal_value=0 -0.507599 0.620007 0.670739 0.33568 -0.612635 0.978966
internal_count=67009 50247 16762 2252 10175 47995 6587
shrinkage=0.05


Tree=13
num_leaves=8
num_cat=0
split_feature=4 3 8 0 4 0 2
split_gain=228.328 43.3718 28.8684 26.6199 24.8525 21.2698 20.0376
threshold=141.16666666666671 82.833333333333357 1.0000000180025095e-35 41.500000000000007 165.16666666666671 49.500000000000007 34.550000000000004
decision_type=8 10 2 2 8 2 8
left_child=1 5 -3 -2 6 -1 -5
right_child=3 2 -4 4 -6 -7 -8
leaf_value=-0.041589971101647812 -0.00012667058706927072 -0.0073248091221707924 0.071912557670708449 0.027082421187485689 0.068969250153938996 -0.012416877982100073 0.11935190935178408
leaf_count=31118 3372 11934 826 10393 929 8252 185
internal_value=0 -0.472406 -0.00322226 0.600844 0.72705 -0.674304 0.590941
internal_count=67009 52130 12760 14879 11507 39370 10578
shrinkage=0.05


Tree=14
num_leaves=8
num_cat=0
split_feature=3 0 2 6 2 4 4
split_gain=208.668 50.765 28.6535 27.1326 17.0098 16.6159 14.9884
threshold=86.583333333333357 49.500000000000007 25.150000000000002 6.7500000000000009 29.050000000000004 155.16666666666671 178.50000000000003
decision_type=8 2 8 10 10 10 10
left_child=1 -1 5 4 -3 -2 -4
right_child=2 3 6 -5 -6 -7 -8
leaf_value=-0.036004692533521176 0.0040977011996699174 -0.0089091069202732152 0.038060141279390537 0.08317582473243279 0.078789551536276814 0.033907779801549014 0.10292677966666704
leaf_count=38437 8622 10958 6452 575 277 1553 135
internal_value=0 -0.483918 0.535513 0.0160642 -0.101792 0.285086 0.841693
internal_count=67009 50247 16762 11810 11235 10175 6587
shrinkage=0.05


Tree=15
num_leaves=8
num_cat=0
split_feature=3 0 4 8 0 6 5
split_gain=189.194 44.9291 31.6529 30.367 18.5225 17.1526 16.9825
threshold=84.833333333333357 58.500000000000007 147.83333333333334 1.0000000180025095e-35 49.500000000000007 6.4500000000000011 1.5444994499449949
decision_type=8 2 8 2 2 10 10
left_child=1 4 3 6 -1 -4 -2
right_child=2 -3 5 -5 -6 -7 -8
leaf_value=-0.038046845947000099 -0.030050293386208293 0.037149365502646116 0.029177064090853789 0.066030075455145415 -0.011851631973084992 0.070658463936480218 0.0083397000625328819
leaf_count=35510 2850 1437 6185 1012 8985 652 10378
internal_value=0 -0.528018 0.443623 0.141894 -0.62155 0.687396 0.00915284
internal_count=67009 45932 21077 14240 44495 6837 13228
shrinkage=0.05


Tree=16
num_leaves=8
num_cat=0
split_feature=4 2 0 0 4 0 3
split_gain=173.22 39.504 24.2094 20.954 18.9666 17.647 16.5231
threshold=141.16666666666671 23.950000000000003 46.500000000000007 44.500000000000007 178.50000000000003 52.500000000000007 90.833333333333357
decision_type=8 8 2 2 8 2 10
left_child=1 5 -3 6 -5 -1 -2
right_child=3 2 -4 4 -6 -7 -8
leaf_value=-0.038738989524060893 -0.022939053643158444 -0.020686803337758096 0.020026732357695708 0.028574325585349822 0.085794534280204504 -0.0071925888335840392 0.01896725448733487
leaf_count=31758 3114 9283 6015 9241 210 5074 2314
internal_value=0 -0.439163 -0.0117551 0.491011 0.641102 -0.65348 0.11601
internal_count=67009 52130 15298 14879 9451 36832 5428
shrinkage=0.05


Tree=17
num_leaves=8
num_cat=0
split_feature=3 0 2 3 4 7 3
split_gain=159.459 34.0872 33.2262 22.2861 17.2111 14.9814 21.3993
threshold=82.833333333333357 49.500000000000007 25.150000000000002 90.833333333333357 143.25000000000003 1.0000000180025095e-35 96.833333333333357
decision_type=8 2 8 10 10 2 8
left_child=1 -1 3 -2 -3 6 -4
right_child=2 4 5 -5 -6 -7 -8
leaf_value=-0.039230326480600347 -0.010791645734154797 -0.011598572219607505 0.014508333396040239 0.017947616938052958 0.05045592803883478 0.081936214357276549 0.047911308275372787
leaf_count=32677 10596 8431 7112 5559 572 428 1634
internal_value=0 -0.561718 0.350294 0.120958 -0.0760486 0.647421 0.571916
internal_count=67009 41680 25329 16155 9003 9174 8746
shrinkage=0.05


Tree=18
num_leaves=8
num_cat=0
split_feature=3 0 2 0 4 3 0
split_gain=145.771 33.0803 28.543 21.5714 15.9939 13.7428 13.215
threshold=82.833333333333357 49.500000000000007 25.150000000000002 44.500000000000007 133.83333333333337 98.833333333333357 30.500000000000004
decision_type=8 2 8 2 10 10 2
left_child=1 -1 3 5 -3 -2 -4
right_child=2 4 6 -5 -6 -7 -8
leaf_value=-0.038781083549019199 -0.028545878983352035 -0.016871604544893101 -0.043352118073482382 0.013967107507256413 0.026238393904084209 0.024471232657636368 0.031859230036560479
leaf_count=32677 5224 6876 270 10587 2127 344 8904
internal_value=0 -0.54914 0.327595 0.11421 -0.072355 -0.352588 0.597686
internal_count=67009 41680 25329 16155 9003 5568 9174
shrinkage=0.05


Tree=19
num_leaves=8
num_cat=0
split_feature=3 0 2 0 0 3 6
split_gain=133.228 32.3242 24.5055 19.4662 13.6613 12.7223 12.6516
threshold=82.833333333333357 58.500000000000007 25.150000000000002 44.500000000000007 48.500000000000007 98.833333333333357 6.7500000000000009
decision_type=8 2 8 2 2 10 10
left_child=1 4 3 5 -1 -2 -4
right_child=2 -3 6 -5 -6 -7 -8
leaf_value=-0.038988462489889679 -0.02791265564865866 0.031127601440516156 0.022956873874927713 0.013096368685228064 -0.014843870681519747 0.02283568254457018 0.059217225167538502
leaf_count=31096 5224 1217 8361 10587 9367 344 813
internal_value=0 -0.536553 0.306249 0.107812 -0.628773 -0.341197 0.551873
internal_count=67009 41680 25329 16155 40463 5568 9174
shrinkage=0.05


Tree=20
num_leaves=8
num_cat=0
split_feature=4 2 0 0 0 4 3
split_gain=123.095 35.3461 18.4 16.0614 15.9138 14.2287 12.8837
threshold=140.83333333333334 23.950000000000003 40.500000000000007 44.500000000000007 54.500000000000007 178.50000000000003 90.833333333333357
decision_type=8 8 2 2 2 10 10
left_child=1 4 -3 6 -1 -5 -2
right_child=3 2 -4 5 -6 -7 -8
leaf_value=-0.036606269943538265 -0.022399953289661333 -0.035012568214161453 0.0096831001850236544 0.02196452441899897 -0.0007413090996546347 0.069054475584755332 0.013706090085141629
leaf_count=33057 3532 4126 10628 9942 3127 198 2399
internal_value=0 -0.410727 0.00268138 0.373144 -0.630357 0.495483 0.0545339
internal_count=67009 50938 14754 16071 36184 10140 5931
shrinkage=0.05


Tree=21
num_leaves=8
num_cat=0
split_feature=4 0 8 6 3 0 0
split_gain=114.097 33.1479 23.2223 21.3181 18.3804 15.5826 28.0808
threshold=129.33333333333337 41.500000000000007 1.0000000180025095e-35 6.5500000000000016 92.833333333333357 58.500000000000007 59.500000000000007
decision_type=8 2 2 10 8 2 2
left_child=-1 2 -2 4 5 -3 -7
right_child=1 3 -4 -5 -6 6 -8
leaf_value=-0.031905428519913244 -0.019307461795349236 -0.0023136775039403266 0.087041804147266158 0.0475070766746774 0.023382676857769687 0.10541669878525479 0.0013443016711853202
leaf_count=31690 9535 17447 256 1667 5277 338 799
internal_value=0 0.218458 -0.283015 0.330161 0.258159 0.0557895 0.742091
internal_count=67009 35319 9791 25528 23861 18584 1137
shrinkage=0.05


Tree=22
num_leaves=8
num_cat=0
split_feature=3 0 2 3 2 4 4
split_gain=105.966 30.577 19.2469 15.2664 12.5775 13.6277 11.5251
threshold=82.833333333333357 49.500000000000007 25.150000000000002 90.833333333333357 29.050000000000004 153.83333333333334 156.25000000000003
decision_type=8 2 8 10 10 8 10
left_child=1 -1 3 6 5 -3 -2
right_child=2 4 -4 -5 -6 -7 -8
leaf_value=-0.037182225728272504 -0.013953095773630526 -0.010272894544168803 0.023516334517049691 0.013519741866132008 0.073017112193498976 0.089784287229860968 0.054069677371496899
leaf_count=32677 10392 8706 9174 5559 222 75 204
internal_value=0 -0.503826 0.259486 0.0838837 -0.0470179 -0.131496 -0.201866
internal_count=67009 41680 25329 16155 9003 8781 10596
shrinkage=0.05


Tree=23
num_leaves=8
num_cat=0
split_feature=4 0 8 2 4 0 0
split_gain=98.9657 28.4145 20.0986 17.1995 16.0092 14.3896 26.8059
threshold=129.33333333333337 41.500000000000007 1.0000000180025095e-35 34.550000000000004 165.16666666666671 58.500000000000007 59.500000000000007
decision_type=8 2 2 8 10 2 2
left_child=-1 2 -2 4 5 -3 -7
right_child=1 3 -4 -5 -6 6 -8
leaf_value=-0.030826710409903715 -0.018709007556431508 0.0064270179630849193 0.076817704378251431 0.072120971693506994 0.03684162455605524 0.084777314805899909 0.0066292071239600295
leaf_count=31690 9535 22658 256 395 887 502 1086
internal_value=0 0.196265 -0.272865 0.296957 0.265903 0.194811 0.714408
internal_count=67009 35319 9791 25528 25133 24246 1588
shrinkage=0.05


Tree=24
num_leaves=8
num_cat=0
split_feature=4 0 8 6 4 8 0
split_gain=91.4331 25.3963 17.7676 16.4826 14.2044 12.6618 13.5923
threshold=129.33333333333337 41.500000000000007 1.0000000180025095e-35 6.5500000000000016 145.83333333333334 1.0000000180025095e-35 57.500000000000007
decision_type=8 2 2 10 8 2 2
left_child=-1 2 -2 4 5 6 -3
right_child=1 3 -4 -5 -6 -7 -8
leaf_value=-0.030216158245372229 -0.018108587133823014 -0.0092786310376171809 0.069275088084500114 0.04014659406409498 0.018354856818190709 0.039246730300777383 0.032745518022610207
leaf_count=31690 9535 14355 256 1667 7270 1140 1096
internal_value=0 0.185071 -0.262473 0.278616 0.215183 0.00648277 -0.0788024
internal_count=67009 35319 9791 25528 23861 16591 15451
shrinkage=0.05


Tree=25
num_leaves=8
num_cat=0
split_feature=3 0 2 0 3 2 4
split_gain=84.856 29.3607 15.6441 12.8729 10.5965 10.4507 10.9958
threshold=82.833333333333357 49.500000000000007 25.150000000000002 44.500000000000007 93.833333333333357 29.050000000000004 153.83333333333334
decision_type=8 2 8 2 10 10 10
left_child=1 -1 3 4 -2 6 -3
right_child=2 5 -4 -5 -6 -7 -8
leaf_value=-0.036047843053352992 -0.030844517170280274 -0.0088493410153996001 0.020381077703038375 0.0090671910381873635 0.009350076274868762 0.065191076118521568 0.077246337647966151
leaf_count=32677 4793 8706 9174 10587 775 222 75
internal_value=0 -0.471672 0.222312 0.0642726 -0.313257 -0.0230589 -0.104997
internal_count=67009 41680 25329 16155 5568 9003 8781
shrinkage=0.05


Tree=26
num_leaves=8
num_cat=0
split_feature=4 0 8 2 4 3 0
split_gain=79.3656 21.266 15.5536 13.4447 12.4443 11.9902 11.3064
threshold=129.33333333333337 41.500000000000007 1.0000000180025095e-35 34.550000000000004 165.16666666666671 98.833333333333357 58.500000000000007
decision_type=8 2 2 8 10 10 2
left_child=6 2 5 4 -3 -2 -1
right_child=1 3 -4 -5 -6 -7 -8
leaf_value=-0.032328126663012546 -0.026505628851077795 0.0079852824073152525 0.062319983215520375 0.060821674620911273 0.031224743246972504 0.015665535166468913 0.017811827947248088
leaf_count=30862 9116 24246 256 395 887 419 828
internal_value=0 0.166751 -0.248124 0.250099 0.222331 -0.346279 -0.582367
internal_count=67009 35319 9791 25528 25133 9535 31690
shrinkage=0.05


Tree=27
num_leaves=8
num_cat=0
split_feature=4 0 8 6 3 3 4
split_gain=73.2878 19.0544 13.8569 13.0673 11.1531 11.1334 15.4567
threshold=129.33333333333337 41.500000000000007 1.0000000180025095e-35 6.5500000000000016 98.833333333333357 94.583333333333357 165.16666666666671
decision_type=8 2 2 10 10 8 8
left_child=-1 2 4 5 -2 6 -3
right_child=1 3 -4 -5 -6 -7 -8
leaf_value=-0.028494968982218444 -0.02586541816570416 0.00064604006292633142 0.056772426938998859 0.034344905994759214 0.014716623437200574 0.01833279378662905 0.078736127994693067
leaf_count=31690 9116 20173 256 1667 419 3564 124
internal_value=0 0.157385 -0.238619 0.235072 -0.334986 0.178582 0.0498739
internal_count=67009 35319 9791 25528 9535 23861 20297
shrinkage=0.05


Tree=28
num_leaves=8
num_cat=0
split_feature=3 0 2 0 0 3 6
split_gain=67.8389 23.6743 14.0346 12.5848 32.1047 17.6224 10.56
threshold=81.583333333333357 48.500000000000007 25.250000000000004 58.500000000000007 59.500000000000007 91.833333333333357 5.6500000000000012
decision_type=8 2 8 2 2 10 10
left_child=1 -1 3 5 -5 -2 -3
right_child=2 6 -4 4 -6 -7 -8
leaf_value=-0.035967108981994428 -0.015521182939232492 -0.021909426599017911 0.017833354913106406 0.091917393421880822 -0.0065822197343745094 0.0097754600455374832 0.011837747254761274
leaf_count=29741 12606 4824 9439 331 698 4329 5041
internal_value=0 -0.46069 0.181876 0.0391949 0.603184 -0.0323818 -0.0653133
internal_count=67009 39606 27403 17964 1029 16935 9865
shrinkage=0.05


Tree=29
num_leaves=8
num_cat=0
split_feature=4 0 3 2 6 0 8
split_gain=63.6331 16.6762 16.8486 10.7602 10.2706 9.76653 8.86242
threshold=129.33333333333337 44.500000000000007 87.833333333333357 24.250000000000004 6.5500000000000016 53.500000000000007 1.0000000180025095e-35
decision_type=8 2 10 10 10 2 2
left_child=3 2 -2 5 -3 -1 -4
right_child=1 4 6 -5 -6 -7 -8
leaf_value=-0.04023907812808461 -0.026636388815633617 0.0093929223855468078 0.0013330235491922464 -0.0036313671813337119 0.032825399890745614 -0.0040059815740817973 0.051613742413852304
leaf_count=23366 10291 18902 4436 5795 1475 2529 215
internal_value=0 0.14222 -0.120402 -0.547721 0.243722 -0.681494 0.112598
internal_count=67009 35319 14942 31690 20377 25895 4651
shrinkage=0.05


Tree=30
num_leaves=8
num_cat=0
split_feature=4 0 3 0 2 8 4
split_gain=58.745 15.0465 11.8096 10.6351 10.4763 10.4602 9.05993
threshold=129.33333333333337 41.500000000000007 87.833333333333357 48.500000000000007 34.550000000000004 1.0000000180025095e-35 152.16666666666671
decision_type=8 2 10 2 8 2 10
left_child=3 2 -2 -1 6 -4 -3
right_child=1 4 5 -5 -6 -7 -8
leaf_value=-0.03664611339950042 -0.031869533099023538 0.0036495756222589292 -0.0037052067275254105 -0.010289440050926585 0.050826193728553751 0.066509042895531931 0.01734052687802792
leaf_count=23692 7109 21818 2574 7998 395 108 3315
internal_value=0 0.134271 -0.222796 -0.535217 0.201133 0.0622917 0.176466
internal_count=67009 35319 9791 31690 25528 2682 25133
shrinkage=0.05


Tree=31
num_leaves=8
num_cat=0
split_feature=4 0 2 0 0 3 5
split_gain=54.2231 13.7701 13.0309 16.3994 22.3925 17.613 12.7949
threshold=129.33333333333337 31.500000000000004 24.050000000000004 57.500000000000007 59.500000000000007 91.833333333333357 1.5524351924587589
decision_type=8 2 8 2 2 10 8
left_child=-1 -2 3 5 -5 -3 -7
right_child=1 2 -4 4 -6 6 -8
leaf_value=-0.026132091550737969 -0.036910779935879892 -0.019777814425958412 0.013922137298167658 0.065603596233899414 -0.007407064223233892 -0.016524787130920895 0.019724713358352162
leaf_count=31690 2326 13435 15127 642 715 971 2103
internal_value=0 0.126897 0.151882 -0.0154901 0.560761 -0.122137 0.163042
internal_count=67009 35319 32993 17866 1357 16509 3074
shrinkage=0.05


Tree=32
num_leaves=8
num_cat=0
split_feature=4 0 2 3 6 0 0
split_gain=50.2572 15.1775 16.2464 15.6367 9.3245 9.22145 8.6605
threshold=127.25000000000001 44.500000000000007 26.550000000000004 93.833333333333357 6.5500000000000016 53.500000000000007 46.500000000000007
decision_type=8 2 8 10 10 2 2
left_child=5 2 3 -2 -3 -1 -6
right_child=1 4 -4 -5 6 -7 -8
leaf_value=-0.033819658610908403 -0.031069955002356039 0.0075972899419043359 0.012591726858528458 0.0083277017624925325 -0.02120565814962249 -0.00014813879138594768 0.036542912806169177
leaf_count=25438 11991 20550 3757 988 220 2737 1328
internal_value=0 0.110169 -0.136367 -0.366072 0.203968 -0.55484 0.58494
internal_count=67009 38834 16736 12979 22098 28175 1548
shrinkage=0.05


Tree=33
num_leaves=8
num_cat=0
split_feature=3 0 6 0 4 2 0
split_gain=46.7854 20.1034 11.817 11.055 9.57759 9.42588 9.09701
threshold=80.833333333333357 48.500000000000007 8.6500000000000004 31.500000000000004 179.50000000000003 29.050000000000004 58.500000000000007
decision_type=8 2 10 2 10 10 2
left_child=1 -1 3 -2 6 -3 -5
right_child=2 5 -4 4 -6 -7 -8
leaf_value=-0.034947970447072797 -0.042538937819889037 -0.0067320485927489645 0.055149263102829409 0.0031590751124370127 0.038100401978587259 0.06225879044385603 0.024603138332936283
leaf_count=28196 1052 8912 281 26639 228 212 1489
internal_value=0 -0.429787 0.133957 0.113301 0.132693 -0.0470124 0.105984
internal_count=67009 37320 29689 29408 28356 9124 28128
shrinkage=0.05


Tree=34
num_leaves=8
num_cat=0
split_feature=4 0 6 2 4 5 0
split_gain=43.8897 12.6818 12.5694 11.5875 14.4144 14.251 10.7714
threshold=127.25000000000001 31.500000000000004 8.6500000000000004 24.050000000000004 145.83333333333334 3.7571662571662583 58.500000000000007
decision_type=8 2 10 8 10 8 2
left_child=-1 -2 3 4 6 -6 -3
right_child=1 2 -4 -5 5 -7 -8
leaf_value=-0.026657359818723022 -0.036702639956008788 -0.019413471555610108 0.054159927331524228 0.011083702607304256 0.0055516718560366593 0.097631266047236293 0.025824501996716494
leaf_count=28175 2646 14911 310 15893 4307 111 656
internal_value=0 0.100067 0.122934 0.10241 -0.05141 0.167008 -0.289378
internal_count=67009 38834 36188 35878 19985 4418 15567
shrinkage=0.05


Tree=35
num_leaves=8
num_cat=0
split_feature=4 0 3 8 2 2 4
split_gain=40.5625 12.1931 15.4247 18.9688 10.085 9.00154 7.99588
threshold=127.25000000000001 45.500000000000007 98.833333333333357 1.0000000180025095e-35 26.550000000000004 24.650000000000002 178.50000000000003
decision_type=8 2 10 2 10 10 8
left_child=5 2 3 4 -2 -1 -3
right_child=1 6 -4 -5 -6 -7 -8
leaf_value=-0.032185413142892048 -0.027215749917069845 0.0078981099696512937 0.016405786348008943 0.044858044708846689 0.0015528328998262982 0.0024470326748750582 0.039017794725554361
leaf_count=24166 13841 19687 995 640 3477 4009 194
internal_value=0 0.0947532 -0.10106 -0.267024 -0.369757 -0.520476 0.188552
internal_count=67009 38834 18953 17958 17318 28175 19881
shrinkage=0.05


Tree=36
num_leaves=8
num_cat=0
split_feature=4 0 6 2 0 0 3
split_gain=37.477 11.4027 10.8172 10.3136 13.4241 15.4448 14.9999
threshold=127.25000000000001 31.500000000000004 12.450000000000001 24.050000000000004 57.500000000000007 59.500000000000007 91.833333333333357
decision_type=8 2 10 8 2 2 10
left_child=-1 -2 3 4 6 -6 -3
right_child=1 2 -4 -5 5 -7 -8
leaf_value=-0.025392967027614122 -0.036018127514753841 -0.019315230627217007 0.12128229793850437 0.010607870387672321 0.05149551528250719 -0.0062389561345250746 0.0060438194153488488
leaf_count=28175 2646 15482 22 16119 703 762 3100
internal_value=0 0.0896845 0.110694 0.103332 -0.0427127 0.451412 -0.140092
internal_count=67009 38834 36188 36166 20047 1465 18582
shrinkage=0.05


Tree=37
num_leaves=8
num_cat=0
split_feature=3 0 0 6 2 5 2
split_gain=34.6413 19.101 9.64137 9.17565 8.11503 11.4031 7.89935
threshold=80.833333333333357 48.500000000000007 31.500000000000004 12.15 20.950000000000003 1.3687343358395994 23.350000000000005
decision_type=8 2 2 10 10 8 8
left_child=1 -1 -2 6 -3 -6 -4
right_child=2 4 3 -5 5 -7 -8
leaf_value=-0.03337336013905555 -0.041654343125511334 -0.025174370592284296 -0.0021675559373887147 0.10939048970409537 0.06888666890312016 0.0011286475939612114 0.010030879351020852
leaf_count=28196 1060 3200 12598 20 712 5212 16011
internal_value=0 -0.38711 0.110292 0.126936 -0.0125375 0.194392 0.119274
internal_count=67009 37320 29689 28629 9124 5924 28609
shrinkage=0.05


Tree=38
num_leaves=8
num_cat=0
split_feature=4 0 4 8 6 2 0
split_gain=32.6112 10.1193 15.232 13.7084 10.3093 9.52603 9.11005
threshold=127.25000000000001 50.500000000000007 142.83333333333334 1.0000000180025095e-35 7.0500000000000016 20.150000000000002 53.500000000000007
decision_type=8 2 10 2 10 8 2
left_child=6 2 3 4 -2 -4 -1
right_child=1 -3 5 -5 -6 -7 -8
leaf_value=-0.031024312837219344 -0.022223337977150648 0.011345986986413648 -0.032322931361277805 0.033498103707087716 0.05301453248866294 0.008575668669785071 0.0038868159954589167
leaf_count=25438 18220 10527 707 874 251 8255 2737
internal_value=0 0.0816612 -0.0223556 -0.289214 -0.390547 0.12329 -0.485745
internal_count=67009 38834 28307 19345 18471 8962 28175
shrinkage=0.05


Tree=39
num_leaves=8
num_cat=0
split_feature=4 0 2 6 0 4 8
split_gain=30.2154 10.1553 9.31532 9.26013 8.51982 11.978 24.813
threshold=126.16666666666667 31.500000000000004 24.650000000000002 8.6500000000000004 57.500000000000007 145.83333333333334 1.0000000180025095e-35
decision_type=8 2 10 10 2 10 2
left_child=2 -2 -1 4 5 6 -3
right_child=1 3 -4 -5 -6 -7 -8
leaf_value=-0.031355752140841818 -0.035326939190476338 -0.012618398282454053 0.0067342876482210587 0.043974313774767709 0.017971630181814503 0.0078195876612659389 0.037859404989412648
leaf_count=22970 2818 24606 3623 319 2548 8537 1588
internal_value=0 0.0744135 -0.492307 0.0934401 0.0755638 0.0293376 -0.138667
internal_count=67009 40416 26593 37598 37279 34731 26194
shrinkage=0.05


Tree=40
num_leaves=8
num_cat=0
split_feature=4 0 2 6 2 0 0
split_gain=27.9036 9.46423 8.84804 8.40807 8.04651 11.2312 13.8644
threshold=126.16666666666667 31.500000000000004 24.650000000000002 12.450000000000001 24.050000000000004 57.500000000000007 59.500000000000007
decision_type=8 2 10 10 8 2 2
left_child=2 -2 -1 4 5 -3 -7
right_child=1 3 -4 -5 -6 6 -8
leaf_value=-0.030759708681836681 -0.034799662444764505 -0.0068700070312221169 0.0063728794988131901 0.10050003777807617 0.0087884265974414143 0.045658609601920433 -0.0075708771458663469
leaf_count=22970 2818 19503 3623 22 16576 718 779
internal_value=0 0.0704637 -0.479721 0.0884785 0.0817821 -0.0468371 0.391541
internal_count=67009 40416 26593 37598 37576 21000 1497
shrinkage=0.05


Tree=41
num_leaves=8
num_cat=0
split_feature=3 2 4 0 5 0 5
split_gain=25.9448 10.3427 12.3888 9.24419 6.3324 6.06971 6.0465
threshold=73.833333333333357 23.350000000000005 140.83333333333334 49.500000000000007 3.858571428571429 30.500000000000004 1.0613814756671902
decision_type=8 8 10 2 10 2 8
left_child=3 2 6 -1 -4 -3 -2
right_child=1 5 4 -5 -6 -7 -8
leaf_value=-0.037843317805225402 0.019612547875688932 -0.037405171538777114 0.0019653984029616191 -0.0032804866708757013 0.067855669236638147 0.0082021621871188159 -0.023350431810071754
leaf_count=17744 1545 931 6041 3802 89 21734 15123
internal_value=0 0.059948 -0.104723 -0.520651 0.0717295 0.149459 -0.387975
internal_count=67009 45463 22798 21546 6130 22665 16668
shrinkage=0.05


Tree=42
num_leaves=8
num_cat=0
split_feature=4 0 4 8 6 2 2
split_gain=24.0908 8.74034 13.0865 10.7553 8.70722 8.47941 8.29292
threshold=126.16666666666667 50.500000000000007 142.83333333333334 1.0000000180025095e-35 7.0500000000000016 19.850000000000005 24.650000000000002
decision_type=8 2 10 2 10 8 10
left_child=6 2 3 4 -2 -4 -1
right_child=1 -3 5 -5 -6 -7 -8
leaf_value=-0.029709640025676207 -0.021231473952249211 0.009800916647750145 -0.035647131655579291 0.026616792845707723 0.04557673663683022 0.0070287139630491853 0.0064169259119480869
leaf_count=22970 19436 10836 585 920 262 8377 3623
internal_value=0 0.0638481 -0.0326914 -0.279672 -0.37302 0.100681 -0.456728
internal_count=67009 40416 29580 20618 19698 8962 26593
shrinkage=0.05


Tree=43
num_leaves=8
num_cat=0
split_feature=3 0 2 4 0 6 0
split_gain=22.6441 8.95885 8.90974 12.0846 6.92437 6.37481 5.20333
threshold=73.833333333333357 49.500000000000007 24.050000000000004 140.83333333333334 30.500000000000004 7.6500000000000012 58.500000000000007
decision_type=8 2 8 10 2 10 2
left_child=1 -1 3 5 -4 -2 -5
right_child=2 -3 4 6 -6 -7 -8
leaf_value=-0.037079207913326903 -0.018582696968358511 -0.0025475295292126791 -0.043299344825044064 0.0003141838778995354 0.00837353508741338 0.071035046673935884 0.023439938458131145
leaf_count=17744 19133 3802 779 6898 18003 103 547
internal_value=0 -0.498619 0.0545114 -0.0765433 0.15103 -0.341316 0.0757687
internal_count=67009 21546 45463 26681 18782 19236 7445
shrinkage=0.05


Tree=44
num_leaves=8
num_cat=0
split_feature=3 0 2 4 6 0 4
split_gain=20.9579 8.7093 7.97349 11.0849 6.52144 6.48734 5.11506
threshold=73.833333333333357 58.500000000000007 24.050000000000004 140.83333333333334 7.7500000000000009 30.500000000000004 178.50000000000003
decision_type=8 2 8 10 10 2 10
left_child=1 -1 3 4 -2 -4 -7
right_child=2 -3 5 -5 -6 6 -8
leaf_value=-0.029704754905837013 -0.01802885995868447 0.024036798995673656 -0.042987809379919875 0.0035919219468887619 0.073439028668448703 0.0066194592249169794 0.033206521615530775
leaf_count=21032 19141 514 779 7445 95 17849 154
internal_value=0 -0.486197 0.0516694 -0.0728581 -0.329586 0.142377 0.157904
internal_count=67009 21546 45463 26681 19236 18782 18003
shrinkage=0.05


Tree=45
num_leaves=8
num_cat=0
split_feature=3 0 6 0 8 0 2
split_gain=19.3677 8.63634 7.83405 7.91788 9.17975 9.1845 6.49482
threshold=73.833333333333357 49.500000000000007 12.450000000000001 41.500000000000007 1.0000000180025095e-35 39.500000000000007 34.550000000000004
decision_type=8 2 10 2 2 2 8
left_child=1 -1 3 4 -2 -6 -5
right_child=2 -3 -4 6 5 -7 -8
leaf_value=-0.036189691859636421 -0.015085821397154415 -0.0017220901817263058 0.093130571672347603 0.0034057085910643905 -0.026926446359261492 0.075119501779563669 0.033746874346378845
leaf_count=17744 12305 3802 21 32345 115 192 485
internal_value=0 -0.473592 0.0490153 0.0428373 -0.213508 0.77138 0.0865509
internal_count=67009 21546 45463 45442 12612 307 32830
shrinkage=0.05


Tree=46
num_leaves=8
num_cat=0
split_feature=4 2 0 4 8 2 6
split_gain=18.2267 7.6327 7.15021 10.4242 9.23094 7.66469 7.48189
threshold=126.16666666666667 24.650000000000002 50.500000000000007 142.83333333333334 1.0000000180025095e-35 19.850000000000005 7.0500000000000016
decision_type=8 10 2 10 2 8 10
left_child=1 -1 3 4 6 -5 -2
right_child=2 -3 -4 5 -6 -7 -8
leaf_value=-0.027807260384082752 -0.020074282653787221 0.007344051472759937 0.0085646238181385 -0.035138752710067618 0.023841323884403888 0.0059488349508633248 0.040316763814822472
leaf_count=22970 19436 3623 10836 585 920 8377 262
internal_value=0 -0.414257 0.0532962 -0.0344726 -0.259582 0.0821012 -0.350424
internal_count=67009 26593 40416 29580 20618 8962 19698
shrinkage=0.05


Tree=47
num_leaves=8
num_cat=0
split_feature=3 0 6 8 4 0 2
split_gain=16.8603 8.3099 7.01082 7.04786 10.3519 15.541 14.9422
threshold=73.833333333333357 49.500000000000007 12.450000000000001 1.0000000180025095e-35 145.83333333333334 58.500000000000007 34.650000000000013
decision_type=8 2 10 2 8 2 10
left_child=1 -1 3 4 5 6 -2
right_child=2 -3 -4 -5 -6 -7 -8
leaf_value=-0.035376715777209737 -0.012682418886651637 -0.0010943934749777157 0.086112517203631764 0.016111026237471109 0.00571710989356446 0.028433425913691697 0.091406104638882157
leaf_count=17744 32127 3802 21 2817 9137 1184 177
internal_value=0 -0.451696 0.0447788 0.0388239 0.00364478 -0.144559 -0.224656
internal_count=67009 21546 45463 45442 42625 33488 32304
shrinkage=0.05


Tree=48
num_leaves=8
num_cat=0
split_feature=4 2 0 6 2 3 6
split_gain=15.6837 7.21865 6.75697 6.08925 5.79001 8.5366 8.27922
threshold=126.16666666666667 24.650000000000002 31.500000000000004 8.6500000000000004 30.750000000000004 105.83333333333336 5.3500000000000005
decision_type=8 10 2 10 8 10 10
left_child=1 -1 -2 4 5 -4 -6
right_child=2 -3 3 -5 6 -7 -8
leaf_value=-0.026776825640440757 -0.032355943649616602 0.0076139841376672724 -0.0010654068488932494 0.033324878183663122 0.057819135116190468 0.018969585492947572 0.0085487875627885714
leaf_count=22970 2818 3623 34897 319 326 605 1451
internal_value=0 -0.392148 0.0485385 0.0624872 0.0475731 0.0177487 0.340169
internal_count=67009 26593 40416 37598 37279 35502 1777
shrinkage=0.05


Tree=49
num_leaves=8
num_cat=0
split_feature=3 0 2 6 3 8 3
split_gain=14.7046 8.02505 6.40931 6.41613 5.57297 5.48676 8.98649
threshold=73.833333333333357 49.500000000000007 19.950000000000003 12.450000000000001 119.50000000000001 1.0000000180025095e-35 99.833333333333357
decision_type=8 2 8 10 10 2 8
left_child=1 -1 -2 4 5 -4 -7
right_child=2 -3 3 -5 -6 6 -8
leaf_value=-0.034578554597487557 -0.015303388832520552 -0.00043241999057432425 0.00080005544642550814 0.082883633298859338 0.040808995237485629 0.022904067591949896 -0.021148935281102635
leaf_count=17744 5589 3802 37087 20 75 2543 149
internal_value=0 -0.430401 0.0411775 0.0670857 0.0608932 0.0496344 0.300253
internal_count=67009 21546 45463 39874 39854 39779 2692
shrinkage=0.05


Tree=50
num_leaves=8
num_cat=0
split_feature=4 2 0 0 1 2 6
split_gain=13.6224 6.92856 8.21567 6.2017 5.72033 5.18134 7.37898
threshold=126.16666666666667 23.050000000000004 46.500000000000007 31.500000000000004 1.5000000000000002 30.750000000000004 5.3500000000000005
decision_type=8 10 2 2 2 8 8
left_child=1 -1 -3 -2 -4 -5 -7
right_child=3 2 4 5 -6 6 -8
leaf_value=-0.029053431691912573 -0.031692858984580831 -0.027135369980921295 0.036525828348943003 0.0014498524646984466 -0.028460899744661428 0.086068407491535479 0.01196462058859199
leaf_count=19370 2818 4605 2061 35756 557 90 1752
internal_value=0 -0.372009 0.0023066 0.0445367 0.44935 0.0576279 0.323471
internal_count=67009 26593 7223 40416 2618 37598 1842
shrinkage=0.05


Tree=51
num_leaves=8
num_cat=0
split_feature=3 0 0 2 3 5 5
split_gain=12.7675 7.59891 6.08276 10.0124 10.2761 7.0684 6.73097
threshold=73.833333333333357 49.500000000000007 44.500000000000007 26.550000000000004 93.833333333333357 2.5579159212880147 0.93039405684754528
decision_type=8 2 2 8 10 8 8
left_child=1 -1 3 4 -2 -5 -4
right_child=2 -3 6 5 -6 -7 -8
leaf_value=-0.033699579711933804 -0.026701849068918423 -5.089937868887529e-05 0.039261330563181256 0.027322425877939656 0.0051671691552590332 -0.0041923684107651729 0.003670749301240147
leaf_count=17744 14479 3802 735 1598 992 2306 25353
internal_value=0 -0.409063 0.0376412 -0.119525 -0.309776 0.16631 0.0918898
internal_count=67009 21546 45463 19375 15471 3904 26088
shrinkage=0.05


Tree=52
num_leaves=8
num_cat=0
split_feature=2 3 0 5 3 3 2
split_gain=11.9577 8.46651 12.551 9.30864 8.50592 11.2281 8.45093
threshold=20.350000000000005 88.833333333333357 48.500000000000007 1.1572231139646874 85.833333333333357 73.833333333333357 23.950000000000003
decision_type=8 8 2 8 10 10 10
left_child=-1 2 6 4 5 -4 -2
right_child=1 -3 3 -5 -6 -7 -8
leaf_value=-0.01795432551862116 -0.031307579390888594 0.0062984174996574592 -0.029162286032317731 0.0017157694948719837 -0.031649761031691481 0.11410664710733809 -0.0046035633671939096
leaf_count=15088 16996 11809 207 11313 97 392 11107
internal_value=0 0.0404232 -0.101116 0.0976735 1.11761 1.62443 -0.340025
internal_count=67009 51921 40112 12009 696 599 28103
shrinkage=0.05


Tree=53
num_leaves=8
num_cat=0
split_feature=3 0 6 0 8 0 5
split_gain=11.1326 7.32949 5.44695 5.60099 7.05354 7.6357 5.69044
threshold=73.833333333333357 58.500000000000007 12.450000000000001 41.500000000000007 1.0000000180025095e-35 39.500000000000007 2.8725338491295944
decision_type=8 2 10 2 2 2 8
left_child=1 -1 3 4 -2 -6 -7
right_child=2 -3 -4 -5 5 6 -8
leaf_value=-0.025381881475582291 -0.0136856082495285 0.024430475181691062 0.072309937454109588 0.0032355127709368945 -0.027454667406622266 0.095215152657907642 -0.0036212946455097595
leaf_count=21032 12305 514 21 32830 115 118 74
internal_value=0 -0.388996 0.034421 0.0289742 -0.190651 0.638322 1.26051
internal_count=67009 21546 45463 45442 12612 307 192
shrinkage=0.05


Tree=54
num_leaves=8
num_cat=0
split_feature=2 3 0 2 5 6 3
split_gain=10.748 7.32526 11.219 8.03134 7.9894 8.01454 7.26605
threshold=20.350000000000005 88.833333333333357 48.500000000000007 23.950000000000003 1.1572231139646874 5.3500000000000005 85.833333333333357
decision_type=8 8 2 10 8 10 10
left_child=-1 2 3 -2 6 -6 -4
right_child=1 -3 4 -5 5 -7 -8
leaf_value=-0.017219621550051568 -0.030543808778162169 0.0058467039810196006 0.072492312158393191 -0.0041840879334772508 -0.021173786450786911 0.007925578203810452 -0.031299694197926123
leaf_count=15088 16996 11809 599 11107 2902 8411 97
internal_value=0 0.0379964 -0.0945073 -0.324469 0.0914794 0.0315364 1.01169
internal_count=67009 51921 40112 28103 12009 11313 696
shrinkage=0.05


Tree=55
num_leaves=8
num_cat=0
split_feature=4 2 0 6 4 0 0
split_gain=9.94314 6.33217 5.16714 4.6914 4.9129 5.85447 14.6927
threshold=126.16666666666667 20.050000000000004 31.500000000000004 8.6500000000000004 179.50000000000003 58.500000000000007 59.500000000000007
decision_type=8 10 2 10 10 2 2
left_child=1 -1 -2 4 5 -4 -7
right_child=2 -3 3 -5 -6 6 -8
leaf_value=-0.039093507002470232 -0.030279565531765036 -0.0078740368117355009 -0.00085891050735036707 0.028205517931577537 0.022567803259008899 0.041498968727479081 -0.0038450763163707098
leaf_count=8577 2818 18016 35226 319 229 571 1253
internal_value=0 -0.329531 0.0366871 0.0481447 0.0348519 0.017237 0.280957
internal_count=67009 26593 40416 37598 37279 37050 1824
shrinkage=0.05


Tree=56
num_leaves=8
num_cat=0
split_feature=2 3 0 2 5 3 6
split_gain=9.39297 6.40563 10.0918 7.63911 7.08572 6.88595 5.98311
threshold=20.350000000000005 88.833333333333357 48.500000000000007 23.950000000000003 1.0342868338557996 81.833333333333357 5.8500000000000005
decision_type=8 8 2 10 8 10 10
left_child=-1 2 3 -2 5 -4 -6
right_child=1 -3 4 -5 6 -7 -8
leaf_value=-0.016333120711119073 -0.029848700965667958 0.0054110579376241315 0.10083300764571999 -0.0038609095949178728 -0.0068801651606567489 -0.0063055710223134083 0.013865010624884801
leaf_count=15088 16996 11809 266 11107 7640 148 3955
internal_value=0 0.0349255 -0.0896129 -0.311056 0.0851104 1.1498 0.0392976
internal_count=67009 51921 40112 28103 12009 414 11595
shrinkage=0.05


Tree=57
num_leaves=8
num_cat=0
split_feature=4 0 2 6 3 3 2
split_gain=8.87772 12.2421 5.00505 4.75342 4.69654 5.1812 4.23912
threshold=119.25000000000001 50.500000000000007 20.350000000000005 12.450000000000001 119.50000000000001 129.50000000000003 26.050000000000004
decision_type=8 2 8 10 10 8 10
left_child=1 -1 -2 4 -4 -6 -3
right_child=2 6 3 -5 5 -7 -8
leaf_value=-0.041325624725028182 -0.012232432975379723 0.0030034394885883639 0.0016543165130520777 0.067287761457981071 0.05839284996453064 -0.01734970311324955 0.07588064881739974
leaf_count=13025 8415 2372 42988 22 53 21 113
internal_value=0 -0.444354 0.0236758 0.0489078 0.0434104 0.722679 0.2881
internal_count=67009 15510 51499 43084 43062 74 2485
shrinkage=0.05


Tree=58
num_leaves=8
num_cat=0
split_feature=3 0 8 5 2 3 5
split_gain=8.31094 6.54379 4.47601 8.03239 7.82688 7.07675 9.46079
threshold=73.833333333333357 61.500000000000007 1.0000000180025095e-35 1.352192701664533 22.250000000000004 97.833333333333357 3.6397569444444451
decision_type=8 2 2 8 8 8 8
left_child=1 -1 5 4 -4 -2 -7
right_child=2 -3 3 -5 -6 6 -8
leaf_value=-0.021369158133411826 -0.0035892461143755489 0.043496225077872146 0.13862685307902439 0.0075886870076391144 0.020406423996674517 0.0041005648390786539 0.040100644100654427
leaf_count=21329 39773 217 85 2590 148 2614 253
internal_value=0 -0.347863 0.0289672 0.247469 1.28454 0.000366868 0.154738
internal_count=67009 21546 45463 2823 233 42640 2867
shrinkage=0.05


Tree=59
num_leaves=8
num_cat=0
split_feature=0 3 2 2 8 0 2
split_gain=8.09354 9.06598 5.60053 5.4659 6.09727 6.21225 5.03595
threshold=41.500000000000007 87.833333333333357 31.450000000000003 33.350000000000001 1.0000000180025095e-35 39.500000000000007 30.750000000000004
decision_type=2 10 10 8 2 2 8
left_child=1 2 -1 4 6 -6 -3
right_child=-2 3 -4 -5 5 -7 -8
leaf_value=-0.030442142042338347 0.0020693753926029584 -0.005614622977123741 0.037137342922473025 -0.039552066029236832 -0.018014238806183087 0.081604527814923056 0.041879466212860143
leaf_count=19559 44259 2381 387 156 33 64 170
internal_value=0 -0.24361 -0.536461 0.0200019 0.125544 1.02291 0.00484175
internal_count=67009 22750 19946 2804 2648 97 2551
shrinkage=0.05


Tree=60
num_leaves=8
num_cat=0
split_feature=2 0 3 2 2 0 4
split_gain=7.59321 5.29099 6.93159 7.41507 6.41488 5.05887 5.2945
threshold=20.350000000000005 41.500000000000007 90.833333333333357 33.350000000000001 29.950000000000003 50.500000000000007 151.83333333333334
decision_type=8 2 10 8 10 2 10
left_child=5 2 4 -4 -2 -1 -7
right_child=1 -3 3 -5 -6 6 -8
leaf_value=-0.026384126523842047 -0.028318957973199416 0.0033399383764807313 0.011277358223100909 -0.045581999865672851 0.025206335174726386 -0.013872862404854483 0.026972813260342312
leaf_count=12271 13995 35609 1448 117 752 2634 183
internal_value=0 0.0313057 -0.18052 0.083141 -0.439353 -0.299363 -0.0115156
internal_count=67009 51921 16312 1565 14747 15088 2817
shrinkage=0.05


Tree=61
num_leaves=8
num_cat=0
split_feature=4 0 0 6 5 0 5
split_gain=7.23468 11.5623 4.40166 4.02166 5.90699 9.01546 7.06122
threshold=119.25000000000001 50.500000000000007 26.500000000000004 6.6500000000000012 2.1503424657534249 46.500000000000007 1.7322686116700206
decision_type=8 2 2 10 10 2 8
left_child=1 -1 -2 -4 6 -6 -5
right_child=2 -3 3 4 5 -7 -8
leaf_value=-0.040542659207288535 -0.041925019757836697 0.014420593099025811 0.00014225256493776705 0.020408855392042319 -0.0090072128322347799 0.036222197257146593 -0.03058280915261935
leaf_count=13025 1699 2485 47818 329 482 819 352
internal_value=0 -0.412564 0.0211361 0.028033 0.245734 0.443258 -0.14323
internal_count=67009 15510 51499 49800 1982 1301 681
shrinkage=0.05


Tree=62
num_leaves=8
num_cat=0
split_feature=2 0 6 0 4 2 5
split_gain=6.85372 7.56052 4.30783 4.2002 4.47496 3.86633 4.17068
threshold=19.950000000000003 50.500000000000007 12.450000000000001 41.500000000000007 142.83333333333334 33.750000000000007 3.2612040133779265
decision_type=8 2 10 2 10 8 10
left_child=1 -1 3 4 -2 -5 -7
right_child=2 -3 -4 5 -6 6 -8
leaf_value=-0.032459278125804916 -0.019932713679054942 0.0030912261425469992 0.06186425263262342 0.0017824491985485452 0.0011075080974730644 0.034325023902120472 -0.012139567937183335
leaf_count=10151 14551 2279 22 36573 2762 543 128
internal_value=0 -0.326195 0.0255873 0.0206127 -0.167518 0.0516875 0.444565
internal_count=67009 12430 54579 54557 17313 37244 671
shrinkage=0.05


Tree=63
num_leaves=8
num_cat=0
split_feature=4 0 0 5 5 3 4
split_gain=6.45839 10.8134 4.1065 3.76067 5.79674 8.00849 7.62467
threshold=119.25000000000001 50.500000000000007 26.500000000000004 2.1870833333333337 1.4670289855072467 69.833333333333357 111.25000000000001
decision_type=8 2 2 8 10 10 10
left_child=1 -1 -2 4 -3 6 -6
right_child=2 3 -4 -5 5 -7 -8
leaf_value=-0.040008717636440233 -0.041510504004245337 -0.015722614520619151 0.001305169558699492 -0.015189608522524413 0.01054351394571074 -0.0064199656832566983 0.16378036384085687
leaf_count=13025 1699 625 49800 915 277 435 233
internal_value=0 -0.395687 0.0196008 0.268568 0.665139 1.24155 2.14759
internal_count=67009 15510 51499 2485 1570 945 510
shrinkage=0.05


Tree=64
num_leaves=8
num_cat=0
split_feature=2 0 6 3 3 0 1
split_gain=6.16458 7.00731 3.91335 3.96115 4.32835 4.12238 9.08302
threshold=19.950000000000003 50.500000000000007 12.450000000000001 119.50000000000001 129.50000000000003 58.500000000000007 1.5000000000000002
decision_type=8 2 10 10 8 2 2
left_child=1 -1 3 5 -5 -2 -7
right_child=2 -3 -4 4 -6 6 -8
leaf_value=-0.031689137935734697 -0.00086178023524809448 0.0028136067977610874 0.058189921307089915 0.050836307142918813 -0.017431812917284888 0.01957494807400002 -0.021203142033246299
leaf_count=10151 52271 2279 22 54 21 1706 505
internal_value=0 -0.312546 0.0240974 0.0192987 0.629329 0.0102358 0.221943
internal_count=67009 12430 54579 54557 75 54482 2211
shrinkage=0.05


Tree=65
num_leaves=8
num_cat=0
split_feature=3 0 5 5 3 4 6
split_gain=5.89995 7.11896 3.9916 5.61617 4.54522 5.11815 4.94647
threshold=72.833333333333357 49.500000000000007 1.3056703397612492 2.060303030303031 61.833333333333336 119.25000000000001 5.7500000000000009
decision_type=8 2 10 10 10 10 10
left_child=1 -1 -3 4 -4 6 -6
right_child=-2 2 3 -5 5 -7 -8
leaf_value=-0.032829328750273432 0.0010973049946507961 -0.039042746356672479 -0.028794007332881635 -0.011102017251779063 0.018513184766690571 0.01026911843572012 0.13560625717633634
leaf_count=15963 47753 569 243 1340 381 474 286
internal_value=0 -0.328064 0.088629 0.272629 0.815611 1.10068 1.82004
internal_count=67009 19256 3293 2724 1384 1141 667
shrinkage=0.05


Tree=66
num_leaves=8
num_cat=0
split_feature=2 0 5 4 6 3 6
split_gain=5.56606 6.51788 3.78673 5.15377 7.28492 3.68867 4.77074
threshold=19.950000000000003 50.500000000000007 0.83402203856749324 155.16666666666671 5.5500000000000016 105.83333333333336 6.7500000000000009
decision_type=8 2 8 10 10 10 10
left_child=1 -1 -3 -4 -5 6 -2
right_child=5 2 3 4 -6 -7 -8
leaf_value=-0.030946190107695972 -0.0014674567515873633 0.058819448201629654 -0.017271901727715561 -0.020281471011966534 0.06991206296826312 0.011884175765266215 0.012902379909822119
leaf_count=10151 52088 94 2076 52 57 682 1809
internal_value=0 -0.299752 0.0518492 -0.064259 0.594593 0.0227924 -0.00103765
internal_count=67009 12430 2279 2185 109 54579 53897
shrinkage=0.05


Tree=67
num_leaves=8
num_cat=0
split_feature=4 0 0 2 5 2 6
split_gain=5.3481 9.94657 3.80903 3.72181 4.66626 3.45101 5.55676
threshold=119.25000000000001 50.500000000000007 26.500000000000004 26.050000000000004 2.1870833333333337 30.750000000000004 5.3500000000000005
decision_type=8 2 2 10 8 8 8
left_child=1 -1 -2 4 -3 -4 -7
right_child=2 3 5 -5 -6 6 -8
leaf_value=-0.039169298758878868 -0.041055754857120333 0.023561251458274559 6.0891426332192433e-05 0.068397981883849907 -0.033217670454216287 0.068132581879340834 0.0080390764235712016
leaf_count=13025 1699 1541 47664 113 831 119 2017
internal_value=0 -0.368254 0.0176804 0.253957 0.0401601 0.023786 0.231691
internal_count=67009 15510 51499 2485 2372 49800 2136
shrinkage=0.05


Tree=68
num_leaves=8
num_cat=0
split_feature=0 3 4 2 5 4 5
split_gain=5.11761 8.93884 7.4316 7.15678 6.4244 4.69818 4.0338
threshold=44.500000000000007 87.833333333333357 131.16666666666669 25.650000000000002 2.3656191369606003 126.16666666666667 3.9764673311184944
decision_type=2 10 10 10 8 10 8
left_child=1 3 -3 6 5 -5 -1
right_child=-2 2 -4 4 -6 -7 -8
leaf_value=-0.033597029776434001 0.0023260356442338591 0.071369865404107669 -0.00071154482278181939 -0.030049502122262997 -0.016945693279963866 0.052688946309954569 0.018638337622101181
leaf_count=22100 34190 346 4513 534 2638 1088 1600
internal_value=0 -0.139565 0.0290192 -0.406421 0.0694144 0.72165 -0.600888
internal_count=67009 32819 4859 27960 4260 1622 23700
shrinkage=0.05


Tree=69
num_leaves=8
num_cat=0
split_feature=2 0 6 5 4 2 6
split_gain=4.82846 5.91962 3.4526 3.42183 4.70434 6.52508 7.58266
threshold=19.950000000000003 50.500000000000007 12.450000000000001 0.83402203856749324 155.16666666666671 19.550000000000004 5.5500000000000016
decision_type=8 2 10 8 10 10 10
left_child=1 -1 -2 -3 -5 6 -6
right_child=2 3 -4 4 5 -7 -8
leaf_value=-0.029935659232664464 0.00082846187213043293 0.054808037805157389 0.053715255751399786 -0.016879960142986743 -0.010492864260914656 -0.037052606664475823 0.096576635991436302
leaf_count=10151 54557 94 22 2076 39 27 43
internal_value=0 -0.282688 0.0211401 0.0478342 -0.0643619 0.555179 1.07255
internal_count=67009 12430 54579 2279 2185 109 82
shrinkage=0.05


Tree=70
num_leaves=8
num_cat=0
split_feature=0 3 2 8 0 2 2
split_gain=4.65464 6.32639 4.93868 5.31884 5.35299 4.72993 4.30534
threshold=41.500000000000007 87.833333333333357 33.350000000000001 1.0000000180025095e-35 39.500000000000007 31.450000000000003 32.95000000000001
decision_type=2 10 8 2 2 10 8
left_child=1 5 3 6 -5 -1 -3
right_child=-2 2 -4 4 -6 -7 -8
leaf_value=-0.027125510818368805 0.0015310413180151406 -0.0027532897186335527 -0.038639030186436704 -0.017792276695192656 0.073799373133554835 0.034124045465649497 0.071668641639434136
leaf_count=19559 44259 2523 156 33 64 387 28
internal_value=0 -0.191653 0.0202423 0.117896 0.938136 -0.463416 0.00326527
internal_count=67009 22750 2804 2648 97 19946 2551
shrinkage=0.05


Tree=71
num_leaves=8
num_cat=0
split_feature=2 5 3 0 3 8 5
split_gain=4.57099 5.84394 4.22871 3.91403 7.37511 9.22682 6.11897
threshold=18.350000000000005 0.93039405684754528 86.833333333333357 45.500000000000007 98.833333333333357 1.0000000180025095e-35 2.0053763440860224
decision_type=8 8 10 2 10 2 8
left_child=1 2 -1 4 5 -2 -7
right_child=3 -3 -4 -5 -6 6 -8
leaf_value=0.075294018840787694 -0.01440858849418899 -0.037833251473426636 -0.027000166898256628 0.0029171235513163678 0.0091999376852077812 0.076463783517316183 0.0065730641781359678
leaf_count=429 31897 3675 51 29088 986 213 670
internal_value=0 -0.507775 0.717929 0.0109606 -0.0976463 -0.210375 0.495223
internal_count=67009 4155 480 62854 33766 32780 883
shrinkage=0.05


Tree=72
num_leaves=8
num_cat=0
split_feature=4 0 0 2 5 5 3
split_gain=4.33533 9.08154 3.4304 3.29449 4.33336 3.29041 3.91357
threshold=119.25000000000001 50.500000000000007 26.500000000000004 26.050000000000004 2.1870833333333337 1.4670289855072467 69.833333333333357
decision_type=8 2 2 10 8 10 10
left_child=1 -1 -2 4 5 -3 -7
right_child=2 3 -4 -5 -6 6 -8
leaf_value=-0.038215343570580922 -0.040388482889963273 -0.01495910512190201 0.0010770096346188883 0.063115732170452618 -0.032791931753059077 0.07317753966882927 -0.0056115477880309926
leaf_count=13025 1699 618 49800 113 831 499 424
internal_value=0 -0.339072 0.0159448 0.240958 0.0367668 0.442695 0.865539
internal_count=67009 15510 51499 2485 2372 1541 923
shrinkage=0.05


Tree=73
num_leaves=8
num_cat=0
split_feature=2 5 3 0 3 2 4
split_gain=4.17197 5.54696 3.86125 3.41433 6.58923 8.98952 6.00515
threshold=18.350000000000005 0.93039405684754528 86.833333333333357 45.500000000000007 98.833333333333357 26.550000000000004 173.33333333333334
decision_type=8 8 10 2 10 10 10
left_child=1 2 -1 4 5 -2 -6
right_child=3 -3 -4 -5 6 -7 -8
leaf_value=0.070577278943094943 -0.018476932783073007 -0.037277997128871018 -0.026658351582504444 0.0027197475964650495 0.015098621263437501 0.0061373742777964197 -0.025100722878256865
leaf_count=429 28010 3675 51 29088 879 4770 107
internal_value=0 -0.492178 0.684915 0.0103751 -0.0915845 -0.19967 0.172736
internal_count=67009 4155 480 62854 33766 32780 986
shrinkage=0.05


Tree=74
num_leaves=8
num_cat=0
split_feature=2 4 5 5 5 0 5
split_gain=3.876 9.25234 7.44955 3.80899 4.29977 7.62901 7.38019
threshold=22.450000000000003 144.83333333333334 3.858571428571429 2.9349237718802939 1.6339745791824116 57.500000000000007 1.0342868338557996
decision_type=8 10 8 8 10 2 10
left_child=1 -1 3 4 5 -3 -7
right_child=-2 2 -4 -5 -6 6 -8
leaf_value=-0.016135496349321127 0.0020520618118286017 -0.016269128186539479 0.083886201136052968 -0.031984005986672073 0.016182181709631618 0.10138893553165061 0.0019762214647812675
leaf_count=28833 35095 1241 70 189 1453 32 96
internal_value=0 -0.120504 0.107315 0.0566586 0.114401 -0.120612 0.74771
internal_count=67009 31914 3081 3011 2822 1369 128
shrinkage=0.05


Tree=75
num_leaves=8
num_cat=0
split_feature=2 5 3 6 0 8 5
split_gain=3.76343 5.22975 3.47918 3.1545 3.40367 4.62876 5.53672
threshold=18.350000000000005 0.93039405684754528 86.833333333333357 12.450000000000001 41.500000000000007 1.0000000180025095e-35 1.4670289855072467
decision_type=8 8 10 10 2 2 8
left_child=1 2 -1 4 5 6 -2
right_child=3 -3 -4 -5 -6 -7 -8
leaf_value=0.065684699343142097 -0.040253192294057431 -0.036651648428258923 -0.026218122711108644 0.05018212965146096 0.0016110567245293762 0.023815077498129347 -0.0063443983493017015
leaf_count=429 4890 3675 51 22 42033 396 15513
internal_value=0 -0.474955 0.650629 0.00978338 0.00559797 -0.162912 -0.2312
internal_count=67009 4155 480 62854 62832 20799 20403
shrinkage=0.05


Tree=76
num_leaves=8
num_cat=0
split_feature=3 0 5 5 3 6 1
split_gain=3.59488 5.57998 3.71001 4.75152 4.06128 4.60146 5.27733
threshold=72.833333333333357 49.500000000000007 1.3056703397612492 2.060303030303031 61.833333333333336 7.2500000000000009 1.5000000000000002
decision_type=8 2 10 10 10 8 2
left_child=1 -1 -3 4 -4 6 -6
right_child=-2 2 3 -5 5 -7 -8
leaf_value=-0.029828697604826995 0.0008468460769617685 -0.038565759956086132 -0.028674527854739507 -0.010338664913572333 0.10726810419255234 -0.026670409492814559 0.019065586081635208
leaf_count=15963 47753 569 243 1340 384 148 609
internal_value=0 -0.267499 0.0874874 0.260366 0.742324 1.00041 1.28564
internal_count=67009 19256 3293 2724 1384 1141 993
shrinkage=0.05


Tree=77
num_leaves=8
num_cat=0
split_feature=2 5 3 7 6 3 3
split_gain=3.43511 4.95733 3.44074 2.93078 11.4236 7.8134 4.93565
threshold=18.350000000000005 0.93039405684754528 81.833333333333357 1.0000000180025095e-35 6.2500000000000009 94.166666666666671 98.833333333333357
decision_type=8 8 10 2 8 8 8
left_child=1 2 -1 6 -5 -6 -2
right_child=3 -3 -4 4 5 -7 -8
leaf_value=-0.026003519695595063 -0.0028521196659638958 -0.036085729924210934 0.064359383433968784 0.11197949801244056 0.02290506522752073 -0.023510144363835139 0.0063519511640476815
leaf_count=377 59123 3675 103 86 869 128 2648
internal_value=0 -0.459913 0.620843 0.00919728 0.272581 0.123949 -0.00543799
internal_count=67009 4155 480 62854 1083 997 61771
shrinkage=0.05


Tree=78
num_leaves=8
num_cat=0
split_feature=0 0 2 4 4 3 6
split_gain=3.39819 10.5018 6.95343 11.3867 7.78872 6.58045 6.42556
threshold=58.500000000000007 59.500000000000007 24.550000000000004 143.25000000000003 137.16666666666669 84.833333333333357 5.9500000000000011
decision_type=2 2 10 8 8 10 10
left_child=5 2 4 6 -2 -1 -4
right_child=1 -3 3 -5 -6 -7 -8
leaf_value=-0.0098801647372485576 -0.001133207420631447 -0.0045765520338970989 0.0010815792365010389 -0.030291775076021689 0.065286136565462921 0.0015497374120010099 0.10532294183464719
leaf_count=44512 335 1756 82 115 222 19927 60
internal_value=0 0.180173 0.598321 0.0449192 0.946105 -0.0245861 1.13532
internal_count=67009 2570 814 257 557 64439 142
shrinkage=0.05


Tree=79
num_leaves=8
num_cat=0
split_feature=2 4 5 5 5 5 6
split_gain=3.22141 5.48593 6.28692 3.55791 15.0717 3.76973 4.58097
threshold=23.350000000000005 140.83333333333334 3.858571428571429 3.9157801418439724 3.858571428571429 5.0339861751152082 5.9500000000000011
decision_type=8 10 8 10 10 8 8
left_child=1 -1 -3 4 -2 -5 -7
right_child=3 2 -4 5 -6 6 -8
leaf_value=-0.013107140362199966 0.0025105816406999684 -0.00031934482219525128 0.05657504639159841 -0.020422786046388374 0.091287375741318622 -0.031442925627943874 0.059836508308908742
leaf_count=32856 26087 6183 173 1369 168 78 95
internal_value=0 -0.0889736 0.0292271 0.0466052 0.0683265 -0.274333 0.542611
internal_count=67009 39212 6356 27797 26255 1542 173
shrinkage=0.05


Tree=80
num_leaves=8
num_cat=0
split_feature=0 4 2 5 5 2 2
split_gain=3.21676 9.73216 5.43594 4.96022 5.58011 6.72996 10.36
threshold=50.500000000000007 119.25000000000001 36.050000000000004 3.157378740970072 1.7322686116700206 21.050000000000004 19.550000000000004
decision_type=2 10 10 10 8 10 8
left_child=1 -1 -2 4 -3 6 -6
right_child=2 3 -4 -5 5 -7 -8
leaf_value=-0.037371115437653216 0.0029372101284005068 -0.0087682524581186739 0.063060727586689333 -0.012180078162491587 -0.030994995017398635 0.0030675204304498808 0.053247816725832002
leaf_count=13040 15446 12517 37 5047 1232 17387 2303
internal_value=0 -0.0574493 0.0722555 -0.0247421 0.0299803 0.111611 0.677753
internal_count=67009 51526 15483 38486 33439 20922 3535
shrinkage=0.05


Tree=81
num_leaves=8
num_cat=0
split_feature=2 5 3 6 3 5 2
split_gain=3.00547 4.70585 3.38724 2.92475 2.80574 3.87276 3.76425
threshold=18.350000000000005 0.93039405684754528 86.833333333333357 12.450000000000001 119.50000000000001 2.4836021505376347 27.150000000000002
decision_type=8 8 10 10 10 10 10
left_child=1 2 -1 4 -2 -6 -7
right_child=3 -3 -4 -5 5 6 -8
leaf_value=0.062651718405586684 -0.00013712306683392005 -0.035322331928623198 -0.02668536452615318 0.047856370644425765 -0.010120051190829234 0.080405915077790477 0.0043227696603160516
leaf_count=429 62754 3675 51 22 36 21 21
internal_value=0 -0.43839 0.602879 0.00877934 0.0047133 0.501311 0.967464
internal_count=67009 4155 480 62854 62832 78 42
shrinkage=0.05


Tree=82
num_leaves=8
num_cat=0
split_feature=0 0 2 4 4 3 6
split_gain=2.98899 9.28686 5.92876 10.3276 6.30503 5.52619 5.38402
threshold=58.500000000000007 59.500000000000007 24.550000000000004 143.83333333333334 137.16666666666669 82.833333333333357 5.9500000000000011
decision_type=2 2 10 10 8 10 10
left_child=5 2 4 6 -2 -1 -4
right_child=1 -3 3 -5 -6 -7 -8
leaf_value=-0.01036631255550678 -0.00079057701875394489 -0.0044662632485367596 0.00089300182706093714 -0.029720884470943166 0.058759703159695843 0.0010525577324520619 0.094671785379155396
leaf_count=40480 335 1756 82 115 222 23959 60
internal_value=0 0.168538 0.554918 0.0418532 0.867052 -0.022829 1.04922
internal_count=67009 2570 814 257 557 64439 142
shrinkage=0.05


Tree=83
num_leaves=8
num_cat=0
split_feature=2 4 5 5 5 5 2
split_gain=2.87791 4.59966 5.50398 3.13918 13.0107 3.47884 4.24891
threshold=23.350000000000005 140.83333333333334 3.858571428571429 3.9157801418439724 3.858571428571429 5.0339861751152082 30.250000000000004
decision_type=8 10 8 10 10 8 10
left_child=1 -1 -3 4 -2 -5 -7
right_child=3 2 -4 5 -6 6 -8
leaf_value=-0.012267017203956346 0.0023564515159727561 -0.0005447105251093977 0.05156642697702897 -0.019627769926590738 0.082444047328086537 -0.012426499149537265 0.075738741347508215
leaf_count=32856 26087 6183 173 1369 168 137 36
internal_value=0 -0.0841241 0.0229947 0.0442417 0.0644219 -0.260035 0.516707
internal_count=67009 39212 6356 27797 26255 1542 173
shrinkage=0.05


Tree=84
num_leaves=8
num_cat=0
split_feature=0 4 2 6 5 2 2
split_gain=2.83453 8.90976 4.8608 4.69105 5.09422 6.29514 15.0508
threshold=50.500000000000007 119.25000000000001 27.450000000000003 8.75 1.0613814756671902 22.650000000000002 21.250000000000004
decision_type=2 10 10 10 10 10 8
left_child=1 -1 3 4 5 6 -2
right_child=2 -3 -4 -5 -6 -7 -8
leaf_value=-0.03664766268371325 0.0040334637203466453 -0.0011617046992918826 0.015995342702484781 0.04736940392791622 -0.0020617801673354147 -0.015407528253285743 0.12058751973428226
leaf_count=13040 495 38486 1417 86 13109 200 176
internal_value=0 -0.0537803 0.0679896 0.0118521 -0.00588679 0.510223 0.920602
internal_count=67009 51526 15483 14066 13980 871 671
shrinkage=0.05


Tree=85
num_leaves=8
num_cat=0
split_feature=3 7 6 3 6 4 4
split_gain=2.67413 4.04919 9.36662 5.86307 3.86405 4.04742 4.33993
threshold=105.83333333333336 1.0000000180025095e-35 6.2500000000000009 94.166666666666671 6.1500000000000012 153.83333333333334 171.83333333333334
decision_type=10 2 8 8 10 10 10
left_child=1 -1 -3 -4 5 -2 -7
right_child=4 2 3 -5 -6 6 -8
leaf_value=-0.0018785991196461503 -0.02688864138007049 0.10044550268798236 0.020549726305693478 -0.022473527175989452 -0.014052232367573856 0.029579427460248737 0.0021076096827769928
leaf_count=65201 71 87 881 111 110 328 220
internal_value=0 -0.0192473 0.297287 0.149473 0.176125 0.2824 0.356199
internal_count=67009 66280 1079 992 729 619 548
shrinkage=0.05


Tree=86
num_leaves=8
num_cat=0
split_feature=2 5 2 5 6 4 5
split_gain=2.64828 4.44208 3.28285 2.73538 2.64806 2.5865 4.92359
threshold=18.350000000000005 0.93039405684754528 17.750000000000004 2.0518360949395436 12.450000000000001 179.50000000000003 1.4512734729117205
decision_type=8 8 10 10 10 10 10
left_child=1 2 -1 -3 5 -2 -7
right_child=4 3 -4 -5 -6 6 -8
leaf_value=0.060973134028824851 -0.00036029643866771681 -0.045843283088365633 -0.026380080968763001 0.011701304399732711 0.045084192057104636 -0.029680309309288302 0.023212394303666589
leaf_count=276 62590 3224 204 451 22 38 204
internal_value=0 -0.418287 0.580082 -0.691524 0.00863887 0.00472645 0.290912
internal_count=67009 4155 480 3675 62854 62832 242
shrinkage=0.05


Tree=87
num_leaves=8
num_cat=0
split_feature=0 0 2 4 4 3 2
split_gain=2.64824 8.24394 5.18305 9.39695 5.14129 4.83286 5.44931
threshold=58.500000000000007 59.500000000000007 24.550000000000004 143.25000000000003 137.16666666666669 68.250000000000014 31.750000000000004
decision_type=2 2 10 8 8 8 10
left_child=-1 2 4 -4 -2 -3 -7
right_child=1 5 3 -5 -6 6 -8
leaf_value=-0.0010600133922875406 -0.00032531289236962586 0.054234176060149235 0.048507258657027874 -0.029239454306217619 0.053419351737462831 -0.011204802153643244 0.063849449747232001
leaf_count=64439 335 175 142 115 222 1560 21
internal_value=0 0.158417 0.516787 0.0364238 0.801911 -0.0866803 -0.157387
internal_count=67009 2570 814 257 557 1756 1581
shrinkage=0.05


Tree=88
num_leaves=8
num_cat=0
split_feature=0 5 3 5 4 2 2
split_gain=2.56579 4.77055 2.91101 7.4673 6.15782 5.35039 3.41558
threshold=41.500000000000007 1.4670289855072467 90.833333333333357 1.6418831767090476 147.83333333333334 33.350000000000001 32.45000000000001
decision_type=2 8 10 10 10 8 8
left_child=1 -1 -3 4 -4 6 -5
right_child=-2 2 3 5 -6 -7 -8
leaf_value=-0.033682749526768412 0.0011642028341613468 -0.012469895330814973 -0.026239226720973025 0.001466472165196298 0.08986244431138421 -0.044851436366217821 0.06019820130400854
leaf_count=6042 44259 15222 72 1183 82 113 36
internal_value=0 -0.145768 -0.0578881 0.109471 1.23421 -0.0262409 0.109471
internal_count=67009 22750 16708 1486 154 1332 1219
shrinkage=0.05


Tree=89
num_leaves=8
num_cat=0
split_feature=2 3 0 6 5 0 6
split_gain=2.50358 4.49642 6.70974 8.56344 5.92802 5.02519 6.29884
threshold=24.150000000000002 91.833333333333357 57.500000000000007 7.1500000000000012 1.2311253561253563 59.500000000000007 5.6500000000000012
decision_type=8 10 2 10 8 2 10
left_child=1 2 -1 5 -3 6 -4
right_child=-2 4 3 -5 -6 -7 -8
leaf_value=-0.013351830146420296 0.0024955945128820167 -0.02237653661274587 -0.0092814513615219734 0.087955033667917557 0.0072627199950810253 -0.01550577266244979 0.045219130390323936
leaf_count=39525 21921 499 468 69 3116 945 466
internal_value=0 -0.0650384 -0.167415 0.189697 0.0670031 0.0564081 0.397556
internal_count=67009 45088 41473 1948 3615 1879 934
shrinkage=0.05


Tree=90
num_leaves=8
num_cat=0
split_feature=4 0 3 0 1 2 2
split_gain=2.37448 2.64004 9.84095 7.36584 5.2985 5.00327 7.06145
threshold=111.25000000000001 58.500000000000007 68.833333333333343 59.500000000000007 1.5000000000000002 25.350000000000005 27.850000000000005
decision_type=8 2 10 2 2 10 8
left_child=-1 -2 4 5 -3 -4 -7
right_child=1 2 3 -5 -6 6 -8
leaf_value=-0.021755055196585993 -0.00071132546454078589 0.14181176674971474 0.033089511069363656 -0.0071050521267832546 0.0098394988562808903 -0.039364243675750019 0.036032858114779458
leaf_count=6439 58152 63 553 1544 80 113 65
internal_value=0 0.00767473 0.165944 0.0998715 1.80421 0.435083 -0.135335
internal_count=67009 60570 2418 2275 143 731 178
shrinkage=0.05


Tree=91
num_leaves=8
num_cat=0
split_feature=2 5 3 6 6 5 5
split_gain=2.34962 4.25377 3.11112 2.72479 2.39914 2.38434 2.36911
threshold=18.350000000000005 0.93039405684754528 86.833333333333357 6.0500000000000016 12.450000000000001 1.8294068736141906 2.9349237718802939
decision_type=8 8 10 8 10 8 10
left_child=1 2 -1 -3 6 -5 -2
right_child=4 3 -4 5 -6 -7 -8
leaf_value=0.058681779015941599 0.0017748256269834518 -0.04577778443940634 -0.02646413613994035 -0.027534007036388898 0.042510200505744208 0.048607103637730714 -0.0048281471795996837
leaf_count=429 52282 2886 51 480 22 309 10550
internal_value=0 -0.40007 0.568386 -0.678341 0.0083323 0.233678 0.00457031
internal_count=67009 4155 480 3675 62854 789 62832
shrinkage=0.05


Tree=92
num_leaves=8
num_cat=0
split_feature=2 3 4 0 3 5 5
split_gain=2.35036 5.04513 5.4513 4.51218 5.81263 4.38888 7.77893
threshold=26.750000000000004 69.250000000000014 120.33333333333336 44.500000000000007 98.833333333333357 2.7698612862547294 3.1023024594453168
decision_type=8 8 10 2 10 8 10
left_child=3 2 -2 4 -1 -6 -7
right_child=1 -3 -4 -5 5 6 -8
leaf_value=-0.016888485079634776 0.11417078519621345 0.0032953825611636645 -0.0082696266279466465 0.00060259507749467305 -0.004215737146196003 0.086994604929940988 -0.0040250631727280764
leaf_count=27895 327 8570 290 29455 346 51 75
internal_value=0 0.0842123 1.27718 -0.035677 -0.211245 0.183685 0.748612
internal_count=67009 9187 617 57822 28367 472 126
shrinkage=0.05


Tree=93
num_leaves=8
num_cat=0
split_feature=3 5 2 2 5 5 4
split_gain=2.25977 3.51535 3.21212 2.6817 3.75247 6.04634 4.33887
threshold=119.50000000000001 2.4836021505376347 27.150000000000002 30.750000000000004 1.9950000000000003 2.3963890696161361 171.83333333333334
decision_type=10 10 10 8 8 8 10
left_child=3 -2 -3 -1 -5 -6 -7
right_child=1 2 -4 4 5 6 -8
leaf_value=-0.0012627248650128181 -0.01101091432786569 0.072299208675393897 0.0033334852016367322 -0.014803121251011384 0.043873898268091516 0.011103038746774289 -0.033233588366448956
leaf_count=64548 38 21 21 490 403 1435 53
internal_value=0 0.439611 0.875025 -0.00576965 0.174729 0.279643 0.111897
internal_count=67009 80 42 66929 2381 1891 1488
shrinkage=0.05


Tree=94
num_leaves=8
num_cat=0
split_feature=4 0 3 0 4 2 2
split_gain=2.18394 2.38146 8.72141 6.55758 4.98751 4.85208 4.3906
threshold=111.25000000000001 58.500000000000007 68.833333333333343 59.500000000000007 118.33333333333336 31.750000000000004 25.350000000000005
decision_type=8 2 10 2 10 10 10
left_child=-1 -2 4 6 -3 -5 -4
right_child=1 2 3 5 -6 -7 -8
leaf_value=-0.021093564415092296 -0.00066409703197779996 0.13160798026888695 0.030658087474054487 -0.010119584992375925 0.0081128632552618842 0.059593910771792796 -0.0065834229769750792
leaf_count=6439 58152 66 553 1523 77 21 178
internal_value=0 0.00759937 0.157396 0.0939244 1.65899 -0.136591 0.405862
internal_count=67009 60570 2418 2275 143 1544 731
shrinkage=0.05


Tree=95
num_leaves=8
num_cat=0
split_feature=2 3 0 6 5 6 5
split_gain=2.14613 3.98272 5.53592 7.65221 7.21657 5.78663 5.35075
threshold=24.150000000000002 91.833333333333357 57.500000000000007 5.6500000000000012 1.3056703397612492 5.3500000000000005 1.2311253561253563
decision_type=8 10 2 10 8 10 8
left_child=1 2 -1 4 5 -4 -3
right_child=-2 6 3 -5 -6 -7 -8
leaf_value=-0.012518265261481948 0.0023282111466925146 -0.021588871916111505 0.080569011688684966 0.02526143327695814 -0.034108758667850105 -0.029513300421913993 0.0068466015669263955
leaf_count=39525 21921 499 74 1128 682 64 3116
internal_value=0 -0.0599994 -0.157369 0.162367 -0.353574 0.808441 0.0637427
internal_count=67009 45088 41473 1948 820 138 3615
shrinkage=0.05


Tree=96
num_leaves=8
num_cat=0
split_feature=0 5 3 3 2 4 6
split_gain=2.10138 2.33528 10.2088 6.84121 7.13049 7.12699 8.80152
threshold=26.500000000000004 0.93039405684754528 86.250000000000014 72.833333333333357 21.850000000000005 129.33333333333337 5.0500000000000016
decision_type=2 10 8 10 8 10 10
left_child=-1 2 3 -2 5 -5 -7
right_child=1 -3 -4 4 -6 6 -8
leaf_value=-0.031376858929796574 -0.018775199164212129 -0.00024072554656437797 -0.011293100714380083 -0.0024524096936189084 0.0099604244250802304 0.014740672722568536 0.18600796814845952
leaf_count=2513 1323 61159 576 438 542 227 231
internal_value=0 0.00532799 0.305301 1.05309 1.46837 2.17636 2.76877
internal_count=67009 64496 3337 2761 1438 896 458
shrinkage=0.05


Tree=97
num_leaves=8
num_cat=0
split_feature=2 5 3 6 5 6 5
split_gain=2.1496 3.78493 3.05205 2.67748 2.37654 2.13827 2.32135
threshold=18.350000000000005 0.93039405684754528 81.833333333333357 6.0500000000000016 1.8794142085583718 12.450000000000001 2.8725338491295944
decision_type=8 8 10 8 8 10 10
left_child=1 2 -1 -3 -5 6 -2
right_child=5 3 -4 4 -6 -7 -8
leaf_value=-0.026786800844325886 0.0018460922083916396 -0.04547456907746418 0.05548140709372576 -0.027449665918802126 0.048676178736635989 0.039732422585623595 -0.0045214724440991129
leaf_count=377 51325 2886 103 496 293 22 11507
internal_value=0 -0.386821 0.50236 -0.663578 0.236343 0.00826679 0.00467461
internal_count=67009 4155 480 3675 789 62854 62832
shrinkage=0.05


Tree=98
num_leaves=8
num_cat=0
split_feature=0 0 5 5 2 5 3
split_gain=2.09799 3.99066 3.89678 3.94616 4.46546 3.53151 2.83867
threshold=68.500000000000014 63.500000000000007 1.8950428396572832 1.4755097960815677 21.750000000000004 2.8581488933601613 73.833333333333357
decision_type=2 2 10 8 10 10 8
left_child=1 6 3 4 -3 -4 -1
right_child=-2 2 5 -5 -6 -7 -8
leaf_value=-0.011997975975650796 -0.038302816048045113 -0.027814949467797962 0.067554528031284297 -0.039239208924969876 0.076328759625374457 -0.0046272832369233744 0.00054396198536119577
leaf_count=21420 79 48 149 96 34 73 45110
internal_value=0 0.00461173 0.539156 -0.107941 0.684621 0.966415 -0.00509325
internal_count=67009 66930 400 178 82 222 66530
shrinkage=0.05


Tree=99
num_leaves=8
num_cat=0
split_feature=8 5 4 2 4 6 4
split_gain=2.07148 6.12831 6.09594 4.11756 4.65249 6.60214 7.7804
threshold=1.0000000180025095e-35 1.352192701664533 149.25000000000003 22.550000000000004 145.16666666666671 5.5500000000000016 135.83333333333337
decision_type=2 8 10 8 8 8 10
left_child=-1 2 -2 -3 5 6 -5
right_child=1 3 -4 4 -6 -7 -8
leaf_value=-0.00089196424098796567 0.079882973121432999 -0.025367921512866612 -0.010711887049486637 -0.0091276743323948153 -0.0040877315332938187 0.012252355826544667 0.12892386161464101
leaf_count=63579 274 744 39 167 637 1494 75
internal_value=0 0.143265 0.987898 0.0621926 0.147159 0.421729 1.60107
internal_count=67009 3430 313 3117 2373 1736 242
shrinkage=0.05


end of trees

feature importances:
H25_age=167
H25_bmi=124
H25_dbp=116
H25_sbp=112
H25_lhrate=77
H25_a1c=65
H25_dl=30
H25_dm=5
H25_sex=4

parameters:
[boosting: gbdt]
[objective: binary]
[metric: binary]
[tree_learner: serial]
[device_type: cpu]
[data: ]
[valid: ]
[num_iterations: 100]
[learning_rate: 0.05]
[num_leaves: 8]
[num_threads: 0]
[max_depth: -1]
[min_data_in_leaf: 20]
[min_sum_hessian_in_leaf: 1]
[bagging_fraction: 0.4]
[bagging_freq: 0]
[bagging_seed: 3]
[feature_fraction: 1]
[feature_fraction_seed: 2]
[early_stopping_round: 0]
[max_delta_step: 0]
[lambda_l1: 0]
[lambda_l2: 1]
[min_gain_to_split: 0]
[drop_rate: 0.1]
[max_drop: 50]
[skip_drop: 0.5]
[xgboost_dart_mode: 0]
[uniform_drop: 0]
[drop_seed: 4]
[top_rate: 0.2]
[other_rate: 0.1]
[min_data_per_group: 100]
[max_cat_threshold: 32]
[cat_l2: 10]
[cat_smooth: 10]
[max_cat_to_onehot: 4]
[top_k: 20]
[monotone_constraints: ]
[feature_contri: ]
[forcedsplits_filename: ]
[refit_decay_rate: 0.9]
[verbosity: 0]
[max_bin: 255]
[min_data_in_bin: 3]
[bin_construct_sample_cnt: 200000]
[histogram_pool_size: -1]
[data_random_seed: 1]
[output_model: LightGBM_model.txt]
[snapshot_freq: -1]
[input_model: ]
[output_result: LightGBM_predict_result.txt]
[initscore_filename: ]
[valid_data_initscores: ]
[pre_partition: 0]
[enable_bundle: 1]
[max_conflict_rate: 0]
[is_enable_sparse: 1]
[sparse_threshold: 0.8]
[use_missing: 1]
[zero_as_missing: 0]
[two_round: 0]
[save_binary: 0]
[enable_load_from_binary_file: 1]
[header: 0]
[label_column: ]
[weight_column: ]
[group_column: ]
[ignore_column: ]
[categorical_feature: ]
[predict_raw_score: 0]
[predict_leaf_index: 0]
[predict_contrib: 0]
[num_iteration_predict: -1]
[pred_early_stop: 0]
[pred_early_stop_freq: 10]
[pred_early_stop_margin: 10]
[convert_model_language: ]
[convert_model: gbdt_prediction.cpp]
[num_class: 1]
[is_unbalance: 0]
[scale_pos_weight: 1]
[sigmoid: 1]
[boost_from_average: 1]
[reg_sqrt: 0]
[alpha: 0.9]
[fair_c: 1]
[poisson_max_delta_step: 0.7]
[tweedie_variance_power: 1.5]
[max_position: 20]
[label_gain: ]
[metric_freq: 1]
[is_provide_training_metric: 0]
[eval_at: ]
[num_machines: 1]
[local_listen_port: 12400]
[time_out: 120]
[machine_list_filename: ]
[machines: ]
[gpu_platform_id: -1]
[gpu_device_id: -1]
[gpu_use_dp: 0]

end of parameters

pandas_categorical:[]
