tree
version=v2
num_class=1
num_tree_per_iteration=1
label_index=0
max_feature_idx=8
objective=binary sigmoid:1
feature_names=H25_age H25_sex H25_bmi H25_dbp H25_sbp H25_lhrate H25_a1c H25_dm H25_dl
feature_infos=[18:74] [1:2] [0:65.599999999999994] [5:150] [10:238] [0.097560975609756101:8.8461538461538485] [3:15.5] [0:1] [0:1]
tree_sizes=715 728 732 731 731 736 727 735 739 743 739 740 734 740 743 740 745 737 746 738 741 741 733 745 744 744 741 740 742 742 753 739 734 740 740 740 735 741 742 748 727 742 742 742 743 742 743 735 746 732 745 748 728 740 744 733 739 743 729 743 745 732 740 737 732 741 747 741 739 725 750 741 737 750 730 736 731 743 736 733 734 735 732 740 748 729 738 731 724 739 743 735 712 740 730 728 724 729 743 739

Tree=0
num_leaves=8
num_cat=0
split_feature=4 3 3 0 3 0 2
split_gain=1501.24 274.69 181.235 97.4729 85.7182 73.3465 50.7677
threshold=152.16666666666671 88.833333333333357 98.250000000000014 57.500000000000007 94.583333333333357 45.500000000000007 29.850000000000005
decision_type=10 10 10 2 10 2 8
left_child=1 3 5 -1 6 -2 -3
right_child=2 4 -4 -5 -6 -7 -8
leaf_value=-4.4305216085492019 -4.3427037098707171 -4.3778019945517972 -4.0261195386847319 -4.3367861984382108 -4.262647333428097 -4.1687173854211981 -4.2423007579587884
leaf_count=51017 838 6871 1835 2341 2087 1473 548
internal_value=0 -0.353296 5.25853 -0.607855 1.06845 3.36325 0.594579
internal_count=67010 62864 4146 53358 9506 2311 7419
shrinkage=1


Tree=1
num_leaves=8
num_cat=0
split_feature=4 3 4 8 0 0 3
split_gain=1070.61 195.383 127.979 86.277 74.3905 56.6648 51.5912
threshold=149.25000000000003 86.833333333333357 165.16666666666671 1.0000000180025095e-35 57.500000000000007 44.500000000000007 94.833333333333357
decision_type=10 10 10 2 2 2 10
left_child=1 4 5 -3 -1 -2 -7
right_child=2 3 -4 -5 -6 6 -8
leaf_value=-0.036745296212485581 0.05924794413431244 0.020428976553844912 0.28649450840070795 0.16372351403206231 0.047897554940081542 0.09888189696823213 0.21379682199182215
leaf_count=47412 1489 11036 1095 842 2072 1530 1534
internal_value=0 -0.39453 3.36855 0.633261 -0.656025 2.6502 3.27083
internal_count=67010 61362 5648 11878 49484 4553 3064
shrinkage=0.05


Tree=2
num_leaves=8
num_cat=0
split_feature=4 3 3 8 7 0 2
split_gain=853.72 149.582 138.462 77.587 59.9439 52.5573 50.5171
threshold=147.83333333333334 97.833333333333357 82.833333333333357 1.0000000180025095e-35 1.0000000180025095e-35 58.500000000000007 24.650000000000002
decision_type=10 10 10 2 2 2 8
left_child=2 4 -1 5 -2 -4 -3
right_child=1 6 3 -5 -6 -7 -8
leaf_value=-0.037651163338196486 0.062982132116310971 0.12448414181293804 -0.0040234516696647021 0.11251298777379276 0.26677528539419382 0.11053921184716103 0.2373766978840941
leaf_count=40988 5140 1148 16287 1221 199 729 1298
internal_value=0 2.39487 -0.442737 0.207722 1.48507 0.0365106 3.75449
internal_count=67010 7785 59225 18237 5339 17016 2446
shrinkage=0.05


Tree=3
num_leaves=8
num_cat=0
split_feature=3 4 0 4 2 0 6
split_gain=721.146 147.161 71.3711 68.181 55.8308 54.1852 38.0377
threshold=92.833333333333357 140.83333333333334 49.500000000000007 153.16666666666671 34.150000000000013 53.500000000000007 6.7500000000000009
decision_type=10 10 2 10 10 2 10
left_child=1 5 4 -2 -3 -1 -4
right_child=3 2 6 -5 -6 -7 -8
leaf_value=-0.037467236928715938 0.070770326101937939 -0.0096731580695878575 0.058510053971470626 0.14639584447461493 0.19563887208917266 0.010697939662129292 0.20760702285114033
leaf_count=44313 4273 6434 3268 2754 181 5513 274
internal_value=0 -0.409891 0.544904 2.1888 -0.0249722 -0.634534 1.50108
internal_count=67010 59983 10157 7027 6615 49826 3542
shrinkage=0.05


Tree=4
num_leaves=8
num_cat=0
split_feature=3 0 4 4 2 2 4
split_gain=605.947 107.992 84.1556 70.1245 51.8998 51.1982 32.6068
threshold=90.833333333333357 49.500000000000007 155.16666666666671 140.83333333333334 28.950000000000003 34.050000000000004 178.33333333333334
decision_type=10 2 10 10 10 10 10
left_child=1 5 -2 4 -3 -1 -4
right_child=2 3 6 -5 -6 -7 -8
leaf_value=-0.037294231936431034 0.053535870943743583 -0.013232666791398838 0.1092145380978936 0.067078208322754823 0.15894494428430928 0.12022684976770351 0.22165216532415799
leaf_count=42740 7135 11041 2336 2873 303 323 259
internal_value=0 -0.462393 1.62856 0.219942 -0.145959 -0.711747 2.50614
internal_count=67010 57280 9730 14217 11344 43063 2595
shrinkage=0.05


Tree=5
num_leaves=8
num_cat=0
split_feature=4 3 3 8 0 7 4
split_gain=529.552 95.6519 64.5523 64.0982 41.7629 36.4131 33.9853
threshold=145.83333333333334 82.833333333333357 94.833333333333357 1.0000000180025095e-35 58.500000000000007 1.0000000180025095e-35 160.25000000000003
decision_type=10 10 10 2 2 2 10
left_child=1 -1 5 4 -3 6 -2
right_child=2 3 -4 -5 -6 -7 -8
leaf_value=-0.03650977833894016 0.0235284485450514 -0.0089702919875046892 0.10048588113021735 0.097966298299060339 0.092113801151182118 0.1678049940426885 0.12637658531234053
leaf_count=40543 5758 14727 3656 1079 642 225 380
internal_value=0 -0.457582 1.43884 0.10998 -0.0618821 0.838684 0.678529
internal_count=67010 56991 10019 16448 15369 6363 6138
shrinkage=0.05


Tree=6
num_leaves=8
num_cat=0
split_feature=4 4 0 4 6 2 4
split_gain=463.488 79.9396 65.0325 42.4269 35.4445 34.4512 31.908
threshold=141.16666666666671 152.16666666666671 50.500000000000007 127.25000000000001 8.6500000000000004 24.950000000000003 178.33333333333334
decision_type=10 10 2 10 10 8 10
left_child=2 5 -1 -4 6 -2 -3
right_child=1 4 3 -5 -6 -7 -8
leaf_value=-0.036156505588773917 0.0086398776325865203 0.06947311349603956 -0.028170751038535322 0.03096919932548289 0.25804929266952042 0.056929697365925652 0.16047010675248194
leaf_count=41631 6348 3818 4867 5697 64 4321 264
internal_value=0 1.07001 -0.537209 0.106591 1.69125 0.584037 1.58392
internal_count=67010 14815 52195 10564 4146 10669 4082
shrinkage=0.05


Tree=7
num_leaves=8
num_cat=0
split_feature=4 3 0 0 2 2 0
split_gain=409.585 74.0769 57.9468 48.7563 38.8978 31.427 29.1429
threshold=140.83333333333334 92.833333333333357 50.500000000000007 58.500000000000007 27.750000000000004 27.050000000000004 44.500000000000007
decision_type=10 10 2 2 10 8 2
left_child=2 3 -1 5 -4 6 -2
right_child=1 -3 4 -5 -6 -7 -8
leaf_value=-0.036394885720727993 -0.037408765453123688 0.070619889522664098 -0.0044137932199089271 0.11202352552997973 0.10581964309152947 0.054757612965243042 0.017925714867211159
leaf_count=40782 3088 5856 9638 632 577 2028 4409
internal_value=0 0.930753 -0.545587 0.407449 0.0721107 0.220033 -0.0532393
internal_count=67010 16013 50997 10157 10215 9525 7497
shrinkage=0.05


Tree=8
num_leaves=8
num_cat=0
split_feature=3 0 4 8 8 2 0
split_gain=370.125 72.7137 66.0557 37.8846 34.8406 31.8703 30.2962
threshold=86.833333333333357 57.500000000000007 145.83333333333334 1.0000000180025095e-35 1.0000000180025095e-35 20.750000000000004 44.500000000000007
decision_type=10 2 10 2 2 8 2
left_child=1 4 3 -2 -1 -4 -7
right_child=2 -3 5 -5 -6 6 -8
leaf_value=-0.035422409883998862 0.0032746262712001193 0.044489077856105765 -0.0014575996578297678 0.094470803037648099 0.029726681957930101 0.033232225923341012 0.079964368992630819
leaf_count=46092 8537 2205 793 623 1907 2235 4618
internal_value=0 -0.54688 0.838987 0.256235 -0.648512 1.19942 1.33233
internal_count=67010 50204 16806 9160 47999 7646 6853
shrinkage=0.05


Tree=9
num_leaves=8
num_cat=0
split_feature=3 0 3 7 2 4 0
split_gain=329.813 67.9546 56.8847 48.4625 38.9861 28.1511 26.9431
threshold=86.833333333333357 49.500000000000007 94.583333333333357 1.0000000180025095e-35 28.850000000000005 127.25000000000001 57.500000000000007
decision_type=10 2 10 2 10 10 2
left_child=1 -1 3 -2 5 -3 -7
right_child=2 4 -4 -5 -6 6 -8
leaf_value=-0.038279481704256796 0.013577906178169511 -0.028594215630474693 0.061378443923447462 0.13557602682120848 0.12156712326719732 -0.0011983155984371485 0.066236318660925608
leaf_count=38519 11804 5584 4660 342 370 4537 1194
internal_value=0 -0.534143 0.765586 0.387743 0.0756945 -0.0481354 0.370009
internal_count=67010 50204 16806 12146 11685 11315 5731
shrinkage=0.05


Tree=10
num_leaves=8
num_cat=0
split_feature=4 0 0 2 2 4 2
split_gain=299.712 52.6572 50.9023 33.9903 31.7056 28.4937 25.0792
threshold=140.83333333333334 49.500000000000007 42.500000000000007 30.750000000000004 27.750000000000004 152.83333333333334 26.950000000000003
decision_type=10 2 2 8 10 10 10
left_child=1 -1 6 5 -3 -4 -2
right_child=2 4 3 -5 -6 -7 -8
leaf_value=-0.03602453383476354 -0.022480290348027364 -0.0064893821846355717 0.025099594233152001 0.11068202925547183 0.080439713836687729 0.060250280286563818 0.03657610550546523
leaf_count=38788 3150 11508 7897 686 701 2936 1344
internal_value=0 -0.511471 0.727186 0.93918 0.0139168 0.829095 -0.00112422
internal_count=67010 50997 16013 11519 12209 10833 4494
shrinkage=0.05


Tree=11
num_leaves=8
num_cat=0
split_feature=3 0 3 7 4 4 0
split_gain=275.4 54.0421 50.3629 56.6658 28.2431 20.2493 19.923
threshold=84.833333333333357 49.500000000000007 94.583333333333357 1.0000000180025095e-35 127.25000000000001 160.25000000000003 57.500000000000007
decision_type=10 2 10 2 10 10 2
left_child=1 -1 3 5 -3 -2 -6
right_child=2 4 -4 -5 6 -7 -8
leaf_value=-0.040188637586533418 0.0054766203960012264 -0.025810681020979023 0.050832611791230269 0.12291912326478015 0.0045936207320652622 0.074858457520158558 0.066640794356303559
leaf_count=35606 15680 5500 4660 443 3782 334 1005
internal_value=0 -0.579784 0.587685 0.290039 0.0061275 0.178274 0.472777
internal_count=67010 45893 21117 16457 10287 16014 4787
shrinkage=0.05


Tree=12
num_leaves=8
num_cat=0
split_feature=3 0 2 0 4 4 0
split_gain=249.119 52.2774 46.6135 30.2917 25.6235 23.547 27.044
threshold=84.833333333333357 49.500000000000007 25.250000000000004 44.500000000000007 127.25000000000001 178.83333333333334 40.500000000000007
decision_type=10 2 8 2 10 10 2
left_child=1 -1 3 -2 -3 6 -4
right_child=2 4 5 -5 -6 -7 -8
leaf_value=-0.039760460094059924 -0.017005721362929726 -0.025177027127863506 -0.0045885517478098763 0.0233927020442279 0.021994480542553582 0.12445576504495398 0.051065397280586317
leaf_count=35606 4454 5500 1414 8924 4787 133 6192
internal_value=0 -0.567307 0.543376 0.254302 0.00572494 0.94105 0.844267
internal_count=67010 45893 21117 13378 10287 7739 7606
shrinkage=0.05


Tree=13
num_leaves=8
num_cat=0
split_feature=3 3 0 2 0 2 4
split_gain=225.853 49.5153 45.0794 34.1283 23.5337 18.7183 22.0185
threshold=82.833333333333357 92.833333333333357 49.500000000000007 29.850000000000005 44.500000000000007 29.050000000000004 154.16666666666671
decision_type=10 10 2 10 2 10 10
left_child=2 3 -1 4 -2 6 -4
right_child=1 -3 5 -5 -6 -7 -8
leaf_value=-0.042017821651542213 -0.023185713543489899 0.039595901897776238 -0.010674140644180593 0.067597272838090527 0.011922331524243081 0.094624601528731353 0.13442706644311869
leaf_count=32765 6533 7027 8629 1124 10668 209 55
internal_value=0 0.450553 -0.618397 0.135687 0.0193427 -0.0304486 -0.130758
internal_count=67010 25352 41658 18325 17201 8893 8684
shrinkage=0.05


Tree=14
num_leaves=8
num_cat=0
split_feature=4 0 0 2 6 3 2
split_gain=206.021 45.0639 31.9567 30.9681 20.1881 19.1716 20.8351
threshold=140.83333333333334 48.500000000000007 42.500000000000007 23.950000000000003 7.2500000000000009 106.58333333333336 27.050000000000004
decision_type=10 2 2 10 10 10 10
left_child=1 -1 5 -3 -4 6 -2
right_child=2 3 4 -5 -6 -7 -8
leaf_value=-0.035167476982761924 -0.031413572163654577 -0.017694661432078502 0.031514207131818309 0.029041151229931672 0.088212945463627443 0.068872119749101554 0.024559380238573292
leaf_count=36668 3099 10007 11053 4322 466 151 1244
internal_value=0 -0.46742 0.547794 -0.0338429 0.699341 -0.0283482 -0.202572
internal_count=67010 50997 16013 14329 11519 4494 4343
shrinkage=0.05


Tree=15
num_leaves=8
num_cat=0
split_feature=3 0 2 4 0 4 0
split_gain=192.79 42.9158 40.4309 27.861 24.3437 17.6154 16.9551
threshold=82.833333333333357 49.500000000000007 25.250000000000004 155.16666666666671 44.500000000000007 127.25000000000001 40.500000000000007
decision_type=10 2 8 10 2 10 2
left_child=1 -1 3 4 -2 -3 -4
right_child=2 5 6 -5 -6 -7 -8
leaf_value=-0.041369911165905437 -0.029253676326819102 -0.022651110522398085 0.0029767827418939424 0.034098106704639558 0.0088320375342410152 0.020068026750921619 0.043212050165883642
leaf_count=32765 5315 5235 1731 1664 9454 3658 7188
internal_value=0 -0.597282 0.398277 0.149855 -0.0383999 -0.0285049 0.73983
internal_count=67010 41658 25352 16433 14769 8893 8919
shrinkage=0.05


Tree=16
num_leaves=8
num_cat=0
split_feature=3 0 3 8 0 4 2
split_gain=176.051 41.674 34.5096 26.2932 23.454 16.0012 15.8597
threshold=82.833333333333357 49.500000000000007 92.833333333333357 1.0000000180025095e-35 57.500000000000007 127.25000000000001 20.350000000000005
decision_type=10 2 10 2 2 10 8
left_child=1 -1 3 4 -2 -3 -4
right_child=2 5 6 -5 -6 -7 -8
leaf_value=-0.040982521065197952 -0.0063047155294131867 -0.02202842226198572 -0.014638084243757121 0.051763867562714089 0.044045441588953765 0.018716068514338196 0.035517375436297509
leaf_count=32765 15911 5235 542 1278 1136 3658 6485
internal_value=0 -0.584995 0.371161 0.107477 -0.00714679 -0.0273627 0.640621
internal_count=67010 41658 25352 18325 17047 8893 7027
shrinkage=0.05


Tree=17
num_leaves=8
num_cat=0
split_feature=3 0 2 0 2 4 0
split_gain=160.941 40.4277 32.5663 23.9333 17.0811 16.0354 21.1846
threshold=82.833333333333357 49.500000000000007 25.250000000000004 44.500000000000007 21.250000000000004 178.83333333333334 38.500000000000007
decision_type=10 2 8 2 10 10 2
left_child=1 -1 3 -2 -5 6 -4
right_child=2 -3 5 4 -6 -7 -8
leaf_value=-0.040583970546978279 -0.019079792577994439 -0.001313136044637526 -0.026680269553136283 -0.010158529100761912 0.022541783253360526 0.089319458617662564 0.033296503250741287
leaf_count=32765 5702 8893 881 2889 7842 133 7905
internal_value=0 -0.572624 0.346532 0.123829 0.289937 0.642701 0.572414
internal_count=67010 41658 25352 16433 10731 8919 8786
shrinkage=0.05


Tree=18
num_leaves=8
num_cat=0
split_feature=3 0 4 8 0 5 2
split_gain=147.175 39.1983 28.5996 29.9369 19.981 15.2905 14.7063
threshold=82.833333333333357 49.500000000000007 145.83333333333334 1.0000000180025095e-35 58.500000000000007 1.7005747126436783 29.050000000000004
decision_type=10 2 10 2 2 10 10
left_child=1 -1 3 4 -2 -4 -3
right_child=2 6 5 -5 -6 -7 -8
leaf_value=-0.040174146054334364 -0.0091752260009158228 -0.0059966367755874619 0.0059865464480868833 0.054768266209927419 0.050497308600250347 0.032861184474832106 0.079081695235717259
leaf_count=32765 14727 8684 2330 1079 642 6574 209
internal_value=0 -0.560127 0.323833 0.04447 -0.0887318 0.527588 -0.0249958
internal_count=67010 41658 25352 16448 15369 8904 8893
shrinkage=0.05


Tree=19
num_leaves=8
num_cat=0
split_feature=3 0 2 4 0 4 5
split_gain=134.656 38.0082 26.4319 20.8261 19.5909 14.449 14.0427
threshold=82.833333333333357 49.500000000000007 25.250000000000004 155.16666666666671 44.500000000000007 127.25000000000001 3.6526175687666376
decision_type=10 2 8 10 2 10 10
left_child=1 -1 3 4 -2 -3 -5
right_child=2 5 -4 6 -6 -7 -8
leaf_value=-0.039752958490497786 -0.028382294076858935 -0.021260892313955441 0.028102206837683576 0.021511484185067001 0.0060618068363979989 0.017562745984281012 0.1130962524225549
leaf_count=32765 5315 5235 8919 1596 9454 3658 68
internal_value=0 -0.547495 0.303122 0.102614 -0.0616643 -0.0231793 0.540908
internal_count=67010 41658 25352 16433 14769 8893 1664
shrinkage=0.05


Tree=20
num_leaves=8
num_cat=0
split_feature=4 3 6 2 0 2 6
split_gain=124.135 38.439 31.9882 22.8067 21.4665 16.9184 14.049
threshold=128.83333333333337 90.833333333333357 6.4500000000000011 29.050000000000004 44.500000000000007 20.350000000000005 8.6500000000000004
decision_type=10 10 10 10 2 8 10
left_child=-1 2 3 4 -2 -3 -7
right_child=1 5 -4 -5 -6 6 -8
leaf_value=-0.034708288087857232 -0.032148762314685546 -0.020643537639954558 0.049642226736876328 0.038806117123579641 -0.0010621306659959972 0.024435612588935778 0.096884002447426287
leaf_count=29984 11489 769 1433 1645 12866 8710 114
internal_value=0 0.218085 -0.0405508 -0.14486 -0.236107 0.463856 0.525308
internal_count=67010 37026 27433 26000 24355 9593 8824
shrinkage=0.05


Tree=21
num_leaves=8
num_cat=0
split_feature=4 0 2 2 3 6 5
split_gain=114.952 33.8868 25.7658 22.7151 15.4149 13.519 17.086
threshold=128.83333333333337 44.500000000000007 25.650000000000002 22.350000000000005 93.833333333333357 6.3500000000000005 3.3406673114119929
decision_type=10 2 10 8 10 10 10
left_child=-1 2 4 -3 -2 -5 -7
right_child=1 3 -4 5 -6 6 -8
leaf_value=-0.034153887766474163 -0.035956957404912157 -0.0012346699783827202 0.013420073302501554 0.019954424630985561 0.0087390626284405831 0.060990126412404824 -0.010947546926038887
leaf_count=29984 10230 7028 4713 12408 883 1458 306
internal_value=0 0.20513 -0.160648 0.356681 -0.493549 0.494543 0.953602
internal_count=67010 37026 15826 21200 11113 14172 1764
shrinkage=0.05


Tree=22
num_leaves=8
num_cat=0
split_feature=4 3 0 2 6 2 0
split_gain=106.416 31.7927 27.3195 20.7086 17.2629 14.1257 13.8332
threshold=128.83333333333337 90.833333333333357 50.500000000000007 34.150000000000013 6.3500000000000005 20.350000000000005 38.500000000000007
decision_type=10 10 2 10 10 8 2
left_child=-1 2 3 -2 -4 -3 -5
right_child=1 5 4 6 -6 -7 -8
leaf_value=-0.033590262731320937 -0.017696955158348661 -0.01997450016199992 0.0076332324064207271 -0.032111290441062146 0.058228166907972258 0.023223259036710582 0.11961122680484385
leaf_count=29984 20356 769 5989 106 810 8824 172
internal_value=0 0.19287 -0.0437987 -0.290371 0.328935 0.410832 1.48524
internal_count=67010 37026 27433 20634 6799 9593 278
shrinkage=0.05


Tree=23
num_leaves=8
num_cat=0
split_feature=3 0 3 8 0 6 0
split_gain=98.886 36.1523 18.2075 23.0541 16.4583 17.0132 13.3022
threshold=82.833333333333357 49.500000000000007 98.250000000000014 1.0000000180025095e-35 41.500000000000007 7.3500000000000005 58.500000000000007
decision_type=10 2 10 2 2 10 2
left_child=1 -1 3 4 -2 -6 -3
right_child=2 6 -4 -5 5 -7 -8
leaf_value=-0.038364559624154616 -0.022402884816464505 -0.0092157430618663664 0.026858249725880523 0.040083316839480548 0.0041655008644713104 0.063882827583752855 0.037502557313085515
leaf_count=32765 4987 7697 2737 1599 15657 372 1196
internal_value=0 -0.50315 0.242148 0.125923 0.0368852 0.136322 0.00878005
internal_count=67010 41658 25352 22615 21016 16029 8893
shrinkage=0.05


Tree=24
num_leaves=8
num_cat=0
split_feature=4 0 2 8 4 2 0
split_gain=93.0951 25.9594 24.5254 20.9533 19.2067 17.3817 14.8869
threshold=128.83333333333337 41.500000000000007 34.550000000000004 1.0000000180025095e-35 145.83333333333334 22.450000000000003 50.500000000000007
decision_type=10 2 10 2 10 10 2
left_child=-1 3 4 -2 5 -3 -7
right_child=1 2 -4 -5 -6 6 -8
leaf_value=-0.032587584430028127 -0.019044268551315153 -0.019017156761719022 0.088599844640138703 0.07936386504311238 0.020410965626182245 -0.004420563467195473 0.026468002611845343
leaf_count=29984 10080 7043 250 260 7762 7513 4118
internal_value=0 0.173858 0.265589 -0.277887 0.233736 0.0178724 0.207552
internal_count=67010 37026 26686 10340 26436 18674 11631
shrinkage=0.05


Tree=25
num_leaves=8
num_cat=0
split_feature=4 0 2 2 3 5 5
split_gain=86.2294 23.4128 22.1625 16.3426 13.1661 12.0891 12.2845
threshold=128.83333333333337 44.500000000000007 25.650000000000002 21.250000000000004 93.833333333333357 2.3603278688524596 1.6009259259259263
decision_type=10 2 10 8 10 8 10
left_child=-1 2 4 -3 -2 6 -4
right_child=1 3 5 -5 -6 -7 -8
leaf_value=-0.032000727298496755 -0.034739029682303788 -0.0087285657076085262 -0.021700843354603372 0.018095659210666699 0.0064826683429533823 -0.0012968066884764854 0.058287271663247757
leaf_count=29984 10230 4221 355 16979 883 3110 1248
internal_value=0 0.163952 -0.146072 0.283729 -0.468376 0.242498 0.801113
internal_count=67010 37026 15826 21200 11113 4713 1603
shrinkage=0.05


Tree=26
num_leaves=8
num_cat=0
split_feature=3 0 2 4 2 6 3
split_gain=79.9652 23.4944 18.0963 13.0621 13.0185 12.5077 11.4896
threshold=80.833333333333357 49.500000000000007 22.350000000000005 145.83333333333334 29.050000000000004 6.4500000000000011 105.83333333333336
decision_type=10 2 8 10 10 10 10
left_child=1 -1 3 -2 5 -3 -4
right_child=2 4 6 -5 -6 -7 -8
leaf_value=-0.037810475686550521 -0.021790094236304774 -0.015534421342525417 0.011602279710282923 0.0089962411313723543 0.073154049868962179 0.054390551974582958 0.038807853749293963
leaf_count=29612 7012 7021 19823 2346 173 458 565
internal_value=0 -0.522239 0.187809 -0.130524 -0.0614175 -0.173634 0.285656
internal_count=67010 37264 29746 9358 7652 7479 20388
shrinkage=0.05


Tree=27
num_leaves=8
num_cat=0
split_feature=4 6 4 8 2 5 0
split_gain=75.0228 21.021 24.174 15.0269 14.8154 12.8569 12.7736
threshold=128.83333333333337 6.3500000000000005 145.83333333333334 1.0000000180025095e-35 31.650000000000002 3.0064102564102568 50.500000000000007
decision_type=10 10 10 2 10 8 2
left_child=-1 2 3 4 6 -6 -2
right_child=1 -3 -4 -5 5 -7 -8
leaf_value=-0.030922588826705823 -0.022481134909819522 0.030949967630203162 0.013576409885102607 0.029884404867355541 0.10280896883948253 -0.023958297253219681 0.002012307221362454
leaf_count=29984 18234 2641 8989 1296 276 192 5398
internal_value=0 0.147462 0.0773563 -0.146197 -0.223471 1.12266 -0.269264
internal_count=67010 37026 34385 25396 24100 468 23632
shrinkage=0.05


Tree=28
num_leaves=8
num_cat=0
split_feature=4 0 2 8 3 0 0
split_gain=69.4604 19.711 18.3704 17.5851 13.9993 20.1888 21.4913
threshold=128.83333333333337 41.500000000000007 34.550000000000004 1.0000000180025095e-35 92.833333333333357 57.500000000000007 59.500000000000007
decision_type=10 2 10 2 10 2 2
left_child=-1 3 4 -2 5 -3 -7
right_child=1 2 -4 -5 -6 6 -8
leaf_value=-0.030316091234778377 -0.018114547678479833 -0.004404180548116021 0.072105368036825671 0.068615202496240965 0.018015615702584597 0.066169577973044097 -0.0005745685032027771
leaf_count=29984 10080 18926 250 260 5687 896 927
internal_value=0 0.139221 0.215771 -0.261117 0.187567 0.0339415 0.622048
internal_count=67010 37026 26686 10340 26436 20749 1823
shrinkage=0.05


Tree=29
num_leaves=8
num_cat=0
split_feature=3 0 2 0 4 4 0
split_gain=64.9197 18.2696 14.0771 14.9698 16.2873 14.2804 13.7889
threshold=79.833333333333357 53.500000000000007 24.250000000000004 56.500000000000007 158.16666666666671 178.33333333333334 38.500000000000007
decision_type=10 2 8 2 10 10 2
left_child=1 -1 3 4 -2 6 -4
right_child=2 -3 5 -5 -6 -7 -8
leaf_value=-0.033168778905667468 -0.012661984050826129 0.0063262168548456413 -0.027310644916793792 0.024703943860192909 0.021694726089172944 0.059584598415901593 0.014851347371084107
leaf_count=31902 15312 3308 1435 1716 755 153 12429
internal_value=0 -0.514613 0.154546 -0.0155824 -0.12371 0.291252 0.243029
internal_count=67010 35210 31800 17783 16067 14017 13864
shrinkage=0.05


Tree=30
num_leaves=8
num_cat=0
split_feature=4 6 3 0 8 2 0
split_gain=60.6645 16.6308 19.3288 15.4245 11.3495 11.1352 10.2371
threshold=128.83333333333337 6.3500000000000005 98.250000000000014 44.500000000000007 1.0000000180025095e-35 24.450000000000003 52.500000000000007
decision_type=10 10 10 2 2 10 2
left_child=5 2 3 4 -2 6 -1
right_child=1 -3 -4 -5 -6 -7 -8
leaf_value=-0.042615353925004047 -0.02094599692687546 0.026716048120425408 0.01890327509845088 0.0038628633895356592 0.043113839006117802 -0.00014341168665576559 -0.0046232000369556504
leaf_count=22194 14090 2641 2445 17439 411 4856 2934
internal_value=0 0.126106 0.0630694 -0.0459957 -0.344561 -0.584789 -0.714674
internal_count=67010 37026 34385 31940 14501 29984 25128
shrinkage=0.05


Tree=31
num_leaves=8
num_cat=0
split_feature=4 0 2 8 5 3 2
split_gain=56.164 15.3449 14.7876 14.5093 13.8535 11.342 10.7437
threshold=128.83333333333337 41.500000000000007 34.550000000000004 1.0000000180025095e-35 2.1214168714168715 106.58333333333336 24.450000000000003
decision_type=10 2 10 2 8 10 10
left_child=6 3 -3 5 -5 -2 -1
right_child=1 2 -4 4 -6 -7 -8
leaf_value=-0.035210486098119789 -0.022528455629538167 0.0079393929338277946 0.062036236109339095 0.16712506826801526 0.0095093704512721478 0.035317704441887247 -0.00013651746907893055
leaf_count=25128 9954 26436 250 53 207 126 4856
internal_value=0 0.119159 0.184514 -0.240452 1.17849 -0.339341 -0.57253
internal_count=67010 37026 26686 10340 260 10080 29984
shrinkage=0.05


Tree=32
num_leaves=8
num_cat=0
split_feature=3 0 2 2 0 2 5
split_gain=52.66 17.2932 12.0478 11.1193 8.9675 8.10978 11.2679
threshold=79.833333333333357 48.500000000000007 22.350000000000005 29.250000000000004 34.500000000000007 34.550000000000004 3.1203448275862073
decision_type=10 2 8 10 2 10 8
left_child=1 -1 -2 -3 -4 -6 -7
right_child=2 3 4 -5 5 6 -8
leaf_value=-0.036509669949363596 -0.0061006978598773789 -0.0099294358973852411 -0.027924527871087124 0.06697114924187865 0.010420813963136792 0.074174472363429875 -0.012806674518830611
leaf_count=26772 10218 8268 1116 170 20142 216 108
internal_value=0 -0.4825 0.133845 -0.0909693 0.21031 0.234585 0.924765
internal_count=67010 35210 31800 8438 21582 20466 324
shrinkage=0.05


Tree=33
num_leaves=8
num_cat=0
split_feature=4 0 8 5 2 3 2
split_gain=49.0814 14.8929 14.7849 17.6398 11.7868 11.2891 10.5823
threshold=127.25000000000001 42.500000000000007 1.0000000180025095e-35 2.1677489177489182 20.750000000000004 106.58333333333336 24.650000000000002
decision_type=10 2 2 8 8 10 10
left_child=6 2 5 -4 -3 -2 -1
right_child=1 4 3 -5 -6 -7 -8
leaf_value=-0.035421283139989851 -0.019659201013865219 -0.012984147188138763 0.15262658035734322 0.0011589303182859131 0.011254561789675356 0.032692000140955808 0.0029439786178670395
leaf_count=24168 12595 3992 91 252 21753 147 4012
internal_value=0 0.103176 -0.205882 1.06857 0.175269 -0.295573 -0.57703
internal_count=67010 38830 13085 343 25745 12742 28180
shrinkage=0.05


Tree=34
num_leaves=8
num_cat=0
split_feature=3 2 3 0 0 0 4
split_gain=46.0398 18.8214 15.5988 16.5266 20.6115 11.5762 10.3604
threshold=73.833333333333357 24.150000000000002 90.833333333333357 58.500000000000007 59.500000000000007 57.500000000000007 178.33333333333334
decision_type=10 8 10 2 2 2 10
left_child=5 2 3 -2 -5 -1 -3
right_child=1 6 -4 4 -6 -7 -8
leaf_value=-0.038189971641469742 -0.020365288005290971 0.0097654634331712821 0.007660609238192298 0.09234813445351775 -0.0088094130111938222 0.023097222144911351 0.048243367240335233
leaf_count=20797 21691 18228 4494 308 656 680 156
internal_value=0 0.0841247 -0.0970335 -0.294218 0.522477 -0.658235 0.232919
internal_count=67010 45533 27149 22655 964 21477 18384
shrinkage=0.05


Tree=35
num_leaves=8
num_cat=0
split_feature=3 2 4 0 0 5 4
split_gain=42.863 16.8307 14.5658 14.1363 11.0083 8.98522 8.96486
threshold=73.833333333333357 24.150000000000002 145.83333333333334 56.500000000000007 57.500000000000007 3.8295277633627407 178.33333333333334
decision_type=10 8 10 2 2 10 10
left_child=4 2 3 -2 -1 -4 -3
right_child=1 6 5 -5 -6 -7 -8
leaf_value=-0.037721716695675221 -0.020573007999162965 0.0091941902556352938 0.0048217705768097419 0.018814599932190184 0.021630007989497286 0.075215953216275361 0.04441994990502917
leaf_count=20797 20990 18228 4479 1582 680 98 156
internal_value=0 0.0797071 -0.0926278 -0.288919 -0.646733 0.143321 0.219118
internal_count=67010 45533 27149 22572 21477 4577 18384
shrinkage=0.05


Tree=36
num_leaves=8
num_cat=0
split_feature=4 0 8 6 2 2 5
split_gain=40.0402 12.8858 12.0908 10.9232 13.0578 9.92587 9.8755
threshold=127.25000000000001 41.500000000000007 1.0000000180025095e-35 7.0500000000000016 35.650000000000013 24.650000000000002 2.1214168714168715
decision_type=10 2 2 10 8 10 8
left_child=5 2 -2 -3 -5 -1 -4
right_child=1 3 6 4 -6 -7 -8
leaf_value=-0.034055379196261545 -0.016786628912384593 0.005423186497691794 0.13195764929390377 0.023704617764515486 0.1350648082417322 0.0035396004350307791 0.0074015899920683572
leaf_count=24168 10739 26799 56 988 33 4012 215
internal_value=0 0.0894208 -0.241312 0.147094 0.642612 -0.543969 0.998583
internal_count=67010 38830 11010 27820 1021 28180 271
shrinkage=0.05


Tree=37
num_leaves=8
num_cat=0
split_feature=3 2 3 5 0 0 5
split_gain=38.0054 14.5131 13.1112 15.9448 16.3568 10.5085 9.99832
threshold=73.833333333333357 24.150000000000002 90.833333333333357 1.0359294320137697 51.500000000000007 57.500000000000007 1.6681957186544345
decision_type=10 8 10 8 2 2 10
left_child=5 2 3 4 -2 -1 -4
right_child=1 -3 6 -5 -6 -7 -8
leaf_value=-0.036943695392322964 -0.0076472942223407593 0.01005644518626414 -0.011226224263885941 -0.017867152120827741 0.10647763816886179 0.020971968814892092 0.016594487643194086
leaf_count=20797 1345 18384 1641 20986 324 680 2853
internal_value=0 0.0731908 -0.0879625 -0.273434 0.813586 -0.627011 0.138079
internal_count=67010 45533 27149 22655 1669 21477 4494
shrinkage=0.05


Tree=38
num_leaves=8
num_cat=0
split_feature=3 2 4 0 5 2 6
split_gain=35.3442 13.3018 10.9902 9.98428 9.64362 12.407 9.96448
threshold=73.833333333333357 22.550000000000004 144.83333333333334 57.500000000000007 3.1595454545454547 30.750000000000004 5.3500000000000005
decision_type=10 8 10 2 8 10 10
left_child=3 2 -2 -1 5 -3 -7
right_child=1 4 -4 -5 -6 6 -8
leaf_value=-0.036446778175143718 -0.019215331524640472 0.0080097602781073803 0.0051506653644668061 0.019672635534546207 -0.0056485169079161148 0.086042098044236015 0.023907671045566941
leaf_count=20797 15030 20637 3085 680 5570 244 967
internal_value=0 0.0693433 -0.160575 -0.615122 0.151235 0.221181 0.719706
internal_count=67010 45533 18115 21477 27418 21848 1211
shrinkage=0.05


Tree=39
num_leaves=8
num_cat=0
split_feature=3 8 4 0 6 0 2
split_gain=32.8596 12.4523 18.7213 11.9439 9.75662 9.48678 8.83662
threshold=73.833333333333357 1.0000000180025095e-35 140.83333333333334 56.500000000000007 7.2500000000000009 57.500000000000007 23.950000000000003
decision_type=10 2 10 2 10 2 8
left_child=5 2 3 6 -4 -1 -2
right_child=1 -3 4 -5 -6 -7 -8
leaf_value=-0.035939285073028737 -0.026503282928697743 0.022108401981867913 0.0051755870787987329 0.01727270661419086 0.038631809977592781 0.018472577728788499 -0.0041828625823428075
leaf_count=20797 17065 2775 14015 1817 406 680 9455
internal_value=0 0.0657357 0.0189283 -0.225187 0.140448 -0.603112 -0.324028
internal_count=67010 45533 42758 28337 14421 21477 26520
shrinkage=0.05


Tree=40
num_leaves=8
num_cat=0
split_feature=3 0 8 0 5 2 4
split_gain=30.5308 12.002 15.5515 11.6253 11.9125 10.6777 9.27429
threshold=73.833333333333357 41.500000000000007 1.0000000180025095e-35 39.500000000000007 2.8426212590299289 34.350000000000001 145.16666666666671
decision_type=10 2 2 2 8 10 8
left_child=-1 2 -2 -4 -5 -3 -7
right_child=1 5 3 4 -6 6 -8
leaf_value=-0.029549636680246821 -0.01778199588158412 0.0047020184358264831 -0.024120762148541947 0.145569083013149 -0.011943646040854393 0.097673050995049818 0.016648472186938063
leaf_count=21477 12295 32655 117 113 76 140 137
internal_value=0 0.0622584 -0.249366 1.1046 1.95546 0.116447 0.910856
internal_count=67010 45533 12601 306 189 32932 277
shrinkage=0.05


Tree=41
num_leaves=8
num_cat=0
split_feature=4 0 4 2 0 3 0
split_gain=28.9639 10.398 14.5306 13.9695 11.1746 9.43849 9.39763
threshold=127.25000000000001 50.500000000000007 165.16666666666671 21.150000000000002 58.500000000000007 82.833333333333357 45.500000000000007
decision_type=10 2 10 10 2 10 2
left_child=-1 2 5 4 -3 -2 -4
right_child=1 3 6 -5 -6 -7 -8
leaf_value=-0.024582018257230925 -0.023925888381250714 -0.030976692996397482 0.0030332449395848375 0.015201765192409358 0.026945986757993486 -0.0016376265525253543 0.047290706028802872
leaf_count=28180 12108 1773 359 8386 380 15573 251
internal_value=0 0.0718875 -0.0344714 0.214954 -0.319602 -0.106362 0.478634
internal_count=67010 38830 28291 10539 2153 27681 610
shrinkage=0.05


Tree=42
num_leaves=8
num_cat=0
split_feature=3 2 0 0 3 4 0
split_gain=26.8981 10.385 10.892 9.19924 7.87995 7.33041 9.99728
threshold=73.833333333333357 24.150000000000002 44.500000000000007 57.500000000000007 93.833333333333357 178.33333333333334 31.500000000000004
decision_type=10 8 2 2 10 10 2
left_child=3 2 4 -1 -2 6 -3
right_child=1 5 -4 -5 -6 -7 -8
leaf_value=-0.034636866705276305 -0.031205504567674305 -0.045493932754490707 0.001067356076395287 0.019482085830243773 0.0063112643999431606 0.037419617948971667 0.0077855865721021518
leaf_count=20797 10991 865 15523 680 635 156 17363
internal_value=0 0.0569461 -0.0811148 -0.569876 -0.424783 0.162485 0.131084
internal_count=67010 45533 27149 21477 11626 18384 18228
shrinkage=0.05


Tree=43
num_leaves=8
num_cat=0
split_feature=4 2 2 0 4 2 0
split_gain=25.1022 9.31472 9.5081 8.92934 12.3283 12.309 9.74902
threshold=127.25000000000001 24.650000000000002 24.850000000000005 50.500000000000007 165.16666666666671 21.050000000000004 58.500000000000007
decision_type=10 10 10 2 10 10 2
left_child=1 -1 -3 4 -2 6 -5
right_child=3 2 -4 5 -6 -7 -8
leaf_value=-0.031024217412532341 -0.0050657617318064733 0.092600348485713982 -0.0060915097126503148 -0.031026965164165754 0.021574321332618527 0.013791281467551906 0.024078545938076807
leaf_count=24168 27681 398 3614 1692 610 8485 362
internal_value=0 -0.469143 0.135535 0.0651266 -0.0339587 0.196355 -0.324222
internal_count=67010 28180 4012 38830 28291 10539 2054
shrinkage=0.05


Tree=44
num_leaves=8
num_cat=0
split_feature=3 8 4 0 0 2 0
split_gain=23.7096 9.90513 14.5016 14.9264 13.6157 10.2474 8.66354
threshold=73.833333333333357 1.0000000180025095e-35 145.83333333333334 58.500000000000007 59.500000000000007 34.650000000000013 57.500000000000007
decision_type=10 2 10 2 2 10 2
left_child=6 2 3 5 -5 -2 -1
right_child=1 -3 -4 4 -6 -7 -8
leaf_value=-0.033759200452034038 -0.013059492413999339 0.019028220343163149 0.0073438878402046206 0.067813786891648686 -0.0019370610488898465 0.05551581026963566 0.01866788493931984
leaf_count=20797 32293 2775 9070 422 781 192 680
internal_value=0 0.0520297 0.00980288 -0.156816 0.52543 -0.232524 -0.549006
internal_count=67010 45533 42758 33688 1203 32485 21477
shrinkage=0.05


Tree=45
num_leaves=8
num_cat=0
split_feature=3 2 0 3 0 6 6
split_gain=21.9939 9.329 10.4135 12.3104 8.2968 7.05062 6.91637
threshold=73.833333333333357 29.950000000000003 45.500000000000007 87.833333333333357 54.500000000000007 9.0500000000000025 5.3500000000000005
decision_type=10 10 2 10 2 10 10
left_child=4 2 3 -2 -1 -5 -3
right_child=1 6 -4 5 -6 -7 -8
leaf_value=-0.034696109889190169 -0.025385792081970039 0.048636320159189617 0.0044657476864076208 -0.00072831878970777263 0.010014565233285812 0.092383662183051024 0.011167694773008451
leaf_count=20130 15574 502 22492 5014 1347 20 1931
internal_value=0 0.0494248 0.00751389 -0.193691 -0.53655 0.0204764 0.360585
internal_count=67010 45533 43100 20608 21477 5034 2433
shrinkage=0.05


Tree=46
num_leaves=8
num_cat=0
split_feature=3 8 4 0 0 2 6
split_gain=20.4015 8.60361 12.7506 8.86168 7.90471 7.83418 7.6692
threshold=73.833333333333357 1.0000000180025095e-35 140.83333333333334 56.500000000000007 54.500000000000007 33.750000000000007 7.2500000000000009
decision_type=10 2 10 2 2 10 10
left_child=4 2 3 -2 -1 -3 -4
right_child=1 5 6 -5 -6 -7 -8
leaf_value=-0.034157728599970148 -0.014520195571242681 0.013273329916377153 0.003569522989342547 0.013815779854651331 0.0094645585623859708 0.076401253252137563 0.032309564690256885
leaf_count=20130 26520 2706 14015 1817 1347 69 406
internal_value=0 0.0469796 0.00732375 -0.19948 -0.52412 0.349707 0.104279
internal_count=67010 45533 42758 28337 21477 2775 14421
shrinkage=0.05


Tree=47
num_leaves=8
num_cat=0
split_feature=3 0 8 0 5 3 2
split_gain=18.9155 8.24327 12.7823 9.73703 9.31962 7.85633 7.74252
threshold=73.833333333333357 41.500000000000007 1.0000000180025095e-35 39.500000000000007 2.8426212590299289 106.58333333333336 34.550000000000004
decision_type=10 2 2 2 8 10 10
left_child=-1 2 5 -4 -5 -2 -3
right_child=1 6 3 4 -6 -7 -8
leaf_value=-0.025583541906302437 -0.021190532737555615 0.00346064047105936 -0.024503527504473311 0.12288772833190753 -0.012380156902857561 0.024696068191902995 0.038076200867927179
leaf_count=21477 12169 32679 117 113 76 126 253
internal_value=0 0.0446646 -0.219971 0.963044 1.68937 -0.32412 0.0879444
internal_count=67010 45533 12601 306 189 12295 32932
shrinkage=0.05


Tree=48
num_leaves=8
num_cat=0
split_feature=4 2 2 0 0 2 3
split_gain=17.821 9.03294 8.59211 7.08066 6.61903 6.26408 8.80138
threshold=127.25000000000001 24.650000000000002 24.850000000000005 34.500000000000007 52.500000000000007 29.950000000000003 105.83333333333336
decision_type=10 10 10 2 2 10 10
left_child=1 4 -3 -2 -1 6 -5
right_child=3 2 -4 5 -6 -7 -8
leaf_value=-0.03690540836791921 -0.024850891323440469 0.089626102371300725 -0.0037524556792420472 -0.00012956524648867512 -0.00051562710240612877 0.016548307836327721 0.021612471982135281
leaf_count=21346 3520 398 3614 32633 2822 2089 588
internal_value=0 -0.41642 0.18693 0.0523734 -0.577479 0.0708909 0.0349205
internal_count=67010 28180 4012 38830 24168 35310 33221
shrinkage=0.05


Tree=49
num_leaves=8
num_cat=0
split_feature=3 2 5 4 6 5 6
split_gain=16.531 7.67952 8.3494 7.90337 9.85052 10.7402 7.65759
threshold=73.833333333333357 22.550000000000004 3.1595454545454547 159.25000000000003 6.1500000000000012 3.6930926216640514 7.0500000000000016
decision_type=10 8 8 10 10 10 10
left_child=-1 -2 6 -4 5 -5 -3
right_child=1 2 3 4 -6 -7 -8
leaf_value=-0.024480675329310666 -0.0068929298767849041 0.0061988641956257822 -0.0147378603925599 0.0028103349114979984 -0.025831522392241527 0.077378237732772789 0.030787875325377079
leaf_count=21477 18115 21069 5228 151 96 95 779
internal_value=0 0.0408792 0.10045 -0.142463 0.313718 0.712671 0.163859
internal_count=67010 45533 27418 5570 342 246 21848
shrinkage=0.05


Tree=50
num_leaves=8
num_cat=0
split_feature=4 2 2 0 2 3 0
split_gain=15.5119 8.54013 7.55807 6.78576 10.1661 9.05318 8.67939
threshold=127.25000000000001 24.650000000000002 24.850000000000005 50.500000000000007 21.050000000000004 83.833333333333357 58.500000000000007
decision_type=10 10 10 2 10 10 2
left_child=1 -1 -3 5 6 -2 -5
right_child=3 2 -4 4 -6 -7 -8
leaf_value=-0.027933195779493453 -0.019330264671048123 0.082391777636941776 -0.0032975422898775392 -0.030384963336684848 0.01150037268221441 0.0013671083639498448 0.021141824918855974
leaf_count=24168 13510 398 3614 1692 8485 14781 362
internal_value=0 -0.395967 0.188116 0.0479747 0.160243 -0.0389446 -0.316669
internal_count=67010 28180 4012 38830 10539 28291 2054
shrinkage=0.05


Tree=51
num_leaves=8
num_cat=0
split_feature=3 0 8 0 6 3 5
split_gain=14.3934 7.66727 6.89735 10.1882 8.45374 7.44142 7.5549
threshold=73.833333333333357 54.500000000000007 1.0000000180025095e-35 41.500000000000007 7.1500000000000012 98.250000000000014 1.7512376237623763
decision_type=10 2 2 2 10 10 10
left_child=1 -1 3 -2 5 -5 -7
right_child=2 -3 -4 4 -6 6 -8
leaf_value=-0.031996819319657116 -0.015374512564002504 0.012123549610306518 0.015189681359150844 -0.002589002270923583 0.027780597743311125 -0.0096341570810404703 0.017247031436661203
leaf_count=20130 12295 1347 2775 27694 736 540 1493
internal_value=0 -0.467365 0.0372616 0.00140741 0.053084 0.0222711 0.216648
internal_count=67010 21477 45533 42758 30463 29727 2033
shrinkage=0.05


Tree=52
num_leaves=8
num_cat=0
split_feature=4 2 2 0 0 6 5
split_gain=13.3511 8.08216 6.67474 6.51401 5.93446 5.16485 7.12771
threshold=127.25000000000001 24.650000000000002 24.850000000000005 52.500000000000007 34.500000000000007 8.75 2.5174442190669377
decision_type=10 10 10 2 2 10 10
left_child=1 3 -3 -1 -2 -6 -7
right_child=4 2 -4 -5 5 6 -8
leaf_value=-0.035509355772656147 -0.023581114209010955 0.07626734124496487 -0.0027546240609493916 0.0014591710385834617 0.0023452316225044223 -0.0071799867209409634 0.062019981122082339
leaf_count=21346 3520 398 3614 2822 35039 122 149
internal_value=0 -0.374555 0.191683 -0.53888 0.0436013 0.0600508 0.644461
internal_count=67010 28180 4012 24168 38830 35310 271
shrinkage=0.05


Tree=53
num_leaves=8
num_cat=0
split_feature=3 0 2 3 5 0 3
split_gain=12.5736 7.11786 6.23349 7.32822 11.9451 11.0412 8.51009
threshold=73.833333333333357 57.500000000000007 29.950000000000003 90.833333333333357 1.0359294320137697 43.500000000000007 86.250000000000014
decision_type=10 2 10 10 8 2 8
left_child=1 -1 3 4 5 -2 -7
right_child=2 -3 -4 -5 -6 6 -8
leaf_value=-0.029423371037083763 -0.037330619654220951 0.018760028517625982 0.014069526344985223 0.0049521906076731466 -0.0080189458734103766 0.088590347194336228 -0.01021002586921042
leaf_count=20797 796 680 2433 8798 32471 851 184
internal_value=0 -0.446071 0.0341155 -0.000733864 -0.116217 0.791581 1.2657
internal_count=67010 21477 45533 43100 34302 1831 1035
shrinkage=0.05


Tree=54
num_leaves=8
num_cat=0
split_feature=3 0 5 8 4 0 0
split_gain=11.6104 6.75517 6.1576 6.0111 8.91879 11.4265 11.1346
threshold=73.833333333333357 54.500000000000007 3.2247448979591842 1.0000000180025095e-35 145.83333333333334 58.500000000000007 59.500000000000007
decision_type=10 2 8 2 10 2 2
left_child=1 2 -1 4 5 -2 -7
right_child=3 -3 -4 -5 -6 6 -8
leaf_value=-0.036743161725327232 -0.010273378103737622 0.011012018309736618 0.020473756879496607 0.013942432490963129 0.0051390892020882614 0.057732304137953196 -0.0033226883598096212
leaf_count=18132 32485 1347 1998 2775 9070 422 781
internal_value=0 -0.433743 -0.609214 0.0323729 -0.0013001 -0.135366 0.44349
internal_count=67010 21477 20130 45533 42758 33688 1203
shrinkage=0.05


Tree=55
num_leaves=8
num_cat=0
split_feature=0 2 5 8 0 2 3
split_gain=10.7501 12.9943 9.21247 7.52485 11.2438 6.94287 6.11745
threshold=41.500000000000007 26.150000000000002 2.9196774193548389 1.0000000180025095e-35 39.500000000000007 20.850000000000005 98.833333333333357
decision_type=2 10 8 2 2 8 10
left_child=1 -1 3 6 -5 -2 -3
right_child=5 2 -4 4 -6 -7 -8
leaf_value=-0.027750439075388031 -0.011838217937027076 -0.0043856760202517567 -0.01894984960851168 -0.029089743465470514 0.13496144262641854 0.0041941091994719499 0.048198987224846335
leaf_count=19027 10959 1866 1502 36 59 33440 121
internal_value=0 -0.281839 0.12355 0.499128 1.72184 0.0472084 0.26429
internal_count=67010 22611 3584 2082 95 44399 1987
shrinkage=0.05


Tree=56
num_leaves=8
num_cat=0
split_feature=3 0 5 2 5 2 4
split_gain=10.3232 6.29064 5.93601 5.33303 7.40801 6.78429 8.5601
threshold=73.833333333333357 54.500000000000007 3.2247448979591842 22.550000000000004 3.1595454545454547 34.350000000000001 145.83333333333334
decision_type=10 2 8 8 8 10 10
left_child=1 2 -1 -2 5 -5 -7
right_child=3 -3 -4 4 -6 6 -8
leaf_value=-0.036083678778629037 -0.0060479267057344539 0.010453127870513317 0.020097492914204613 0.005577416676868641 -0.0074944326324157366 0.084870077390892057 0.010932022140985423
leaf_count=18132 18115 1347 1998 21531 5570 157 160
internal_value=0 -0.415761 -0.59223 0.030124 0.0787118 0.137539 0.741555
internal_count=67010 21477 20130 45533 27418 21848 317
shrinkage=0.05


Tree=57
num_leaves=8
num_cat=0
split_feature=4 8 6 0 2 4 0
split_gain=9.65609 7.56429 6.51128 5.26888 8.24438 7.98584 7.82153
threshold=127.25000000000001 1.0000000180025095e-35 5.9500000000000011 50.500000000000007 21.050000000000004 165.16666666666671 58.500000000000007
decision_type=10 2 10 2 10 10 2
left_child=1 -1 -3 5 6 -2 -5
right_child=3 2 -4 4 -6 -7 -8
leaf_value=-0.020461735876951756 -0.0048644336046203066 -0.010214387141575278 0.095479084084866439 -0.029502104894970661 0.0097112380011858315 0.01599273054680286 0.01927229200725827
leaf_count=27296 27681 602 282 1692 8485 610 362
internal_value=0 -0.330501 0.815447 0.0359299 0.133439 -0.0411025 -0.301685
internal_count=67010 28180 884 38830 10539 28291 2054
shrinkage=0.05


Tree=58
num_leaves=8
num_cat=0
split_feature=0 2 5 8 0 6 3
split_gain=9.24125 11.8415 8.19158 6.44234 9.52075 5.77984 5.65109
threshold=41.500000000000007 26.150000000000002 2.9196774193548389 1.0000000180025095e-35 39.500000000000007 5.6500000000000012 98.833333333333357
decision_type=2 10 8 2 2 8 10
left_child=1 -1 3 5 -5 -3 -7
right_child=-2 2 -4 4 -6 6 -8
leaf_value=-0.026741514717950162 0.0021709754627320887 -0.01770808900246849 -0.018240876093290465 -0.028845982854419396 0.11987334579987555 0.0077888403107786025 0.071507562797637952
leaf_count=19027 44399 857 1502 36 59 1056 74
internal_value=0 -0.264773 0.118062 0.464586 1.56036 0.244916 0.619135
internal_count=67010 22611 3584 2082 95 1987 1130
shrinkage=0.05


Tree=59
num_leaves=8
num_cat=0
split_feature=3 0 5 0 2 3 5
split_gain=8.80289 5.79673 4.89559 4.83382 5.12003 6.78818 6.91347
threshold=73.833333333333357 57.500000000000007 3.2247448979591842 35.500000000000007 29.950000000000003 105.83333333333336 2.873863636363637
decision_type=10 2 8 2 10 10 8
left_child=1 2 -1 -2 5 6 -5
right_child=3 -3 -4 4 -6 -7 -8
leaf_value=-0.032714225693632276 -0.021106962402553324 0.016399668116882659 0.017351750965742343 0.0018958808490817719 0.013545150885596199 0.017565446093707787 -0.011299188921640422
leaf_count=18761 3891 680 2036 31208 2106 586 7742
internal_value=0 -0.39195 -0.537215 0.0274737 0.0422197 0.0104101 -0.0217081
internal_count=67010 21477 20797 45533 41642 39536 38950
shrinkage=0.05


Tree=60
num_leaves=8
num_cat=0
split_feature=3 0 5 8 4 0 2
split_gain=8.1048 5.51427 5.52415 4.72925 7.24461 6.31524 6.48651
threshold=73.833333333333357 54.500000000000007 3.2247448979591842 1.0000000180025095e-35 140.83333333333334 56.500000000000007 20.950000000000003
decision_type=10 2 8 2 10 2 10
left_child=1 2 -1 4 5 -2 -7
right_child=3 -3 -4 -5 -6 6 -8
leaf_value=-0.034739878711499479 -0.012369285959957182 0.0097883737005611416 0.019520400033882598 0.01207659940809138 0.0033109586720256449 -0.0349799100865485 0.02102973830156564
leaf_count=18132 26520 1347 1998 2775 14421 416 1401
internal_value=0 -0.380046 -0.558125 0.0260403 -0.00413667 -0.165096 0.22584
internal_count=67010 21477 20130 45533 42758 28337 1817
shrinkage=0.05


Tree=61
num_leaves=8
num_cat=0
split_feature=0 2 5 8 0 6 2
split_gain=7.77836 10.7578 7.3843 5.27943 8.05828 5.15314 4.99884
threshold=41.500000000000007 26.150000000000002 2.9196774193548389 1.0000000180025095e-35 39.500000000000007 5.6500000000000012 20.850000000000005
decision_type=2 10 8 2 2 8 8
left_child=1 -1 3 5 -5 -3 -2
right_child=6 2 -4 4 -6 -7 -8
leaf_value=-0.025657578774276796 -0.010344003989764608 -0.017042346411832991 -0.017569931057421901 -0.028729561797946737 0.10575667508059057 0.028990570446530257 0.0034791676125531567
leaf_count=19027 10959 857 1502 36 59 1130 33440
internal_value=0 -0.246486 0.114747 0.43798 1.39669 0.234773 0.0392929
internal_count=67010 22611 3584 2082 95 1987 44399
shrinkage=0.05


Tree=62
num_leaves=8
num_cat=0
split_feature=4 0 3 8 5 2 6
split_gain=7.18974 6.30252 10.8508 6.32589 12.2258 8.10412 6.75097
threshold=110.25000000000001 45.500000000000007 82.833333333333357 1.0000000180025095e-35 2.0053763440860224 26.950000000000003 5.7500000000000009
decision_type=10 2 10 2 8 10 10
left_child=-1 2 -2 -4 6 -6 -5
right_child=1 -3 3 4 5 -7 -8
leaf_value=-0.037961139932147496 -0.025694004446192797 0.0035301055512528671 -0.0035587607870026781 0.13821604367232507 -0.043667227503773873 0.029970663488430763 0.018528290334513895
leaf_count=5651 21985 28628 10276 56 198 166 50
internal_value=0 0.0108058 -0.126426 -0.00625814 0.535014 0.0236149 1.77918
internal_count=67010 61359 32731 10746 470 364 106
shrinkage=0.05


Tree=63
num_leaves=8
num_cat=0
split_feature=4 0 3 8 5 2 2
split_gain=6.78486 5.68512 10.1627 5.74976 10.6179 7.50306 5.39183
threshold=110.25000000000001 45.500000000000007 82.833333333333357 1.0000000180025095e-35 2.0053763440860224 26.950000000000003 24.450000000000003
decision_type=10 2 10 2 8 8 8
left_child=-1 2 -2 -4 6 -6 -5
right_child=1 -3 3 4 5 -7 -8
leaf_value=-0.037526748259796266 -0.025068947048585085 0.0033430758942950764 -0.0033931390856013961 0.14387557603900542 -0.043304146872553038 0.027973867053938051 0.032278965699381296
leaf_count=5651 21985 28628 10276 48 198 166 58
internal_value=0 0.0103545 -0.120618 -0.00532317 0.505945 0.0209551 1.6265
internal_count=67010 61359 32731 10746 470 364 106
shrinkage=0.05


Tree=64
num_leaves=8
num_cat=0
split_feature=2 3 0 0 6 4 5
split_gain=6.61566 8.2229 9.94549 8.1279 11.5209 7.90584 7.35321
threshold=24.150000000000002 90.833333333333357 57.500000000000007 59.500000000000007 5.8500000000000005 126.16666666666667 1.6681957186544345
decision_type=8 10 2 2 10 10 10
left_child=1 2 -1 4 -4 -6 -3
right_child=-2 6 3 -5 5 -7 -8
leaf_value=-0.017654675169754538 0.0039956164224186031 -0.012013445634280601 0.0022878228724033342 -0.011406659567255107 -0.025489797074979521 0.10409100763865456 0.011437797094200872
leaf_count=38671 21996 1641 598 934 127 190 2853
internal_value=0 -0.105959 -0.242483 0.222289 0.693987 1.65737 0.0710378
internal_count=67010 45014 40520 1849 915 317 4494
shrinkage=0.05


Tree=65
num_leaves=8
num_cat=0
split_feature=4 0 2 3 2 5 5
split_gain=6.26271 5.03117 10.1571 7.00805 7.15406 6.95816 6.8578
threshold=110.25000000000001 44.500000000000007 25.650000000000002 93.833333333333357 18.650000000000002 2.5495098039215685 3.577350427350428
decision_type=10 2 10 10 8 8 10
left_child=-1 2 3 4 -2 -4 -7
right_child=1 -3 5 -5 -6 6 -8
leaf_value=-0.036915065407999013 0.028573239790528188 0.0027922004797985549 0.020787201752240452 0.0032181213175775493 -0.030895581850951054 -0.017312423544156987 0.02369964168851392
leaf_count=5651 2308 32024 2721 886 20001 2525 894
internal_value=0 0.00981438 -0.132477 -0.357937 -0.528439 0.106538 -0.136286
internal_count=67010 61359 29335 23195 22309 6140 3419
shrinkage=0.05


Tree=66
num_leaves=8
num_cat=0
split_feature=2 0 3 5 2 5 2
split_gain=5.96409 5.60291 8.61688 7.4229 7.06892 5.85378 7.67657
threshold=20.850000000000005 50.500000000000007 83.833333333333357 3.0064102564102568 24.150000000000002 1.6681957186544345 21.050000000000004
decision_type=8 2 10 8 10 10 10
left_child=-1 2 4 5 -2 -4 -7
right_child=1 -3 3 -5 -6 6 -8
leaf_value=-0.012325064976676715 -0.033627702507392103 0.0065927983983505231 -0.009282053145189725 -0.011843032147807228 -0.0023875476844993485 0.080356579119575181 0.0082456079994962014
leaf_count=18670 14431 11840 2506 3257 8524 162 7620
internal_value=0 0.0301079 -0.049567 0.0219839 -0.359758 0.112372 0.195445
internal_count=67010 48340 36500 13545 22955 10288 7782
shrinkage=0.05


Tree=67
num_leaves=8
num_cat=0
split_feature=4 0 2 5 0 2 4
split_gain=5.78502 4.44001 7.57634 6.20131 4.75186 4.49029 7.20785
threshold=110.25000000000001 41.500000000000007 26.150000000000002 2.9196774193548389 31.500000000000004 33.750000000000007 147.83333333333334
decision_type=10 2 10 8 2 10 10
left_child=-1 2 -2 4 -4 -3 -7
right_child=1 5 3 -5 -6 6 -8
leaf_value=-0.036300874105482273 -0.021781916439996486 0.0011526640757484547 -0.029301555794820772 -0.016512710948833886 0.027431861145367088 0.057014244897143851 0.00093127898755384058
leaf_count=5651 16474 40993 428 1487 1609 214 154
internal_value=0 0.00915364 -0.184595 0.107986 0.395739 0.0389782 0.463603
internal_count=67010 61359 19998 3524 2037 41361 368
shrinkage=0.05


Tree=68
num_leaves=8
num_cat=0
split_feature=4 0 0 3 1 8 3
split_gain=5.45335 4.34434 14.758 8.99224 11.1202 6.38589 10.0475
threshold=110.25000000000001 58.500000000000007 59.500000000000007 83.583333333333357 1.5000000000000002 1.0000000180025095e-35 88.833333333333357
decision_type=10 2 2 10 2 2 10
left_child=-1 5 3 4 -3 6 -2
right_child=1 2 -4 -5 -6 -7 -8
leaf_value=-0.035836455073766003 -0.011070845365955921 0.10761930798470956 -0.0044105897053360208 0.019569710886325149 -0.01774307718432476 0.011887147642227688 0.0022986825807007551
leaf_count=5651 44555 281 1642 412 85 3007 11377
internal_value=0 0.00867007 0.222136 0.780242 1.59349 -0.0178281 -0.0543099
internal_count=67010 61359 2420 778 366 58939 55932
shrinkage=0.05


Tree=69
num_leaves=8
num_cat=0
split_feature=4 6 0 0 3 1 2
split_gain=5.1409 4.06914 4.05977 12.8944 7.27293 8.94896 6.14423
threshold=110.25000000000001 12.350000000000003 58.500000000000007 59.500000000000007 83.583333333333357 1.5000000000000002 22.450000000000003
decision_type=10 10 2 2 10 2 10
left_child=-1 2 -2 4 5 6 -4
right_child=1 -3 3 -5 -6 -7 -8
leaf_value=-0.035364676114382716 -0.0010608719935518236 0.071485645553576491 0.01999130905822713 -0.0042105448036044539 0.018329422617982368 -0.017346304078067167 0.1234450296143048
leaf_count=5651 58916 23 132 1642 412 85 149
internal_value=0 0.0082994 0.00456275 0.209827 0.719711 1.42235 1.88383
internal_count=67010 61359 61336 2420 778 366 281
shrinkage=0.05


Tree=70
num_leaves=8
num_cat=0
split_feature=2 6 0 3 2 5 5
split_gain=4.97553 4.67912 4.62317 7.33916 6.71078 6.63468 6.96886
threshold=20.850000000000005 5.5500000000000016 50.500000000000007 83.833333333333357 24.150000000000002 2.9196774193548389 2.7698612862547294
decision_type=8 10 2 10 10 8 10
left_child=1 -1 3 4 -2 6 -5
right_child=2 -3 -4 5 -6 -7 -8
leaf_value=-0.022370684094579544 -0.032695762894688167 0.0010028401973041544 0.0059499230588475451 0.0029311115884161553 -0.0017493316439653698 -0.010335189599673493 0.034804181221143406
leaf_count=10961 14431 7709 11840 9168 8524 3680 697
internal_value=0 -0.227969 0.0273386 -0.0455146 -0.337611 0.0195184 0.111812
internal_count=67010 18670 48340 36500 22955 13545 9865
shrinkage=0.05


Tree=71
num_leaves=8
num_cat=0
split_feature=4 6 4 5 0 0 0
split_gain=4.75044 3.75191 3.75938 5.53352 4.85584 3.77323 11.7246
threshold=110.25000000000001 12.350000000000003 178.33333333333334 1.4534108527131784 35.500000000000007 58.500000000000007 59.500000000000007
decision_type=10 10 10 10 2 2 2
left_child=-1 2 4 -4 -2 -6 -7
right_child=1 -3 3 -5 5 6 -8
leaf_value=-0.034723484817419346 -0.022321913975166793 0.067662844319915358 -0.029487285661628872 0.025335025231524078 -0.0010853751970673041 0.034293900935874387 -0.0044773299189428337
leaf_count=5651 7508 23 48 222 51177 769 1612
internal_value=0 0.00792148 0.00428176 0.334794 -0.0105468 0.0046156 0.206068
internal_count=67010 61359 61336 270 61066 53558 2381
shrinkage=0.05


Tree=72
num_leaves=8
num_cat=0
split_feature=4 2 6 4 1 3 5
split_gain=4.47581 3.63517 5.93967 6.30857 5.0475 4.96192 6.09517
threshold=110.25000000000001 29.950000000000003 5.3500000000000005 150.83333333333334 1.5000000000000002 105.83333333333336 2.873863636363637
decision_type=10 10 10 10 2 10 8
left_child=-1 5 4 -4 -3 6 -2
right_child=1 2 3 -5 -6 -7 -8
leaf_value=-0.03423576903789867 0.00044548740678227182 0.04538273632929174 0.017751978534345524 -0.010237011680611443 -0.033096748736635949 0.013281001635365025 -0.011489865662703873
leaf_count=5651 46930 504 1577 513 76 602 11157
internal_value=0 0.0075748 0.189747 0.0721666 0.721323 -0.0184021 -0.0443158
internal_count=67010 61359 2670 2090 580 58689 58087
shrinkage=0.05


Tree=73
num_leaves=8
num_cat=0
split_feature=2 6 4 5 0 3 2
split_gain=4.38954 4.35184 4.47055 4.48839 4.02042 6.55178 6.37296
threshold=20.850000000000005 5.5500000000000016 155.16666666666671 0.93364779874213844 50.500000000000007 83.833333333333357 24.150000000000002
decision_type=8 10 10 10 2 10 10
left_child=1 -1 3 -3 5 6 -2
right_child=4 2 -4 -5 -6 -7 -8
leaf_value=-0.02159263447247485 -0.031978148651660591 0.052444905057493385 0.032873097796499384 -0.012563451132077861 0.0055202438125469769 0.00089978123370448968 -0.0014724905157367403
leaf_count=10961 14431 518 163 7028 11840 13545 8524
internal_value=0 -0.216009 0.022017 -0.145312 0.0253955 -0.0428435 -0.322513
internal_count=67010 18670 7709 7546 48340 36500 22955
shrinkage=0.05


Tree=74
num_leaves=8
num_cat=0
split_feature=4 6 3 3 4 5 0
split_gain=4.11556 3.44911 3.34463 6.03853 8.91997 4.00474 3.93442
threshold=110.25000000000001 12.350000000000003 118.25000000000001 128.50000000000003 180.50000000000003 2.3801408450704229 38.500000000000007
decision_type=10 10 10 10 10 10 2
left_child=-1 2 6 4 -4 -6 -2
right_child=1 -3 3 -5 5 -7 -8
leaf_value=-0.033543149332242173 -0.015609121440467937 0.06392153527680379 -0.026603322816620281 -0.031183039539390573 0.015698345890461599 0.10258497739663752 0.00060156486398130508
leaf_count=5651 10661 23 26 20 20 25 50584
internal_value=0 0.00706291 0.00352343 0.520568 0.909022 1.49641 -0.00491114
internal_count=67010 61359 61336 91 71 45 61245
shrinkage=0.05


Tree=75
num_leaves=8
num_cat=0
split_feature=2 4 0 0 6 0 3
split_gain=3.92251 5.83683 6.3771 10.2121 7.62309 6.26495 5.96483
threshold=24.150000000000002 156.25000000000003 59.500000000000007 58.500000000000007 9.5500000000000025 55.500000000000007 88.833333333333357
decision_type=8 10 2 2 8 2 10
left_child=1 5 3 4 -3 6 -1
right_child=-2 2 -4 -5 -6 -7 -8
leaf_value=-0.01949199428223879 0.0030248661660350665 0.0012532939419747505 -0.031660363210003782 0.084660266248498928 0.053779096227541824 0.0064445210679172932 -0.0019219728375513936
leaf_count=35944 21996 921 116 47 122 3327 4537
internal_value=0 -0.0832526 0.163814 0.268477 0.157828 -0.154382 -0.239917
internal_count=67010 45014 1206 1090 1043 43808 40481
shrinkage=0.05


Tree=76
num_leaves=8
num_cat=0
split_feature=4 6 4 0 3 6 4
split_gain=3.78756 3.19291 5.81225 3.34371 6.22672 6.80482 5.5117
threshold=110.25000000000001 8.75 152.83333333333334 44.500000000000007 87.833333333333357 6.1500000000000012 131.25000000000003
decision_type=10 10 10 2 10 10 10
left_child=-1 3 -3 4 5 -2 -6
right_child=1 2 -4 -5 6 -7 -8
leaf_value=-0.03284499320293336 -0.022328511909793115 -0.0061198154661000481 0.052508369189402174 0.0017215469879178363 0.062808324707526203 0.034491994856199019 -0.00072286453913100409
leaf_count=5651 23628 287 58 31772 337 780 4497
internal_value=0 0.00679856 0.441128 -0.00277876 -0.122168 -0.356936 0.0259182
internal_count=67010 61359 345 61014 29242 24408 4834
shrinkage=0.05


Tree=77
num_leaves=8
num_cat=0
split_feature=4 6 2 2 0 0 4
split_gain=3.56641 3.08134 2.98445 5.06633 3.13266 2.55158 3.73101
threshold=110.25000000000001 12.350000000000003 16.950000000000003 18.350000000000005 35.500000000000007 36.500000000000007 156.25000000000003
decision_type=10 10 8 8 2 2 10
left_child=-1 2 -2 -4 -5 6 -6
right_child=1 -3 3 4 5 -7 -8
leaf_value=-0.03233596847217516 0.045275253175408432 0.059375125160030441 -0.033245412160166299 -0.017450765649383009 -0.0042066326268403549 0.00079091461711390933 0.086152385095086687
leaf_count=5651 657 23 2380 6882 661 50736 20
internal_value=0 0.00657857 0.00317358 -0.00114259 0.00884427 0.0204422 0.779639
internal_count=67010 61359 61336 60679 58299 51417 681
shrinkage=0.05


Tree=78
num_leaves=8
num_cat=0
split_feature=2 6 4 5 3 0 4
split_gain=3.42409 4.03712 3.71454 4.36085 4.41212 4.3893 3.40794
threshold=20.850000000000005 5.5500000000000016 155.16666666666671 2.1865536723163843 89.250000000000014 59.500000000000007 127.25000000000001
decision_type=8 10 10 8 8 2 10
left_child=1 -1 3 4 5 6 -3
right_child=-2 2 -4 -5 -6 -7 -8
leaf_value=-0.020359007221686695 0.001123529201154577 -0.0018410477576245366 0.030110050405506655 -0.03830318771030386 -0.034080725351723552 -0.036877300256692454 0.042184936992789676
leaf_count=10961 48340 4144 163 1261 322 170 1649
internal_value=0 -0.193441 0.0356472 -0.122736 0.0825674 0.297976 0.486528
internal_count=67010 18670 7709 7546 6285 5963 5793
shrinkage=0.05


Tree=79
num_leaves=8
num_cat=0
split_feature=4 2 6 4 4 5 1
split_gain=3.31016 2.95862 5.24482 5.69199 4.74386 4.68257 4.48665
threshold=110.25000000000001 29.950000000000003 5.3500000000000005 150.83333333333334 164.33333333333334 3.6930926216640514 1.5000000000000002
decision_type=10 10 10 10 10 8 2
left_child=-1 -2 6 -4 -5 -6 -3
right_child=1 2 3 4 5 -7 -8
leaf_value=-0.031703650142699373 -0.00086978790283734472 0.041404777350600636 0.016144489268263808 -0.024403813477666667 -0.0038676327641342053 0.057560126625481337 -0.032718061667775099
leaf_count=5651 58689 504 1577 362 120 31 76
internal_value=0 0.00624212 0.169192 0.058484 -0.205872 0.197228 0.659647
internal_count=67010 61359 2670 2090 513 151 580
shrinkage=0.05


Tree=80
num_leaves=8
num_cat=0
split_feature=0 8 5 3 3 2 4
split_gain=3.33364 6.58893 5.96612 5.152 4.1128 3.72331 4.62551
threshold=41.500000000000007 1.0000000180025095e-35 2.1214168714168715 106.58333333333336 110.50000000000001 34.550000000000004 145.83333333333334
decision_type=2 2 8 10 8 10 10
left_child=1 3 -3 -1 -5 -2 -7
right_child=5 2 -4 4 -6 6 -8
leaf_value=-0.016964376947762434 0.00059822202132716088 0.080483115787268411 0.00063949886039771711 0.056172680269277242 -0.0047802084910638434 0.053825389235759392 0.0034429882675526425
leaf_count=22095 44131 100 290 53 73 142 126
internal_value=0 -0.170349 0.599389 -0.253517 0.386606 0.0248264 0.454366
internal_count=67010 22611 390 22221 126 44399 268
shrinkage=0.05


Tree=81
num_leaves=8
num_cat=0
split_feature=4 3 3 4 7 6 6
split_gain=3.08537 2.85956 5.3946 7.82948 3.41953 7.2921 4.0534
threshold=110.25000000000001 118.25000000000001 128.50000000000003 180.50000000000003 1.0000000180025095e-35 6.2500000000000009 7.1500000000000012
decision_type=10 10 10 10 2 8 10
left_child=-1 4 3 -3 6 -6 -2
right_child=1 2 -4 -5 5 -7 -8
leaf_value=-0.031099339650893384 -0.0016445443664107929 -0.026270559985639187 -0.030591515446219499 0.068281482093845325 0.085153612105146617 0.0074395145729598839 0.019140958155856286
leaf_count=5651 59534 26 20 45 91 1043 600
internal_value=0 0.00612916 0.479817 0.836614 -0.00173651 0.263959 -0.0187419
internal_count=67010 61359 91 71 61268 1134 60134
shrinkage=0.05


Tree=82
num_leaves=8
num_cat=0
split_feature=0 2 5 0 2 6 6
split_gain=2.98641 6.42391 5.12726 3.89348 3.31294 5.22726 5.82035
threshold=41.500000000000007 26.150000000000002 2.9196774193548389 31.500000000000004 33.750000000000007 6.0500000000000016 6.2500000000000009
decision_type=2 10 8 2 10 8 10
left_child=1 -1 3 -3 -2 -6 -7
right_child=4 2 -4 -5 5 6 -8
leaf_value=-0.020151276806017374 0.00049078127358662702 -0.028010533744123829 -0.015290284237591645 0.024481434559396206 -0.012200180158038129 0.078975807568228529 0.013987606329402449
leaf_count=19027 44028 439 1502 1643 137 76 158
internal_value=0 -0.161959 0.104224 0.35884 0.0236444 0.378726 0.699764
internal_count=67010 22611 3584 2082 44399 371 234
shrinkage=0.05


Tree=83
num_leaves=8
num_cat=0
split_feature=2 6 2 2 2 4 0
split_gain=2.87262 3.74143 3.58747 5.06512 4.20529 3.50767 3.21133
threshold=20.850000000000005 5.7500000000000009 17.250000000000004 18.650000000000002 19.350000000000005 144.83333333333334 50.500000000000007
decision_type=8 10 10 10 10 10 2
left_child=1 -1 -3 -4 -5 -6 -2
right_child=6 2 3 4 5 -7 -8
leaf_value=-0.015883614342198139 -0.0020383029356633516 0.070637702347505757 -0.041643583154864411 0.054384145859268498 -0.021698276442493461 0.024479318283606798 0.004795307413681016
leaf_count=14659 36500 281 855 742 1902 231 11840
internal_value=0 -0.178736 0.150709 0.0336941 0.270832 0.0031129 0.0206071
internal_count=67010 18670 4011 3730 2875 2133 48340
shrinkage=0.05


Tree=84
num_leaves=8
num_cat=0
split_feature=4 6 2 2 5 5 4
split_gain=2.83288 2.76582 2.74343 4.4284 2.86302 6.97657 16.9959
threshold=110.25000000000001 12.350000000000003 16.950000000000003 18.350000000000005 2.873863636363637 2.7698612862547294 152.16666666666671
decision_type=10 10 8 8 8 10 10
left_child=-1 2 -2 -4 5 -5 -7
right_child=1 -3 3 4 -6 6 -8
leaf_value=-0.030364994705365234 0.042847821176995655 0.055333534185231341 -0.032083539010240587 0.00088129102435816899 -0.0049521658853625165 -0.0058745175456956251 0.072558357335226531
leaf_count=5651 657 23 2380 44300 12343 1503 153
internal_value=0 0.00593586 0.00265635 -0.00153551 0.00752159 0.0431323 0.527599
internal_count=67010 61359 61336 60679 58299 45956 1656
shrinkage=0.05


Tree=85
num_leaves=8
num_cat=0
split_feature=2 4 5 0 0 6 0
split_gain=2.7184 4.85722 6.06702 6.15967 7.27433 6.41112 5.90911
threshold=24.150000000000002 156.25000000000003 3.6526175687666376 59.500000000000007 58.500000000000007 8.9500000000000011 61.500000000000007
decision_type=10 10 10 2 2 8 2
left_child=1 6 3 4 5 -3 -1
right_child=-2 2 -4 -5 -6 -7 -8
leaf_value=-0.008340499157386827 0.0025490085731284277 -0.0016944077897321675 0.066671750347026312 -0.036111933287510757 0.06800670177789897 0.046331699460850757 0.028849888439466044
leaf_count=43674 21624 899 39 110 46 119 499
internal_value=0 -0.0688549 0.1539 0.0846752 0.18757 0.0907242 -0.134755
internal_count=67010 45386 1213 1174 1064 1018 44173
shrinkage=0.05


Tree=86
num_leaves=8
num_cat=0
split_feature=4 4 2 3 3 5 0
split_gain=2.63353 2.61562 6.06021 3.22955 6.44455 7.48302 7.82522
threshold=110.25000000000001 113.16666666666667 19.750000000000004 73.833333333333357 74.250000000000014 2.4223787167449138 55.500000000000007
decision_type=10 10 8 10 10 8 2
left_child=-1 2 -2 -3 5 6 -5
right_child=1 3 -4 4 -6 -7 -8
leaf_value=-0.02973272770728512 0.09431871562980769 -0.015328315992065664 -0.0064505968648963831 0.10256809200425443 0.00021497272288137438 -0.021566119886478941 -0.026783778605246146
leaf_count=5651 897 13882 1808 1253 42849 597 73
internal_value=0 0.0058841 0.663426 0.000695079 0.0144747 0.88261 1.49824
internal_count=67010 61359 2705 58654 44772 1923 1326
shrinkage=0.05


Tree=87
num_leaves=8
num_cat=0
split_feature=0 8 0 5 3 3 2
split_gain=2.58542 5.7861 5.52125 5.19067 4.45487 3.72838 3.1151
threshold=41.500000000000007 1.0000000180025095e-35 39.500000000000007 2.1214168714168715 106.58333333333336 110.50000000000001 26.850000000000005
decision_type=2 2 2 8 10 8 10
left_child=1 4 -3 -4 6 -6 -1
right_child=-2 2 3 -5 5 -7 -8
leaf_value=-0.023328354944558222 0.0011131010031764992 -0.025923872741819339 0.098630446980488479 0.011874078752974814 0.05207851425916378 -0.0052307618714884756 -0.0025312454345858167
leaf_count=19476 44399 154 65 171 53 73 2619
internal_value=0 -0.151416 0.561138 1.01067 -0.232277 0.356141 -0.315327
internal_count=67010 22611 390 236 22221 126 22095
shrinkage=0.05


Tree=88
num_leaves=8
num_cat=0
split_feature=6 3 3 4 5 0 0
split_gain=2.55122 2.57498 4.84359 6.80879 3.33234 2.90264 8.75558
threshold=12.350000000000003 118.25000000000001 128.50000000000003 180.50000000000003 2.3801408450704229 58.500000000000007 59.500000000000007
decision_type=10 10 8 10 10 2 2
left_child=1 5 3 -3 -5 -1 -7
right_child=-2 2 -4 4 -6 6 -8
leaf_value=-0.0016379589589703336 0.052211384263259213 -0.025690766874054829 -0.03003009612805721 0.011459295990041318 0.086136510917153311 0.027712027119501895 -0.0044302970292170131
leaf_count=64359 23 26 20 20 25 813 1724
internal_value=0 -0.00283023 0.442983 0.772339 1.24612 -0.0103037 0.159528
internal_count=67010 66987 91 71 45 66896 2537
shrinkage=0.05


Tree=89
num_leaves=8
num_cat=0
split_feature=7 6 3 3 4 0 0
split_gain=2.47269 6.48974 4.24437 4.11391 7.29019 5.79079 11.8038
threshold=1.0000000180025095e-35 6.2500000000000009 94.166666666666671 94.583333333333357 167.25000000000003 58.500000000000007 59.500000000000007
decision_type=2 8 8 10 10 2 2
left_child=3 -2 -3 4 5 -1 -7
right_child=1 2 -4 -5 -6 6 -8
leaf_value=-0.0066779833675057066 0.076940949004714529 0.015356309673921823 -0.018523297046527581 0.0041513297126125424 0.041088257650315034 0.037182693230010749 -0.0085315570676940608
leaf_count=59085 96 935 136 4516 139 673 1430
internal_value=0 0.223336 0.114951 -0.013909 -0.0722131 -0.0899777 0.20623
internal_count=67010 1167 1071 65843 61327 61188 2103
shrinkage=0.05


Tree=90
num_leaves=8
num_cat=0
split_feature=4 4 2 2 5 6 5
split_gain=2.41242 2.51284 5.31773 2.93438 4.8103 2.52002 2.68738
threshold=110.25000000000001 113.16666666666667 19.750000000000004 18.450000000000003 0.93364779874213844 12.350000000000003 2.873863636363637
decision_type=10 10 8 8 8 10 8
left_child=-1 2 -2 4 -3 6 -5
right_child=1 3 -4 5 -6 -7 -8
leaf_value=-0.028970012016509079 0.08753020663381629 0.039693505759390797 -0.0058623658341156694 0.002036936722657218 -0.034713444835375661 0.052485572766054645 -0.0048793698943701749
leaf_count=5651 897 337 1808 43619 2617 22 12059
internal_value=0 0.00591595 0.647256 0.000800806 -0.45142 0.00931439 0.00606799
internal_count=67010 61359 2705 58654 2954 55700 55678
shrinkage=0.05


Tree=91
num_leaves=8
num_cat=0
split_feature=2 0 3 2 5 0 2
split_gain=2.34875 4.07272 7.50388 6.82712 5.92331 5.80653 5.46747
threshold=24.150000000000002 57.500000000000007 87.833333333333357 17.250000000000004 1.4268977802137572 59.500000000000007 20.450000000000003
decision_type=8 2 10 10 8 2 10
left_child=1 2 3 4 -1 -3 -4
right_child=-2 5 6 -5 -6 -7 -8
leaf_value=0.10124135198763236 0.0023690357250533752 0.023365956206558 -0.022004348084077335 -0.01801014008320391 -0.025161260097529049 -0.0076726582865982206 0.0048855607879137834
leaf_count=711 21996 1108 1307 35006 523 1124 5235
internal_value=0 -0.0643469 -0.117338 -0.318799 1.107 0.171998 0.0231287
internal_count=67010 45014 42782 36240 1234 2232 6542
shrinkage=0.05


Tree=92
num_leaves=8
num_cat=0
split_feature=6 5 5 2 2 6 6
split_gain=2.25055 5.52848 6.25368 2.99597 3.86181 2.93951 5.10541
threshold=8.75 2.5174442190669377 3.2247448979591842 26.650000000000002 30.650000000000002 7.7500000000000009 7.2500000000000009
decision_type=10 10 8 10 10 10 10
left_child=5 -2 3 -3 -5 6 -1
right_child=1 2 -4 4 -6 -7 -8
leaf_value=-0.00058104792662580691 -0.013912940346236394 0.12037773785396151 -0.0013728245121232014 -0.029041752352467833 0.063327530643346661 -0.02136828024221488 0.025918380783341795
leaf_count=65834 163 48 96 27 20 372 450
internal_value=0 0.357051 0.838344 1.54847 0.613357 -0.0075529 0.00171105
internal_count=67010 354 191 95 47 66656 66284
shrinkage=0.05


Tree=93
num_leaves=8
num_cat=0
split_feature=4 4 2 3 3 5 0
split_gain=2.22659 2.3903 4.62497 2.71076 5.879 6.43669 6.79779
threshold=110.25000000000001 113.16666666666667 19.750000000000004 73.833333333333357 74.250000000000014 2.4223787167449138 55.500000000000007
decision_type=10 10 8 10 10 8 2
left_child=-1 2 -2 -3 5 6 -5
right_child=1 3 -4 4 -6 -7 -8
leaf_value=-0.028276737198780783 0.080862065592874011 -0.014259380730327129 -0.0053022879487912081 0.092817583336676432 0.00017000683213320604 -0.020876025387285099 -0.026601096656230575
leaf_count=5651 897 13882 1808 1253 42849 597 73
internal_value=0 0.00583291 0.627576 0.000812444 0.0132533 0.830948 1.37157
internal_count=67010 61359 2705 58654 44772 1923 1326
shrinkage=0.05


Tree=94
num_leaves=8
num_cat=0
split_feature=3 3 4 5 0 4 2
split_gain=2.21602 4.36778 6.03874 2.85585 2.7437 3.06561 3.19538
threshold=118.25000000000001 128.50000000000003 180.50000000000003 2.4846117424242427 38.500000000000007 190.50000000000003 30.750000000000004
decision_type=10 10 10 10 2 8 10
left_child=4 2 -2 -4 -1 6 -6
right_child=1 -3 3 -5 5 -7 -8
leaf_value=-0.013536398627104963 -0.025237211755425887 -0.029409562165497873 0.014532102923850871 0.081917458419633118 -0.00045216211142772109 -0.038212686689787306 0.010756903830309144
leaf_count=12373 26 20 23 22 52964 46 1536
internal_value=0 0.411703 0.717516 1.14975 -0.00620815 0.00743184 0.0129043
internal_count=67010 91 71 45 66919 54546 54500
shrinkage=0.05


Tree=95
num_leaves=8
num_cat=0
split_feature=8 4 5 2 4 0 2
split_gain=2.12476 5.2612 7.32849 8.46209 6.44282 4.6015 4.55907
threshold=1.0000000180025095e-35 144.16666666666671 2.3504385964912289 26.950000000000003 130.25000000000003 58.500000000000007 30.450000000000003
decision_type=2 8 8 10 8 2 10
left_child=-1 2 5 -4 -5 -2 -6
right_child=1 -3 3 4 6 -7 -8
leaf_value=-0.00096250461483651816 0.044586715182968119 -0.0039935461123700852 -0.026607681627594738 0.11084061144229516 0.036587185830214905 -0.021631358983612486 -0.037554889074049844
leaf_count=63650 1231 860 882 85 146 98 58
internal_value=0 0.138481 0.383474 -0.0473771 0.704642 0.749462 0.204826
internal_count=67010 3360 2500 1171 289 1329 204
shrinkage=0.05


Tree=96
num_leaves=8
num_cat=0
split_feature=4 4 2 2 3 4 6
split_gain=2.11639 4.62226 4.50585 4.10378 5.57347 3.93981 3.20214
threshold=178.33333333333334 182.50000000000003 31.550000000000004 20.950000000000003 123.50000000000001 174.25000000000003 5.7500000000000009
decision_type=10 10 8 10 10 8 8
left_child=5 6 3 -3 -5 -1 -2
right_child=1 2 -4 4 -6 -7 -8
leaf_value=-4.3917330406994875e-05 0.0025914266063477042 0.047607379217077778 0.040476937851205153 -0.039063030499593719 0.022673017580643148 -0.028101465361885215 0.054210117913370583
leaf_count=66587 45 22 24 91 30 153 58
internal_value=0 0.242799 -0.0432241 -0.268595 -0.432943 -0.0105583 0.70795
internal_count=67010 270 167 143 121 66740 103
shrinkage=0.05


Tree=97
num_leaves=8
num_cat=0
split_feature=0 2 5 6 2 3 2
split_gain=2.08792 5.01136 4.21507 3.33768 4.07203 5.29653 3.65666
threshold=41.500000000000007 26.150000000000002 2.9196774193548389 5.6500000000000012 27.850000000000005 86.833333333333357 26.750000000000004
decision_type=2 10 8 8 10 10 10
left_child=1 -1 3 -3 5 -5 -7
right_child=-2 2 -4 4 -6 6 -8
leaf_value=-0.018062017939859731 0.0010220413202419098 -0.0073191816860208149 -0.014331878529792598 -0.012155971051365878 0.011292394566121515 0.0096942229089691766 0.11206149760413907
leaf_count=19027 44399 875 1502 365 696 58 88
internal_value=0 -0.136952 0.0935396 0.318214 0.545731 1.19518 1.70453
internal_count=67010 22611 3584 2082 1207 511 146
shrinkage=0.05


Tree=98
num_leaves=8
num_cat=0
split_feature=4 2 2 5 2 6 5
split_gain=2.05255 2.33618 3.90612 2.25642 2.22787 2.18094 2.36774
threshold=110.25000000000001 16.950000000000003 18.350000000000005 1.4268977802137572 23.250000000000004 12.350000000000003 2.873863636363637
decision_type=10 8 8 8 10 10 8
left_child=4 3 -3 -2 -1 6 -4
right_child=1 2 5 -5 -6 -7 -8
leaf_value=-0.041167566772758596 0.066666126416890417 -0.030895485187370921 0.0019558804965927497 -0.0081158924399447642 0.023297806525786773 0.048023008226434918 -0.0045325005698836239
leaf_count=4959 377 2380 45956 281 692 22 12343
internal_value=0 0.00566762 0.00171113 0.777216 -0.551544 0.00996209 0.00690887
internal_count=67010 61359 60701 658 5651 58321 58299
shrinkage=0.05


Tree=99
num_leaves=8
num_cat=0
split_feature=5 3 2 6 0 2 4
split_gain=2.05115 4.57603 9.04892 5.20995 6.72963 5.57862 4.47139
threshold=1.9603921568627451 88.833333333333357 28.950000000000003 5.4500000000000011 55.500000000000007 42.95000000000001 143.25000000000003
decision_type=10 10 10 10 2 8 10
left_child=-1 2 -2 4 -3 -5 -4
right_child=1 3 6 5 -6 -7 -8
leaf_value=-0.003407671832330865 -0.0097052109177996684 0.0099585705985755224 0.035933384961491087 0.00041938514919114331 0.04936197883637182 0.071653911810653809 -0.0030993363546949564
leaf_count=33293 23653 2741 1418 5220 237 28 420
internal_value=0 0.039343 -0.0910473 0.109957 0.302885 0.0260027 0.406991
internal_count=67010 33717 25491 8226 2978 5248 1838
shrinkage=0.05


end of trees

feature importances:
H25_age=166
H25_bmi=140
H25_sbp=121
H25_dbp=109
H25_lhrate=66
H25_a1c=55
H25_dl=33
H25_dm=6
H25_sex=4

parameters:
[boosting: gbdt]
[objective: binary]
[metric: binary]
[tree_learner: serial]
[device_type: cpu]
[data: ]
[valid: ]
[num_iterations: 100]
[learning_rate: 0.05]
[num_leaves: 8]
[num_threads: 0]
[max_depth: -1]
[min_data_in_leaf: 20]
[min_sum_hessian_in_leaf: 1]
[bagging_fraction: 0.4]
[bagging_freq: 0]
[bagging_seed: 3]
[feature_fraction: 1]
[feature_fraction_seed: 2]
[early_stopping_round: 0]
[max_delta_step: 0]
[lambda_l1: 0]
[lambda_l2: 1]
[min_gain_to_split: 0]
[drop_rate: 0.1]
[max_drop: 50]
[skip_drop: 0.5]
[xgboost_dart_mode: 0]
[uniform_drop: 0]
[drop_seed: 4]
[top_rate: 0.2]
[other_rate: 0.1]
[min_data_per_group: 100]
[max_cat_threshold: 32]
[cat_l2: 10]
[cat_smooth: 10]
[max_cat_to_onehot: 4]
[top_k: 20]
[monotone_constraints: ]
[feature_contri: ]
[forcedsplits_filename: ]
[refit_decay_rate: 0.9]
[verbosity: 0]
[max_bin: 255]
[min_data_in_bin: 3]
[bin_construct_sample_cnt: 200000]
[histogram_pool_size: -1]
[data_random_seed: 1]
[output_model: LightGBM_model.txt]
[snapshot_freq: -1]
[input_model: ]
[output_result: LightGBM_predict_result.txt]
[initscore_filename: ]
[valid_data_initscores: ]
[pre_partition: 0]
[enable_bundle: 1]
[max_conflict_rate: 0]
[is_enable_sparse: 1]
[sparse_threshold: 0.8]
[use_missing: 1]
[zero_as_missing: 0]
[two_round: 0]
[save_binary: 0]
[enable_load_from_binary_file: 1]
[header: 0]
[label_column: ]
[weight_column: ]
[group_column: ]
[ignore_column: ]
[categorical_feature: ]
[predict_raw_score: 0]
[predict_leaf_index: 0]
[predict_contrib: 0]
[num_iteration_predict: -1]
[pred_early_stop: 0]
[pred_early_stop_freq: 10]
[pred_early_stop_margin: 10]
[convert_model_language: ]
[convert_model: gbdt_prediction.cpp]
[num_class: 1]
[is_unbalance: 0]
[scale_pos_weight: 1]
[sigmoid: 1]
[boost_from_average: 1]
[reg_sqrt: 0]
[alpha: 0.9]
[fair_c: 1]
[poisson_max_delta_step: 0.7]
[tweedie_variance_power: 1.5]
[max_position: 20]
[label_gain: ]
[metric_freq: 1]
[is_provide_training_metric: 0]
[eval_at: ]
[num_machines: 1]
[local_listen_port: 12400]
[time_out: 120]
[machine_list_filename: ]
[machines: ]
[gpu_platform_id: -1]
[gpu_device_id: -1]
[gpu_use_dp: 0]

end of parameters

pandas_categorical:[]
