tree
version=v2
num_class=1
num_tree_per_iteration=1
label_index=0
max_feature_idx=8
objective=binary sigmoid:1
feature_names=H25_age H25_sex H25_bmi H25_dbp H25_sbp H25_lhrate H25_a1c H25_dm H25_dl
feature_infos=[18:74] [1:2] [0:65.599999999999994] [5:150] [10:238] [0.24468085106382975:8.2058823529411757] [3:15] [0:1] [0:1]
tree_sizes=720 729 727 725 734 727 734 734 733 734 735 734 732 735 739 743 737 744 743 741 748 741 735 744 745 740 745 735 745 745 746 745 741 742 743 742 736 740 741 734 747 743 737 736 739 742 740 736 741 739 740 747 742 747 737 744 739 733 745 738 742 741 744 734 743 748 732 736 738 730 729 742 727 743 746 737 725 722 734 742 732 727 739 725 742 739 737 725 736 741 727 727 735 727 731 738 732 723 743 732

Tree=0
num_leaves=8
num_cat=0
split_feature=3 3 4 6 0 4 0
split_gain=1519.89 282.193 204.542 121.294 68.0812 62.7192 59.7664
threshold=94.583333333333357 105.83333333333336 140.83333333333334 6.6500000000000012 48.500000000000007 147.83333333333334 50.500000000000007
decision_type=8 10 10 10 2 8 2
left_child=2 5 4 6 -1 -2 -4
right_child=1 -3 3 -5 -6 -7 -8
leaf_value=-4.4377035653729751 -4.2975061532115744 -3.8923588046533717 -4.3951204251227907 -4.1846909680619522 -4.4003461643618875 -4.1631700956334994 -4.3225135678320727
leaf_count=36584 1228 712 7758 679 14043 2704 3302
internal_value=0 4.98479 -0.377327 0.703551 -0.628696 3.87426 0.457467
internal_count=67010 4644 62366 11739 50627 3932 11060
shrinkage=1


Tree=1
num_leaves=8
num_cat=0
split_feature=3 4 4 7 0 0 4
split_gain=1095.17 187.653 110 94.9008 66.4184 57.6243 47.1579
threshold=94.583333333333357 140.83333333333334 153.83333333333334 1.0000000180025095e-35 48.500000000000007 58.500000000000007 155.83333333333334
decision_type=8 10 10 2 2 2 10
left_child=1 4 -2 5 -1 6 -3
right_child=2 3 -4 -5 -6 -7 -8
leaf_value=-0.041380468112840622 0.11171008298179673 0.0059298178287836506 0.24248556195625484 0.22898908635231274 -0.0042144275629859129 0.1399005573817291 0.11261284718594458
leaf_count=36584 2245 9884 2399 343 14043 685 827
internal_value=0 -0.365566 3.7205 0.646101 -0.616449 0.478301 0.301045
internal_count=67010 62366 4644 11739 50627 11396 10711
shrinkage=0.05


Tree=2
num_leaves=8
num_cat=0
split_feature=3 0 4 4 2 4 3
split_gain=870.848 136.043 118.794 92.201 57.0321 35.7821 34.4136
threshold=92.833333333333357 49.500000000000007 155.16666666666671 146.83333333333334 34.050000000000004 127.25000000000001 104.83333333333336
decision_type=8 2 10 10 10 10 10
left_child=1 4 -2 5 -1 -3 -4
right_child=2 3 6 -5 -6 -7 -8
leaf_value=-0.036361893377655857 0.08207994227968074 -0.025244056625793262 0.14624607222169828 0.10703480673363204 0.1296172784926598 0.021463470451470706 0.24850428810940889
leaf_count=44393 4550 5867 1664 1646 351 7818 721
internal_value=0 -0.424293 2.55033 0.29886 -0.694154 0.0349786 3.74987
internal_count=67010 60075 6935 15331 44744 13685 2385
shrinkage=0.05


Tree=3
num_leaves=8
num_cat=0
split_feature=4 3 3 6 0 2 8
split_gain=719.912 129.713 113.069 63.0721 59.6347 45.5074 32.3069
threshold=147.83333333333334 88.833333333333357 97.833333333333357 6.4500000000000011 57.500000000000007 24.650000000000002 1.0000000180025095e-35
decision_type=8 10 8 10 2 8 2
left_child=1 4 3 -2 -1 -4 -3
right_child=2 6 5 -5 -6 -7 -8
leaf_value=-0.033932142310128185 0.045990036259527245 0.02378868847236967 0.10245849289108185 0.18274419617667703 0.040369969685036311 0.19837739911348429 0.12909459257821285
leaf_count=49772 4803 6692 1154 501 2230 1324 534
internal_value=0 -0.430983 2.07725 1.26952 -0.606672 3.1283 0.662213
internal_count=67010 59228 7782 5304 52002 2478 7226
shrinkage=0.05


Tree=4
num_leaves=8
num_cat=0
split_feature=4 3 3 7 2 0 3
split_gain=601.004 120.853 74.697 55.2457 51.6676 40.3543 36.6675
threshold=147.83333333333334 83.833333333333357 98.250000000000014 1.0000000180025095e-35 27.650000000000002 57.500000000000007 92.833333333333357
decision_type=8 10 10 2 8 2 10
left_child=1 5 3 -2 6 -1 -3
right_child=2 4 -4 -5 -6 -7 -8
leaf_value=-0.038030911491819558 0.048221638038607871 -0.010545469406358874 0.13133308365637245 0.21418310593366227 0.072464522606514023 0.030630118314986146 0.048022448936696632
leaf_count=41514 5329 11517 2254 199 2305 1717 2175
internal_value=0 -0.418488 1.78775 1.1774 0.24335 -0.695056 0.0235529
internal_count=67010 59228 7782 5528 15997 43231 13692
shrinkage=0.05


Tree=5
num_leaves=8
num_cat=0
split_feature=3 0 4 4 2 5 6
split_gain=518.224 104.565 60.7028 52.8391 43.4492 29.7673 25.6763
threshold=90.833333333333357 49.500000000000007 155.16666666666671 142.83333333333334 34.050000000000004 3.6526175687666376 6.4500000000000011
decision_type=8 2 10 10 10 8 8
left_child=1 4 -2 -3 -1 6 -4
right_child=2 3 5 -5 -6 -7 -8
leaf_value=-0.036858936188983026 0.048283332383932703 -0.0036841034255996052 0.075311898351675219 0.063804080152559076 0.10652914577183228 0.20659486259019222 0.15128472829162468
leaf_count=42759 7069 11973 1846 2297 314 218 534
internal_value=0 -0.447877 1.43945 0.20808 -0.704124 2.13678 1.88909
internal_count=67010 57343 9667 14270 43073 2598 2380
shrinkage=0.05


Tree=6
num_leaves=8
num_cat=0
split_feature=3 0 3 7 2 6 4
split_gain=447.358 98.9607 49.9593 47.2975 41.8138 39.0353 37.5953
threshold=90.833333333333357 49.500000000000007 98.250000000000014 1.0000000180025095e-35 29.550000000000004 6.3500000000000005 126.25000000000001
decision_type=8 2 8 2 10 10 10
left_child=1 4 5 6 -1 -2 -3
right_child=2 3 -4 -5 -6 -7 -8
leaf_value=-0.038026625360298244 0.030902787543140499 -0.027451217529833056 0.092886082070713361 0.13097639005166556 0.036106631857392817 0.11968914033060252 0.021542925651623634
leaf_count=41438 6290 5365 2752 441 1635 625 8464
internal_value=0 -0.435293 1.2793 0.195631 -0.692997 0.840509 0.084899
internal_count=67010 57343 9667 14270 43073 6915 13829
shrinkage=0.05


Tree=7
num_leaves=8
num_cat=0
split_feature=4 4 0 2 3 4 0
split_gain=396.394 70.9238 69.3195 43.9904 35.8089 24.5598 22.2596
threshold=142.83333333333334 155.16666666666671 48.500000000000007 23.950000000000003 94.833333333333357 178.33333333333334 49.500000000000007
decision_type=8 8 2 10 10 10 2
left_child=2 4 -1 -4 6 -3 -2
right_child=1 5 3 -5 -6 -7 -8
leaf_value=-0.036746406831293439 -0.0038469439793782628 0.073178980514706546 -0.016044881937468256 0.036553991846725302 0.067397669913932284 0.15309157777656054 0.039982868812116795
leaf_count=38410 5424 2877 10484 4745 1847 265 2958
internal_value=0 1.00824 -0.488412 0.0232277 0.594227 1.6737 0.298526
internal_count=67010 13371 53639 15229 10229 3142 8382
shrinkage=0.05


Tree=8
num_leaves=8
num_cat=0
split_feature=3 0 4 8 2 6 2
split_gain=357.251 61.7949 60.1254 34.6984 27.6011 24.8496 24.0262
threshold=86.583333333333357 49.500000000000007 147.83333333333334 1.0000000180025095e-35 29.250000000000004 6.4500000000000011 24.950000000000003
decision_type=8 2 8 2 8 10 8
left_child=1 -1 3 -2 5 -3 -4
right_child=2 4 6 -5 -6 -7 -8
leaf_value=-0.037699604122262538 0.0092064488093427498 -0.010037131857641166 0.041814350303224126 0.0963946970861492 0.1012804290239971 0.06497788992938823 0.080203577502288237
leaf_count=38485 9709 10603 3330 757 396 770 2960
internal_value=0 -0.531297 0.833958 0.34193 0.0248928 -0.0706988 1.22926
internal_count=67010 50254 16756 10466 11769 11373 6290
shrinkage=0.05


Tree=9
num_leaves=8
num_cat=0
split_feature=3 0 4 8 4 0 4
split_gain=318.289 59.5161 48.7888 26.7592 25.987 24.8011 21.3717
threshold=86.583333333333357 49.500000000000007 149.25000000000003 1.0000000180025095e-35 146.83333333333334 44.500000000000007 178.33333333333334
decision_type=8 2 8 2 10 2 8
left_child=1 -1 3 -2 -3 -4 -7
right_child=2 4 5 -5 -6 6 -8
leaf_value=-0.037201894455859114 0.012743813775499725 -0.0059409533234407678 0.026564210364737773 0.080094136435556129 0.064043542249259081 0.063086870750425059 0.14028884315130197
leaf_count=38485 10993 11071 1492 880 698 3190 201
internal_value=0 -0.518445 0.761655 0.386642 0.0243219 1.16743 1.42677
internal_count=67010 50254 16756 11873 11769 4883 3391
shrinkage=0.05


Tree=10
num_leaves=8
num_cat=0
split_feature=3 4 0 2 0 4 0
split_gain=288.327 54.7817 49.7897 35.4165 24.2934 20.7405 19.6798
threshold=84.833333333333357 147.83333333333334 57.500000000000007 28.550000000000004 47.500000000000007 126.25000000000001 49.500000000000007
decision_type=8 8 2 8 2 10 2
left_child=2 3 6 4 -2 -4 -1
right_child=1 -3 5 -5 -6 -7 -8
leaf_value=-0.03924971666871669 -0.017406660646613881 0.049460117286088318 -0.016896783501006762 0.068902606482343698 0.021368916587778102 0.069815323687280093 -0.01314455192535021
leaf_count=35594 6775 6771 906 1506 5960 1058 8440
internal_value=0 0.625745 -0.570352 0.22864 0.0602676 0.717314 -0.659898
internal_count=67010 21012 45998 14241 12735 1964 44034
shrinkage=0.05


Tree=11
num_leaves=8
num_cat=0
split_feature=4 0 0 2 4 3 2
split_gain=260.464 54.4691 40.1285 36.3709 27.8041 24.4125 22.9721
threshold=140.83333333333334 48.500000000000007 44.500000000000007 23.950000000000003 152.25000000000003 98.833333333333357 28.550000000000004
decision_type=8 2 2 10 8 10 10
left_child=1 -1 5 -3 -4 6 -2
right_child=2 3 4 -5 -6 -7 -8
leaf_value=-0.036549448876414245 -0.025178997520536751 -0.017508228216391877 0.028557925087700744 0.03208394275200472 0.063714402708487425 0.04230311493252948 0.040810891421948464
leaf_count=36845 4146 9924 7219 4336 2858 763 919
internal_value=0 -0.484198 0.668212 -0.0180753 0.89882 0.14667 -0.187334
internal_count=67010 51105 15905 14260 10077 5828 5065
shrinkage=0.05


Tree=12
num_leaves=8
num_cat=0
split_feature=3 3 0 2 0 0 0
split_gain=241.087 46.0623 45.3557 44.5187 22.9041 17.7533 17.3917
threshold=83.833333333333357 92.833333333333357 57.500000000000007 27.850000000000005 46.500000000000007 49.500000000000007 53.500000000000007
decision_type=8 8 2 8 2 2 2
left_child=2 3 5 4 -2 -1 -5
right_child=1 -3 -4 6 -6 -7 -8
leaf_value=-0.039767351680453034 -0.02396580481830049 0.041855758254087924 0.033754924082252571 0.042774690962612785 0.013279481309224357 -0.013804267987391712 0.1418471177897144
leaf_count=34338 6839 6935 1833 1931 6987 7919 228
internal_value=0 0.517503 -0.576031 0.173448 -0.0379071 -0.668641 1.2068
internal_count=67010 22920 44090 15985 13826 42257 2159
shrinkage=0.05


Tree=13
num_leaves=8
num_cat=0
split_feature=3 0 2 3 4 4 7
split_gain=218.732 42.9015 39.4275 32.3839 24.2313 19.9077 17.8914
threshold=83.833333333333357 49.500000000000007 25.150000000000002 90.833333333333357 178.83333333333334 153.83333333333334 1.0000000180025095e-35
decision_type=8 2 8 10 10 10 2
left_child=1 -1 3 -2 6 -3 -4
right_child=2 5 4 -5 -6 -7 -8
leaf_value=-0.039328585540116569 -0.010743043495979085 -0.0060865151764386361 0.032013229108139495 0.026036228903520905 0.11696907597640101 0.12011679935566462 0.093768308107428672
leaf_count=34338 8922 9665 7874 5602 132 87 390
internal_value=0 -0.5635 0.479974 0.215217 0.827637 -0.0526077 0.735178
internal_count=67010 44090 22920 14524 8396 9752 8264
shrinkage=0.05


Tree=14
num_leaves=8
num_cat=0
split_feature=3 0 3 2 0 4 0
split_gain=198.699 41.6401 34.0256 34.5145 20.7768 18.1387 19.276
threshold=83.833333333333357 49.500000000000007 92.833333333333357 27.850000000000005 46.500000000000007 127.25000000000001 57.500000000000007
decision_type=8 2 8 8 2 10 2
left_child=1 -1 3 4 -2 -3 -7
right_child=2 5 -4 -5 -6 6 -8
leaf_value=-0.038878518532186337 -0.02348285685033473 -0.022527806338148146 0.035410678437796536 0.050666580359222106 0.012042451042152852 -0.00097838093186785268 0.062350046825320304
leaf_count=34338 6839 5399 6935 2159 6987 3447 906
internal_value=0 -0.550786 0.446239 0.149945 -0.0423651 -0.0493142 0.339815
internal_count=67010 44090 22920 15985 13826 9752 4353
shrinkage=0.05


Tree=15
num_leaves=8
num_cat=0
split_feature=3 0 2 3 8 0 4
split_gain=180.594 40.2942 31.3982 22.2637 28.1291 25.4458 17.0246
threshold=83.833333333333357 49.500000000000007 23.250000000000004 97.833333333333357 1.0000000180025095e-35 46.500000000000007 146.83333333333334
decision_type=8 2 8 10 2 2 10
left_child=1 -1 -2 4 5 -4 -3
right_child=2 6 3 -5 -6 -7 -8
leaf_value=-0.03841715640901594 0.0025190325246778008 -0.0083751688795063017 -0.0092591615533959351 0.049133666615072291 0.070539056326098998 0.029819344003675793 0.058427422690360775
leaf_count=34338 9284 9342 5437 2083 1096 5020 410
internal_value=0 -0.53817 0.415036 0.607066 0.401817 0.254566 -0.0470117
internal_count=67010 44090 22920 13636 11553 10457 9752
shrinkage=0.05


Tree=16
num_leaves=8
num_cat=0
split_feature=3 4 8 0 0 2 0
split_gain=165.122 40.9147 31.3385 21.0266 19.7355 18.63 18.5285
threshold=80.833333333333357 141.16666666666671 1.0000000180025095e-35 57.500000000000007 54.500000000000007 26.750000000000004 42.500000000000007
decision_type=8 8 2 2 2 8 2
left_child=3 2 4 -1 -2 -4 -3
right_child=1 6 5 -5 -6 -7 -8
leaf_value=-0.034483585897807645 -0.017370380253563338 0.0041231370164198098 0.018266711312518648 0.016537434956997579 0.029679491912238561 0.13036859406204029 0.032709420213810868
leaf_count=35949 13572 3448 759 1458 1825 313 9686
internal_value=0 0.331399 -0.0606343 -0.613261 -0.193552 1.26496 0.533316
internal_count=67010 29603 16469 37407 15397 1072 13134
shrinkage=0.05


Tree=17
num_leaves=8
num_cat=0
split_feature=3 2 4 0 0 3 8
split_gain=151.446 35.8956 22.8037 22.1098 20.3035 18.161 19.2467
threshold=80.833333333333357 23.350000000000005 140.83333333333334 50.500000000000007 49.500000000000007 98.833333333333357 1.0000000180025095e-35
decision_type=8 8 10 2 2 10 2
left_child=4 2 -2 5 -1 6 -3
right_child=1 3 -4 -5 -6 -7 -8
leaf_value=-0.039001191442960902 -0.023239992565865727 -0.0014069656807495345 0.011924503055602026 0.042387727509340445 -0.0096332728112870775 0.036712876662355252 0.055467448271483366
leaf_count=29666 7754 9669 5329 4761 7741 1261 829
internal_value=0 0.310113 -0.0332036 0.509449 -0.601002 0.310107 0.10566
internal_count=67010 29603 13083 16520 37407 11759 10498
shrinkage=0.05


Tree=18
num_leaves=8
num_cat=0
split_feature=3 4 8 0 0 4 0
split_gain=138.952 31.793 25.4461 19.8511 17.1347 14.8018 16.5659
threshold=80.833333333333357 141.16666666666671 1.0000000180025095e-35 49.500000000000007 54.500000000000007 178.33333333333334 34.500000000000007
decision_type=8 8 2 2 2 10 2
left_child=3 2 4 -1 -2 6 -3
right_child=1 5 -4 -5 -6 -7 -8
leaf_value=-0.038546246626003304 -0.016633822264191956 -0.035771782195903261 0.054151664472964191 -0.0092448564883918123 0.026587883741580772 0.063970128164598447 0.022603196425598271
leaf_count=29666 13572 663 1072 7741 1825 265 12206
internal_value=0 0.29039 -0.0583899 -0.588686 -0.18406 0.461703 0.409152
internal_count=67010 29603 16469 37407 15397 13134 12869
shrinkage=0.05


Tree=19
num_leaves=8
num_cat=0
split_feature=3 2 0 4 0 3 2
split_gain=127.544 30.2137 19.6559 19.192 17.2395 14.1945 17.1262
threshold=80.833333333333357 23.350000000000005 57.500000000000007 140.83333333333334 50.500000000000007 98.833333333333357 32.95000000000001
decision_type=8 8 2 10 2 10 10
left_child=2 3 -1 -2 5 6 -3
right_child=1 4 -4 -5 -6 -7 -8
leaf_value=-0.032859225091175719 -0.022450018320465948 -0.00038588073923988319 0.016685085634463796 0.009901692137030375 0.036924711632119606 0.031864053211474931 0.063742041014115569
leaf_count=35949 7754 10039 1458 5329 4761 1261 459
internal_value=0 0.272206 -0.576278 -0.0429675 0.450078 0.274471 0.092292
internal_count=67010 29603 37407 13083 16520 11759 10498
shrinkage=0.05


Tree=20
num_leaves=8
num_cat=0
split_feature=3 2 0 4 0 3 8
split_gain=117.087 26.4689 19.5427 17.6052 14.4897 12.2597 15.0034
threshold=80.833333333333357 23.350000000000005 48.500000000000007 140.83333333333334 50.500000000000007 98.833333333333357 1.0000000180025095e-35
decision_type=8 8 2 10 2 10 2
left_child=2 3 -1 -2 5 6 -3
right_child=1 4 -4 -5 -6 -7 -8
leaf_value=-0.038476786275464664 -0.021822975957593489 -0.0017133316092241729 -0.0095470263246207436 0.0093227139567246247 0.033900439683819693 0.029462915064113273 0.046644436339132657
leaf_count=28276 7754 9669 9131 5329 4761 1261 829
internal_value=0 0.255414 -0.563736 -0.0410938 0.419053 0.257891 0.0876221
internal_count=67010 29603 37407 13083 16520 11759 10498
shrinkage=0.05


Tree=21
num_leaves=8
num_cat=0
split_feature=3 4 2 0 0 0 8
split_gain=107.53 23.6327 22.5499 22.7252 26.457 19.0633 14.0086
threshold=80.833333333333357 149.25000000000003 28.550000000000004 58.500000000000007 59.500000000000007 46.500000000000007 1.0000000180025095e-35
decision_type=8 8 10 2 2 2 2
left_child=5 2 3 6 -5 -1 -2
right_child=1 -3 -4 4 -6 -7 -8
leaf_value=-0.039471316936937527 -0.010053427086965766 0.024053276718957253 0.036353284504246464 0.12397363960871217 0.0044587009187275544 -0.011383369241187914 0.028956324544140745
leaf_count=25501 19663 5411 2254 314 634 11906 1327
internal_value=0 0.239831 0.0619353 -0.0443569 0.984415 -0.551188 -0.124089
internal_count=67010 29603 24192 21938 948 37407 20990
shrinkage=0.05


Tree=22
num_leaves=8
num_cat=0
split_feature=3 2 0 0 4 0 3
split_gain=98.8143 21.9342 18.7296 14.977 12.6067 15.504 11.5489
threshold=80.833333333333357 23.250000000000004 53.500000000000007 49.500000000000007 178.33333333333334 34.500000000000007 88.833333333333357
decision_type=8 8 2 2 10 2 10
left_child=2 3 -1 6 5 -3 -2
right_child=1 4 -4 -5 -6 -7 -8
leaf_value=-0.033342627077559021 -0.036820508119448377 -0.03652407930978608 0.003047478474567396 0.01146740792528902 0.060328838017492281 0.018318581535353672 -0.0015910748582419984
leaf_count=33699 5284 858 3708 4759 174 15857 2671
internal_value=0 0.225556 -0.538593 -0.051632 0.367452 0.32543 -0.331437
internal_count=67010 29603 37407 12714 16889 16715 7955
shrinkage=0.05


Tree=23
num_leaves=8
num_cat=0
split_feature=3 0 2 0 3 6 2
split_gain=90.7233 20.1532 22.5177 18.6443 18.0186 12.5624 12.6642
threshold=80.833333333333357 50.500000000000007 26.250000000000004 46.500000000000007 90.833333333333357 6.4500000000000011 29.250000000000004
decision_type=8 2 8 2 10 10 10
left_child=3 2 4 -1 -2 6 -5
right_child=1 -3 -4 5 -6 -7 -8
leaf_value=-0.038650133551629925 -0.023312514217873042 0.022036152658486442 0.019389875815805358 -0.018556099629095664 0.0060865830285983359 0.045217803919238936 0.088169524956135753
leaf_count=25501 11169 8960 5423 11072 4051 655 179
internal_value=0 0.211941 0.0552491 -0.525928 -0.146246 -0.204439 -0.310713
internal_count=67010 29603 20643 37407 15220 11906 11251
shrinkage=0.05


Tree=24
num_leaves=8
num_cat=0
split_feature=4 0 2 2 3 2 4
split_gain=83.3158 35.5793 24.934 19.1354 12.8953 12.5395 12.1707
threshold=127.25000000000001 44.500000000000007 25.950000000000003 21.250000000000004 92.833333333333357 24.650000000000002 178.33333333333334
decision_type=8 2 8 8 10 10 8
left_child=5 2 4 -3 -2 -1 -5
right_child=1 3 -4 6 -6 -7 -8
leaf_value=-0.03690659330879522 -0.037021315453882701 -0.0083647580622377721 0.011742287381941064 0.018451410055567701 -0.00088540726894146583 -0.0003247213974863021 0.062770846096247682
leaf_count=24238 11027 4494 4447 17407 1165 4061 171
internal_value=0 0.163582 -0.199408 0.319968 -0.501772 -0.620108 0.409379
internal_count=67010 38711 16639 22072 12192 28299 17578
shrinkage=0.05


Tree=25
num_leaves=8
num_cat=0
split_feature=3 0 4 2 0 5 6
split_gain=77.4139 18.1108 17.447 19.0633 18.8621 11.8124 12.5293
threshold=80.833333333333357 46.500000000000007 155.16666666666671 29.850000000000005 50.500000000000007 3.6526175687666376 6.4500000000000011
decision_type=8 2 10 8 2 8 8
left_child=1 -1 3 4 -2 6 -4
right_child=2 -3 5 -5 -6 -7 -8
leaf_value=-0.037842444366262634 -0.0098051152559134949 -0.0092320960739963043 0.0097999784641016208 0.035977598986581691 0.013291105296862518 0.061744124922744219 0.042410417917841989
leaf_count=25501 17389 11906 2180 1713 7425 263 633
internal_value=0 -0.502293 0.189235 0.074242 0.000512387 0.454772 0.363814
internal_count=67010 37407 29603 26527 24814 3076 2813
shrinkage=0.05


Tree=26
num_leaves=8
num_cat=0
split_feature=4 0 2 3 6 2 0
split_gain=72.8587 30.5778 15.2368 14.3519 13.6137 12.2798 10.8956
threshold=127.25000000000001 42.500000000000007 21.250000000000004 88.833333333333357 6.5500000000000016 24.650000000000002 58.500000000000007
decision_type=8 2 8 10 10 10 2
left_child=5 3 -3 -2 6 -1 -4
right_child=1 2 4 -5 -6 -7 -8
leaf_value=-0.036077374381294984 -0.030768771596465135 -0.0076982960013939894 0.010586263651204054 0.0013717318686971571 0.040853432671014211 0.00053713565293604789 0.039433485990657345
leaf_count=24238 9989 5195 17746 3014 1574 4061 1193
internal_value=0 0.147957 0.264636 -0.265151 0.338062 -0.599181 0.269401
internal_count=67010 38711 25708 13003 20513 28299 18939
shrinkage=0.05


Tree=27
num_leaves=8
num_cat=0
split_feature=4 0 2 2 2 6 5
split_gain=67.381 27.4677 14.2232 13.4854 11.8473 11.5485 11.2844
threshold=127.25000000000001 42.500000000000007 26.550000000000004 21.250000000000004 24.650000000000002 6.5500000000000016 2.291287878787879
decision_type=8 2 8 8 10 10 8
left_child=4 2 -2 -3 -1 -5 -4
right_child=1 3 6 5 -6 -7 -8
leaf_value=-0.035553649886288806 -0.0253528570417852 -0.0073727701656647734 0.045481936590358152 0.012640921236048633 0.00051095493467358895 0.037456611750354689 -0.0061904479193772453
leaf_count=24238 10077 5195 850 18939 4061 1574 2076
internal_value=0 0.13955 -0.255556 0.24842 -0.5869 0.316318 0.15169
internal_count=67010 38711 13003 25708 28299 20513 2926
shrinkage=0.05


Tree=28
num_leaves=8
num_cat=0
split_feature=4 0 2 2 3 2 6
split_gain=62.3058 24.9795 20.5543 12.9665 11.8441 11.4176 9.45477
threshold=127.25000000000001 44.500000000000007 25.950000000000003 21.250000000000004 92.833333333333357 24.650000000000002 11.250000000000002
decision_type=8 2 8 8 10 10 10
left_child=5 2 4 -3 -2 -1 -5
right_child=1 3 -4 6 -6 -7 -8
leaf_value=-0.035019778199332795 -0.035758061674108464 -0.0075266785451850397 0.010170255209072691 0.015644270188364034 -0.00052431281724548285 0.00048606336840197425 0.11609172510442312
leaf_count=24238 11027 4494 4447 17539 1165 4061 39
internal_value=0 0.13168 -0.179622 0.256621 -0.469617 -0.574527 0.325912
internal_count=67010 38711 16639 22072 12192 28299 17578
shrinkage=0.05


Tree=29
num_leaves=8
num_cat=0
split_feature=3 0 4 0 0 2 3
split_gain=57.7755 17.2404 13.4765 15.9492 22.4874 15.9443 10.7833
threshold=80.833333333333357 46.500000000000007 155.16666666666671 58.500000000000007 59.500000000000007 27.550000000000004 92.833333333333357
decision_type=8 2 10 2 2 8 10
left_child=1 -1 3 5 -5 6 -2
right_child=2 -3 -4 4 -6 -7 -8
leaf_value=-0.036328961371666586 -0.012575501323563007 -0.0073595456586898382 0.019084005812570803 0.089178269858547515 0.0027557388819061408 0.018493321339465078 0.0078809422839839285
leaf_count=25501 18128 11906 3076 400 771 3863 3365
internal_value=0 -0.458869 0.154486 0.0534012 0.734772 -0.00397458 -0.116736
internal_count=67010 37407 29603 26527 1171 25356 21493
shrinkage=0.05


Tree=30
num_leaves=8
num_cat=0
split_feature=4 0 3 8 2 4 2
split_gain=54.2913 21.8543 12.5213 12.2072 11.1058 10.9222 13.6508
threshold=127.25000000000001 42.500000000000007 85.833333333333357 1.0000000180025095e-35 24.650000000000002 152.25000000000003 29.850000000000005
decision_type=8 2 10 2 10 8 10
left_child=4 2 -2 -4 -1 6 -3
right_child=1 5 3 -5 -6 -7 -8
leaf_value=-0.034120826134523143 -0.033561783314948766 0.0023252735055095822 -0.0061484173279836738 0.065619364095434993 0.0012775427587251691 0.020587912762789266 0.039961011069600927
leaf_count=24238 8453 21506 4384 166 4061 3178 1024
internal_value=0 0.119253 -0.239016 -0.0241739 -0.5526 0.213304 0.105605
internal_count=67010 38711 13003 4550 28299 25708 22530
shrinkage=0.05


Tree=31
num_leaves=8
num_cat=0
split_feature=4 0 2 2 2 3 5
split_gain=50.1797 19.7925 17.7524 10.8322 10.6623 10.4881 8.56506
threshold=127.25000000000001 44.500000000000007 25.950000000000003 21.250000000000004 24.650000000000002 92.833333333333357 0.93301282051282053
decision_type=8 2 8 8 10 10 8
left_child=4 2 5 6 -1 -2 -3
right_child=1 3 -4 -5 -6 -7 -8
leaf_value=-0.033561600248170613 -0.034673932990344394 0.050068549388456764 0.0090218009492657476 0.014124976221669618 0.0012144327606375112 -0.0012148884655219171 -0.012940815016823799
leaf_count=24238 11027 324 4447 17578 4061 1165 4170
internal_value=0 0.112731 -0.168135 0.220894 -0.540046 -0.44766 -0.151805
internal_count=67010 38711 16639 22072 28299 12192 4494
shrinkage=0.05


Tree=32
num_leaves=8
num_cat=0
split_feature=3 0 0 2 4 8 3
split_gain=46.4606 16.8339 12.1599 12.5348 10.2276 9.89383 12.7813
threshold=78.166666666666671 53.500000000000007 41.500000000000007 34.350000000000001 127.25000000000001 1.0000000180025095e-35 97.833333333333357
decision_type=8 2 2 10 8 2 10
left_child=1 -1 5 4 -4 6 -2
right_child=2 -3 3 -5 -6 -7 -8
leaf_value=-0.031402769785656634 -0.025936919168590578 0.0087848982244627932 -0.023853747801613895 0.058525029105685647 0.009312478892358032 0.050528324891713272 0.014570668617137326
leaf_count=29747 7680 3087 3244 250 22290 239 473
internal_value=0 -0.473974 0.119541 0.179522 0.155255 -0.203088 -0.283308
internal_count=67010 32834 34176 25784 25534 8392 8153
shrinkage=0.05


Tree=33
num_leaves=8
num_cat=0
split_feature=4 0 3 2 8 5 6
split_gain=42.996 16.5324 11.0875 10.4567 9.58312 10.2292 9.34571
threshold=127.25000000000001 42.500000000000007 85.833333333333357 24.650000000000002 1.0000000180025095e-35 2.2713075060532693 6.5500000000000016
decision_type=8 2 10 10 2 8 10
left_child=3 2 -2 -1 -4 -6 -3
right_child=1 6 4 -5 5 -7 -8
leaf_value=-0.032557370222274312 -0.032213598994736158 0.0065514679756593615 -0.0055597614944233537 0.0023455906721196801 0.14090750301180396 0.0099946792977182973 0.027251136980520181
leaf_count=24238 8453 24007 4384 4061 44 122 1701
internal_value=0 0.101025 -0.216908 -0.515507 -0.0188439 1.11131 0.180076
internal_count=67010 38711 13003 28299 4550 166 25708
shrinkage=0.05


Tree=34
num_leaves=8
num_cat=0
split_feature=3 0 2 4 1 0 4
split_gain=39.9923 15.8294 11.2543 11.1705 9.43964 8.41656 7.57498
threshold=78.166666666666671 53.500000000000007 23.350000000000005 144.83333333333334 1.5000000000000002 49.500000000000007 178.33333333333334
decision_type=8 2 8 10 2 2 10
left_child=1 -1 3 5 -3 -2 -4
right_child=2 4 6 -5 -6 -7 -8
leaf_value=-0.030389340234195067 -0.030128461803070994 0.03105813948905134 0.0085832070977645888 0.0069373804703728587 -0.022547140505420442 -0.0012613923656347636 0.039835257001717882
leaf_count=29747 7917 1798 18376 3820 1289 3891 172
internal_value=0 -0.451209 0.108128 -0.0803747 0.175469 -0.320434 0.202447
internal_count=67010 32834 34176 15628 3087 11808 18548
shrinkage=0.05


Tree=35
num_leaves=8
num_cat=0
split_feature=4 6 0 4 6 2 2
split_gain=37.2944 16.395 15.0139 15.4028 10.6126 9.96496 8.67369
threshold=127.25000000000001 12.050000000000002 50.500000000000007 141.83333333333334 7.0500000000000016 24.650000000000002 21.550000000000004
decision_type=8 10 2 10 10 10 8
left_child=5 2 3 4 -2 -1 -4
right_child=1 -3 6 -5 -6 -7 -8
leaf_value=-0.03157323182642794 -0.01923876515649138 0.14723092829224144 -0.0058582738563532251 0.0048540919894836084 0.053710063529809449 0.0027806150228797963 0.016937010857416952
leaf_count=24238 18056 28 2600 9805 290 4061 7932
internal_value=0 0.0916215 0.0827983 -0.0476023 -0.328365 -0.492979 0.257109
internal_count=67010 38711 38683 28151 18346 28299 10532
shrinkage=0.05


Tree=36
num_leaves=8
num_cat=0
split_feature=4 6 0 2 5 2 6
split_gain=34.4378 15.1698 14.2398 9.62576 10.4316 9.50155 8.93994
threshold=127.25000000000001 12.250000000000002 42.500000000000007 26.550000000000004 2.291287878787879 24.650000000000002 5.5500000000000016
decision_type=8 10 2 8 8 10 8
left_child=5 2 3 -2 6 -1 -5
right_child=1 -3 -4 4 -6 -7 -8
leaf_value=-0.030978403902856805 -0.022554459910216099 0.1387596310526204 0.0075086124899881174 -0.020874532652314894 -0.0082184134934114531 0.0026395383299368108 0.063145376295179259
leaf_count=24238 10074 25 25688 269 2074 4061 581
internal_value=0 0.0869127 0.078285 -0.220096 0.101413 -0.480376 0.809179
internal_count=67010 38711 38686 12998 2924 28299 850
shrinkage=0.05


Tree=37
num_leaves=8
num_cat=0
split_feature=3 0 6 4 0 0 2
split_gain=32.2635 14.7308 9.53847 9.4939 13.542 16.3079 12.4897
threshold=78.166666666666671 53.500000000000007 12.250000000000002 155.16666666666671 58.500000000000007 59.500000000000007 24.050000000000004
decision_type=8 2 10 10 2 2 8
left_child=1 -1 3 4 6 -6 -2
right_child=2 -3 -4 -5 5 -7 -8
leaf_value=-0.028970944993064275 -0.012310481379099016 0.0091637150694338556 0.10985810705481683 0.013555911017660819 0.070000833481816446 0.0021275953002021109 0.0053140498721563189
leaf_count=29747 16540 3087 22 3089 448 886 13191
internal_value=0 -0.419215 0.0940366 0.0867969 0.00602946 0.585181 -0.0464667
internal_count=67010 32834 34176 34154 31065 1334 29731
shrinkage=0.05


Tree=38
num_leaves=8
num_cat=0
split_feature=4 6 0 2 3 8 6
split_gain=29.8626 12.2493 12.5503 9.04479 8.70013 8.83661 9.33404
threshold=127.25000000000001 12.250000000000002 42.500000000000007 24.650000000000002 85.833333333333357 1.0000000180025095e-35 6.5500000000000016
decision_type=8 10 2 10 10 2 8
left_child=3 2 4 -1 -2 -6 -7
right_child=1 -3 -4 -5 5 6 -8
leaf_value=-0.02998076988896798 -0.03057782247802306 0.11842177466502231 0.0068844966460892111 0.0030892283251539652 -0.0065463585978114275 0.097645720712925085 -0.014171908602820025
leaf_count=24238 8450 25 25688 4061 4382 104 62
internal_value=0 0.0792224 0.0710939 -0.458074 -0.211211 -0.0403085 1.02161
internal_count=67010 38711 38686 28299 12998 4548 166
shrinkage=0.05


Tree=39
num_leaves=8
num_cat=0
split_feature=3 0 1 0 2 6 0
split_gain=27.726 13.767 8.44939 8.26375 8.69902 7.0475 6.29649
threshold=78.166666666666671 53.500000000000007 1.5000000000000002 34.500000000000007 21.250000000000004 12.250000000000002 50.500000000000007
decision_type=8 2 2 2 8 10 2
left_child=1 -1 -3 -2 -5 6 -6
right_child=3 2 -4 4 5 -7 -8
leaf_value=-0.027937848175630515 -0.027067256768337163 0.029642731381772015 -0.021472144957327601 -0.010131439933837257 0.0023701289115045285 0.093656576497520724 0.013219574598692573
leaf_count=29747 2030 1798 1289 6429 17741 21 7955
internal_value=0 -0.397154 0.181894 0.0855107 0.105865 0.15091 0.143114
internal_count=67010 32834 3087 34176 32146 25717 25696
shrinkage=0.05


Tree=40
num_leaves=8
num_cat=0
split_feature=4 0 2 3 4 2 0
split_gain=25.9533 10.3203 13.5662 8.58825 8.58619 8.5798 8.53268
threshold=127.25000000000001 44.500000000000007 25.950000000000003 92.833333333333357 178.33333333333334 24.650000000000002 53.500000000000007
decision_type=8 2 8 10 8 10 2
left_child=5 2 3 -2 -3 6 -1
right_child=1 4 -4 -5 -6 -7 -8
leaf_value=-0.036200855643118042 -0.032362889630761039 0.0058351817032102253 0.0079294912469013521 -0.0012759085923499107 0.037414024697711649 0.0034517975584960371 0.0030612222804638095
leaf_count=21917 11027 21868 4447 1165 204 4061 2321
internal_value=0 0.0723467 -0.137134 -0.398934 0.145628 -0.436559 -0.579935
internal_count=67010 38711 16639 12192 22072 28299 24238
shrinkage=0.05


Tree=41
num_leaves=8
num_cat=0
split_feature=4 6 0 2 7 2 3
split_gain=23.9095 9.91964 9.93903 8.13508 8.31622 7.63979 7.55133
threshold=127.25000000000001 12.250000000000002 41.500000000000007 24.650000000000002 1.0000000180025095e-35 34.350000000000001 98.833333333333357
decision_type=8 10 2 10 2 8 10
left_child=3 2 6 4 -1 -4 -2
right_child=1 -3 5 -5 -6 -7 -8
leaf_value=-0.03039765312927746 -0.019699681881837149 0.10153660196901693 0.0045365014444504375 0.0032746194404172538 0.074572545808476429 0.037598051530159063 0.011053391882942708
leaf_count=24075 10509 25 27295 4061 163 445 437
internal_value=0 0.0684828 0.0608771 -0.424312 -0.567667 0.111787 -0.229159
internal_count=67010 38711 38686 28299 24238 27740 10946
shrinkage=0.05


Tree=42
num_leaves=8
num_cat=0
split_feature=4 0 2 2 8 6 0
split_gain=22.485 21.019 10.3359 9.9103 11.3573 11.5099 7.11361
threshold=140.83333333333334 48.500000000000007 21.450000000000003 26.450000000000003 1.0000000180025095e-35 6.2500000000000009 56.500000000000007
decision_type=8 2 10 8 2 10 2
left_child=1 3 -3 -1 -5 -6 -4
right_child=-2 2 6 4 5 -7 -8
leaf_value=-0.029678997149690436 0.0066690122535366355 -0.019652885202943053 0.0024224320790750742 -0.011274645492430598 0.11354206408958133 -0.031484746855592043 0.030175306789012216
leaf_count=32670 15905 5076 7288 3859 234 82 1896
internal_value=0 -0.212147 0.0528376 -0.466411 0.0226847 1.34065 0.202703
internal_count=67010 51105 14260 36845 4175 316 9184
shrinkage=0.05


Tree=43
num_leaves=8
num_cat=0
split_feature=3 0 6 0 2 6 4
split_gain=20.7551 12.0327 7.16167 6.9939 7.08293 5.59844 4.95711
threshold=78.166666666666671 57.500000000000007 6.9500000000000011 34.500000000000007 21.150000000000002 12.250000000000002 169.25000000000003
decision_type=8 2 10 2 8 10 10
left_child=1 2 -1 6 -5 -6 -2
right_child=3 -3 -4 4 5 -7 -8
leaf_value=-0.025276502739038822 -0.036228396522925317 0.0215342511554273 0.047780104208883574 -0.0099960423621963668 0.0060476373519789475 0.079727871322292504 0.030420332653442596
leaf_count=31325 1996 1215 294 6126 25999 21 34
internal_value=0 -0.356971 -0.466632 0.0713241 0.0894223 0.12803 -0.519024
internal_count=67010 32834 31619 34176 32146 26020 2030
shrinkage=0.05


Tree=44
num_leaves=8
num_cat=0
split_feature=4 6 0 0 2 3 2
split_gain=19.3042 8.62929 10.3325 25.2302 15.4816 13.3966 10.2043
threshold=127.25000000000001 6.5500000000000016 58.500000000000007 59.500000000000007 24.550000000000004 92.833333333333357 34.850000000000001
decision_type=8 10 2 2 10 10 10
left_child=-1 2 5 4 -4 6 -2
right_child=1 -3 3 -5 -6 -7 -8
leaf_value=-0.019637948578155734 -0.010033878475380186 0.018834297851473017 0.10078358415409644 -0.0042931742434893358 0.0095891652143389738 0.0068888724329989534 0.059289894319377257
leaf_count=28299 28946 1984 333 1063 172 5998 215
internal_value=0 0.0599632 0.0197057 0.435246 1.32075 -0.021559 -0.174542
internal_count=67010 38711 36727 1568 505 35159 29161
shrinkage=0.05


Tree=45
num_leaves=8
num_cat=0
split_feature=3 0 1 0 2 6 4
split_gain=17.7757 11.1396 7.42684 6.3927 6.43126 8.27075 7.62862
threshold=78.166666666666671 53.500000000000007 1.5000000000000002 34.500000000000007 23.350000000000005 5.4500000000000011 140.83333333333334
decision_type=8 2 2 2 8 8 10
left_child=1 -1 -3 -2 6 -6 -5
right_child=3 2 -4 4 5 -7 -8
leaf_value=-0.024954860286721163 -0.025340710421540343 0.027438333391169335 -0.020641239843665952 -0.016847005015305106 0.02533101448714933 0.0048474535535657816 0.0035938773235551324
leaf_count=29747 2030 1798 1289 9325 2584 14901 5336
internal_value=0 -0.336368 0.175214 0.0650046 0.0820041 0.151224 -0.0640081
internal_count=67010 32834 3087 34176 32146 17485 14661
shrinkage=0.05


Tree=46
num_leaves=8
num_cat=0
split_feature=4 6 0 4 3 2 5
split_gain=16.6007 7.90203 8.19099 9.44754 8.39643 8.22494 7.97611
threshold=127.25000000000001 12.250000000000002 50.500000000000007 155.83333333333334 87.250000000000014 28.550000000000004 3.6526175687666376
decision_type=8 10 2 10 10 8 8
left_child=-1 2 3 5 -5 -2 -6
right_child=1 -3 -4 4 6 -7 -8
leaf_value=-0.01857002699773699 -0.012261792354442989 0.086232385339716541 0.0085208555196477249 0.083414948382573684 0.0016480706503288951 0.0094095238084402188 0.040820897978367555
leaf_count=28299 23493 25 10533 147 1511 2818 184
internal_value=0 0.0545391 0.0475095 -0.0506464 0.188572 -0.154842 0.137921
internal_count=67010 38711 38686 28153 1842 26311 1695
shrinkage=0.05


Tree=47
num_leaves=8
num_cat=0
split_feature=3 0 0 0 2 3 2
split_gain=15.727 7.6859 7.55713 24.6244 12.5301 10.866 13.896
threshold=73.833333333333357 52.500000000000007 58.500000000000007 59.500000000000007 25.350000000000005 92.833333333333357 34.050000000000004
decision_type=8 2 2 2 10 10 10
left_child=1 -1 5 4 -4 6 -2
right_child=2 -3 3 -5 -6 -7 -8
leaf_value=-0.030490363478229685 -0.0074580654005050474 0.0063130317776127626 0.080058024986539938 -0.0054598343829301895 0.0052822382786019764 0.0073326806134615874 0.052171699546085852
leaf_count=19319 36657 2178 490 1356 174 6482 354
internal_value=0 -0.432389 0.044123 0.360102 1.12357 0.0103445 -0.113825
internal_count=67010 21497 45513 2020 664 43493 37011
shrinkage=0.05


Tree=48
num_leaves=8
num_cat=0
split_feature=3 6 0 4 8 0 4
split_gain=14.5147 7.42315 7.27811 7.07719 13.4014 8.20293 6.28166
threshold=73.833333333333357 12.250000000000002 52.500000000000007 140.83333333333334 1.0000000180025095e-35 58.500000000000007 136.25000000000003
decision_type=8 10 2 8 2 2 10
left_child=2 3 -1 4 5 -2 -6
right_child=1 -3 -4 -5 6 -7 -8
leaf_value=-0.029890771243499627 -0.012917244883734328 0.08202019092766015 0.0059777602034274055 0.0051828879538842196 0.010023924415620831 0.022153078598935009 0.063506405344786007
leaf_count=19319 27391 25 2178 15500 1285 947 365
internal_value=0 0.0419295 -0.420189 0.035333 -0.110815 -0.19566 0.582443
internal_count=67010 45513 21497 45488 29988 28338 1650
shrinkage=0.05


Tree=49
num_leaves=8
num_cat=0
split_feature=3 0 6 0 0 2 3
split_gain=13.3956 6.97275 6.67209 6.56838 20.8403 9.95927 9.23616
threshold=73.833333333333357 50.500000000000007 12.250000000000002 58.500000000000007 59.500000000000007 25.350000000000005 92.833333333333357
decision_type=8 2 10 2 2 10 10
left_child=1 -1 3 6 5 -5 -2
right_child=2 -3 -4 4 -6 -7 -8
leaf_value=-0.031059054391414105 -0.0056908559202789805 0.0017422889206951263 0.076371759129072805 0.07005965132274819 -0.0056649933927152736 0.0045258705421153227 0.0063277057481148499
leaf_count=18305 36996 3192 25 490 1356 174 6472
internal_value=0 -0.408093 0.0399526 0.0335909 0.32416 1.00007 0.00168225
internal_count=67010 21497 45513 45488 2020 664 43468
shrinkage=0.05


Tree=50
num_leaves=8
num_cat=0
split_feature=2 4 0 3 8 6 2
split_gain=12.5694 13.9163 8.34639 9.5652 12.0249 9.78271 8.1102
threshold=22.350000000000005 144.83333333333334 46.500000000000007 98.833333333333357 1.0000000180025095e-35 6.4500000000000011 34.95000000000001
decision_type=8 10 2 10 2 8 10
left_child=1 -1 3 4 6 -6 -2
right_child=2 -3 -4 -5 5 -7 -8
leaf_value=-0.021061484765690315 -0.018965202565239109 0.0054566842710186865 0.0083590622184127102 0.0113364469669298 0.064119387494455671 -0.011612721418468157 0.034876528489828702
leaf_count=28121 18442 2871 15428 958 581 345 264
internal_value=0 -0.213408 0.0738886 -0.080989 -0.223168 0.581841 -0.321695
internal_count=67010 30992 36018 20590 19632 926 18706
shrinkage=0.05


Tree=51
num_leaves=8
num_cat=0
split_feature=3 0 6 4 0 2 5
split_gain=11.7034 6.55503 6.28079 10.0247 7.49263 7.62979 8.20471
threshold=73.833333333333357 50.500000000000007 5.9500000000000011 144.83333333333334 48.500000000000007 22.450000000000003 1.1572231139646874
decision_type=8 2 10 8 2 10 8
left_child=1 -1 3 4 -2 6 -6
right_child=2 -3 -4 -5 5 -7 -8
leaf_value=-0.030139118545021965 -0.018179834456330455 0.0019443492299875888 0.0093681290313361847 0.0051473430769907076 0.035291388577071869 0.0091026989369986603 -0.02665187079741508
leaf_count=18305 20486 3192 7819 8235 562 4860 3551
internal_value=0 -0.388229 0.0367893 -0.0217684 -0.178036 -0.00112804 -0.351572
internal_count=67010 21497 45513 37694 29459 8973 4113
shrinkage=0.05


Tree=52
num_leaves=8
num_cat=0
split_feature=2 0 7 6 3 2 0
split_gain=10.7969 10.5255 6.62908 11.4204 6.45831 12.238 9.86873
threshold=21.150000000000002 34.500000000000007 1.0000000180025095e-35 6.2500000000000009 88.833333333333357 23.950000000000003 57.500000000000007
decision_type=8 2 2 8 8 10 2
left_child=-1 -2 4 -4 5 6 -3
right_child=1 2 3 -5 -6 -7 -8
leaf_value=-0.013987473023623315 -0.030302482864954572 -0.024812826045854622 0.11899771078237648 0.015430096331892591 0.0063230209498023708 0.0057179977939080719 0.016655812135874429
leaf_count=21062 4452 15606 75 923 10355 13634 903
internal_value=0 0.0477396 0.0718808 0.47439 0.0461174 -0.0867672 -0.352603
internal_count=67010 45948 41496 998 40498 30143 16509
shrinkage=0.05


Tree=53
num_leaves=8
num_cat=0
split_feature=0 3 2 5 2 6 7
split_gain=10.2565 8.5303 7.56851 6.35942 6.2562 5.00296 9.91872
threshold=41.500000000000007 87.833333333333357 21.150000000000002 1.4619520264681558 33.750000000000007 6.5500000000000016 1.0000000180025095e-35
decision_type=2 10 8 8 10 10 2
left_child=1 -1 -2 -3 5 6 -4
right_child=2 3 4 -5 -6 -7 -8
leaf_value=-0.026547673724641459 -0.01082965277603384 -0.044706048141609361 0.00099534638658686911 0.0050231475477380463 0.033434454874673745 0.016210537780436445 0.066374098350775887
leaf_count=19897 12432 390 29472 2420 357 1887 155
internal_value=0 -0.264151 0.0481852 -0.00855999 0.0915653 0.072244 0.0359396
internal_count=67010 22707 44303 2810 31871 31514 29627
shrinkage=0.05


Tree=54
num_leaves=8
num_cat=0
split_feature=3 0 6 3 0 0 2
split_gain=9.78152 6.04152 5.71557 5.74407 5.77106 16.119 7.878
threshold=73.833333333333357 49.500000000000007 12.250000000000002 118.25000000000001 58.500000000000007 59.500000000000007 25.350000000000005
decision_type=8 2 10 10 2 2 10
left_child=1 -1 3 4 -2 6 -6
right_child=2 -3 -4 -5 5 -7 -8
leaf_value=-0.029909201153850151 -0.00079574580545563605 0.00058647805483262442 0.068736022910638156 0.034390045467813386 0.059924660817368851 -0.0054039216411990477 0.0029155300004767818
leaf_count=17711 43376 3786 25 99 489 1350 174
internal_value=0 -0.362809 0.0329245 0.0269162 0.0146772 0.284159 0.856701
internal_count=67010 21497 45513 45488 45389 2013 663
shrinkage=0.05


Tree=55
num_leaves=8
num_cat=0
split_feature=4 2 2 6 5 0 2
split_gain=9.1566 8.43649 7.43482 6.27032 7.80498 5.52754 6.64055
threshold=126.25000000000001 24.650000000000002 24.850000000000005 6.2500000000000009 1.9668498168498167 50.500000000000007 26.150000000000002
decision_type=8 10 10 10 10 2 8
left_child=1 3 -3 -1 -5 6 -2
right_child=5 2 -4 4 -6 -7 -8
leaf_value=-0.027474845052701393 -0.0078482505149204979 0.086201068264596142 0.00050811826291243369 0.098864019469980302 -0.030881789275022959 0.0067483955611557823 0.0055004309760908268
leaf_count=22475 22343 362 3305 294 290 10841 7100
internal_value=0 -0.306649 0.243473 -0.479754 0.774913 0.0368584 -0.0442084
internal_count=67010 26726 3667 23059 584 40284 29443
shrinkage=0.05


Tree=56
num_leaves=8
num_cat=0
split_feature=0 8 6 3 5 2 2
split_gain=8.78126 8.18765 10.0606 9.81328 7.74303 6.52494 5.40465
threshold=41.500000000000007 1.0000000180025095e-35 6.4500000000000011 97.833333333333357 3.6526175687666376 21.150000000000002 33.750000000000007
decision_type=2 2 8 10 8 8 10
left_child=1 3 -3 -1 -5 -2 -7
right_child=5 2 -4 4 -6 6 -8
leaf_value=-0.02402716972540387 -0.010192674871576915 0.083089130484679183 -0.027201597287631669 -0.0026670224229692172 0.062799509509701076 0.0032991999987987985 0.030610420352460463
leaf_count=21826 12432 264 144 409 64 31514 357
internal_value=0 -0.247401 0.752208 -0.312429 0.187974 0.0443224 0.0841189
internal_count=67010 22707 408 22299 473 44303 31871
shrinkage=0.05


Tree=57
num_leaves=8
num_cat=0
split_feature=3 0 6 3 3 2 0
split_gain=8.11814 5.81434 5.14516 5.01542 5.01491 5.14588 4.89126
threshold=73.833333333333357 61.500000000000007 12.250000000000002 67.833333333333343 118.25000000000001 26.150000000000002 58.500000000000007
decision_type=8 2 10 10 10 10 2
left_child=1 -1 4 -3 6 -6 -2
right_child=2 3 -4 -5 5 -7 -8
leaf_value=-0.020185030483116258 -0.00080126138807564296 0.098842498334356599 0.064137486593330503 -0.012625933269740142 -0.0039370044551000549 0.058465337012735909 0.012898293274643806
leaf_count=21293 43376 88 25 116 52 47 2013
internal_value=0 -0.337264 0.0297166 0.908352 0.0239398 0.633571 0.012381
internal_count=67010 21497 45513 204 45488 99 45389
shrinkage=0.05


Tree=58
num_leaves=8
num_cat=0
split_feature=0 5 3 2 4 2 6
split_gain=7.82981 8.16136 6.20486 5.79815 4.88176 4.74588 4.68798
threshold=41.500000000000007 1.4205076465590485 87.833333333333357 21.150000000000002 131.16666666666669 33.750000000000007 5.7500000000000009
decision_type=2 8 10 8 10 10 10
left_child=1 -1 -3 6 -4 -5 -2
right_child=3 2 4 5 -6 -7 -8
leaf_value=-0.042484136793223742 -0.017379380518490681 -0.020160477872863763 0.07430193388494942 0.0030933174867770626 0.0015423305550578629 0.028385112971350098 0.0070204727279661976
leaf_count=5579 9038 14682 169 31514 2277 357 3394
internal_value=0 -0.235514 -0.123687 0.0418219 0.0905775 0.0790057 -0.193793
internal_count=67010 22707 17128 44303 2446 31871 12432
shrinkage=0.05


Tree=59
num_leaves=8
num_cat=0
split_feature=4 2 7 2 0 0 4
split_gain=7.16324 7.71595 7.55311 6.55876 4.65079 16.4814 9.16463
threshold=126.25000000000001 24.650000000000002 1.0000000180025095e-35 24.850000000000005 58.500000000000007 59.500000000000007 128.25000000000003
decision_type=8 10 2 10 2 2 8
left_child=1 2 -1 -3 -2 -6 -7
right_child=4 3 -4 -5 5 6 -8
leaf_value=-0.02529344270637467 0.0002052457214136238 0.079952009314032624 0.074692481336427044 0.00098078848783656565 0.041729931568768336 0.098397822179523281 -0.010749685575104211
leaf_count=22907 38435 362 152 3305 597 63 1189
internal_value=0 -0.277107 -0.450632 0.245786 0.032326 0.269038 -0.121489
internal_count=67010 26726 23059 3667 40284 1849 1252
shrinkage=0.05


Tree=60
num_leaves=8
num_cat=0
split_feature=0 5 3 2 4 3 4
split_gain=6.97441 7.81765 5.65925 5.08816 4.54462 6.94189 4.39847
threshold=41.500000000000007 1.4205076465590485 87.833333333333357 21.150000000000002 154.25000000000003 88.833333333333357 131.16666666666669
decision_type=2 8 10 8 10 10 10
left_child=1 -1 -3 4 -2 -6 -4
right_child=3 2 6 -5 5 -7 -8
leaf_value=-0.042062982475002418 -0.01504862850002883 -0.019390128638770383 0.069144833342465406 0.0036970709054386808 0.090541728887657158 0.00094477746168568398 0.0014541809014141484
leaf_count=5579 12055 14682 169 31871 52 325 2277
internal_value=0 -0.223932 -0.115809 0.0394357 -0.182977 0.242378 0.0868277
internal_count=67010 22707 17128 44303 12432 377 2446
shrinkage=0.05


Tree=61
num_leaves=8
num_cat=0
split_feature=0 3 6 2 5 5 3
split_gain=6.54295 11.0518 6.77228 6.25953 6.22848 6.25906 9.6289
threshold=46.500000000000007 83.833333333333357 5.9500000000000011 27.650000000000002 3.9506097560975619 3.8369719981015673 98.833333333333357
decision_type=2 10 10 10 10 10 10
left_child=1 2 -1 -4 5 -2 -7
right_child=4 -3 3 -5 -6 6 -8
leaf_value=-0.027537779791974346 0.0038527184025812255 -4.7944634224416624e-05 -0.012891263930022779 0.068246076947639664 -0.024658023213835038 -0.0052153626705391115 0.11457881395937626
leaf_count=26990 25704 11055 1909 425 734 172 21
internal_value=0 -0.122067 -0.445182 0.363311 0.0685319 0.090678 1.06215
internal_count=67010 40379 29324 2334 26631 25897 193
shrinkage=0.05


Tree=62
num_leaves=8
num_cat=0
split_feature=6 4 0 8 2 5 2
split_gain=6.04648 10.9636 8.28012 7.59375 6.97103 6.31898 5.96505
threshold=5.9500000000000011 144.83333333333334 48.500000000000007 1.0000000180025095e-35 27.250000000000004 1.9668498168498167 22.450000000000003
decision_type=10 8 2 2 8 8 10
left_child=1 2 3 -1 5 -5 -4
right_child=-2 -3 6 4 -6 -7 -8
leaf_value=-0.021879607989112471 0.0070376134136699619 0.0039665303967880124 -0.015206483506690668 0.060788062903347276 0.076327691919419502 -0.04062576643510131 0.0064720887964487125
leaf_count=35264 10106 8380 6395 212 169 485 5999
internal_value=0 -0.0553774 -0.200272 -0.376229 0.516534 -0.206902 -0.0261071
internal_count=67010 56904 48524 36130 866 697 12394
shrinkage=0.05


Tree=63
num_leaves=8
num_cat=0
split_feature=7 6 3 5 5 2 4
split_gain=5.60914 8.44162 7.38804 10.0352 17.1515 8.73331 8.15843
threshold=1.0000000180025095e-35 6.2500000000000009 94.583333333333357 3.6526175687666376 3.9506097560975619 34.050000000000004 148.16666666666671
decision_type=2 8 8 8 10 10 8
left_child=2 -2 5 -4 -5 -1 -7
right_child=1 -3 3 4 -6 6 -8
leaf_value=-0.0059736361209746271 0.092705286023375466 0.010698763731429828 0.0022495188471260553 0.073056348968723706 -0.0052131311928689979 0.06967976799731132 -0.01435901088915313
leaf_count=60968 95 1035 4127 191 181 313 100
internal_value=0 0.350686 -0.0208796 0.109657 0.679709 -0.0976745 0.757076
internal_count=67010 1130 65880 4499 372 61381 413
shrinkage=0.05


Tree=64
num_leaves=8
num_cat=0
split_feature=0 5 3 2 3 5 7
split_gain=5.64344 7.42535 4.65467 4.2071 4.43984 7.31532 4.44806
threshold=41.500000000000007 1.4205076465590485 73.833333333333357 33.750000000000007 119.50000000000001 2.613835725677832 1.0000000180025095e-35
decision_type=2 8 10 10 10 10 2
left_child=1 -1 -3 4 6 -6 -2
right_child=3 2 -4 -5 5 -7 -8
leaf_value=-0.041446270425977566 -0.00048525579566251962 -0.031981354912122249 -0.00069082149669385119 0.024264804004708485 -0.0065719233573278031 0.079795371078226485 0.017402074389968256
leaf_count=5579 42927 6848 10280 357 41 25 953
internal_value=0 -0.20409 -0.100087 0.0354041 0.0212627 0.69838 0.0110593
internal_count=67010 22707 17128 44303 43946 66 43880
shrinkage=0.05


Tree=65
num_leaves=8
num_cat=0
split_feature=0 3 6 5 2 2 2
split_gain=5.32234 9.16941 6.05746 5.73521 5.64272 5.31633 5.28139
threshold=46.500000000000007 83.833333333333357 5.9500000000000011 3.9506097560975619 41.750000000000007 21.250000000000004 27.650000000000002
decision_type=2 10 10 10 8 10 10
left_child=1 2 -1 5 -3 -2 -4
right_child=3 4 6 -5 -6 -7 -8
leaf_value=-0.026092794367634523 -0.0082164952553998097 -0.0012003799296393799 -0.012419027143077339 -0.024125712761545254 0.063598348493221504 0.0063537997733291961 0.06080972726620773
leaf_count=26990 7647 10999 1909 734 56 18250 425
internal_value=0 -0.110884 -0.415142 0.0616239 -0.00268584 0.0825738 0.339017
internal_count=67010 40379 29324 26631 11055 25897 2334
shrinkage=0.05


Tree=66
num_leaves=8
num_cat=0
split_feature=0 5 8 6 3 4 0
split_gain=4.81667 7.1683 5.64746 8.89311 6.56818 5.41017 6.37983
threshold=41.500000000000007 1.3089572192513372 1.0000000180025095e-35 6.4500000000000011 97.833333333333357 144.16666666666671 39.500000000000007
decision_type=2 8 2 8 10 10 2
left_child=1 -1 4 -4 -3 -6 -7
right_child=-2 2 3 -5 5 6 -8
leaf_value=-0.04633285715039849 0.0016216113849760374 -0.016854138975705719 0.076284721774384473 -0.026774368223283371 0.079381500373171432 0.027251854172586285 -0.020632431151442462
leaf_count=4216 44303 17666 253 136 61 192 183
internal_value=0 -0.190382 -0.10354 0.70844 -0.169788 0.235067 0.0914674
internal_count=67010 22707 18491 389 18102 436 375
shrinkage=0.05


Tree=67
num_leaves=8
num_cat=0
split_feature=2 0 6 6 4 2 3
split_gain=4.61078 4.98144 4.35563 4.02477 3.9032 4.61438 3.43893
threshold=20.450000000000003 34.500000000000007 5.7500000000000009 12.250000000000002 169.25000000000003 21.050000000000004 119.50000000000001
decision_type=8 2 10 10 10 8 10
left_child=2 4 -1 6 5 -2 -3
right_child=1 3 -4 -5 -6 -7 -8
leaf_value=-0.019371519819671171 0.04321660953170027 0.0012714293214821691 0.0070705866096124953 0.055672471897630083 0.027533317337452595 -0.037175338206531454 0.029233119699176163
leaf_count=12468 607 45904 3384 26 32 4514 75
internal_value=0 0.0251105 -0.235546 0.0402309 -0.442062 -0.604696 0.0346759
internal_count=67010 51158 15852 46005 5153 5121 45979
shrinkage=0.05


Tree=68
num_leaves=8
num_cat=0
split_feature=0 0 3 6 5 2 2
split_gain=4.49039 12.7265 6.80406 10.5364 13.4638 6.03117 7.01841
threshold=58.500000000000007 59.500000000000007 83.833333333333357 5.7500000000000009 2.1865536723163843 25.350000000000005 27.850000000000005
decision_type=2 2 10 10 8 10 10
left_child=2 5 3 -1 -5 -2 -7
right_child=1 -3 -4 4 -6 6 -8
leaf_value=-0.019605696343987181 0.047942925307665092 -0.0053246973609882044 0.0014284650685713531 0.031454636709082467 -0.016285643935300263 -0.031469606665721649 0.046303340379345852
leaf_count=32286 618 1733 21703 5888 4591 118 73
internal_value=0 0.220592 -0.0261449 -0.204923 0.138655 0.689398 0.0289461
internal_count=67010 2542 64468 42765 10479 809 191
shrinkage=0.05


Tree=69
num_leaves=8
num_cat=0
split_feature=3 5 5 0 5 6 4
split_gain=4.23694 5.57237 5.89471 6.74269 6.19504 6.42991 9.64046
threshold=73.833333333333357 1.2715167548500885 1.3274294670846398 52.500000000000007 2.1768428890543565 5.7500000000000009 132.25000000000003
decision_type=8 8 8 2 8 10 10
left_child=1 -1 -3 -4 5 -5 -7
right_child=-2 2 3 4 -6 6 -8
leaf_value=-0.045540905981269003 0.0010573613251365251 0.069324033884852476 -0.022359941690074017 -0.005682027417254671 -0.01483664678025666 0.11638007933182376 -0.027557843897089814
leaf_count=4431 45513 684 14590 509 792 430 61
internal_value=0 -0.257995 -0.11028 -0.186947 0.344913 0.914672 1.60296
internal_count=67010 21497 17066 16382 1792 1000 491
shrinkage=0.05


Tree=70
num_leaves=8
num_cat=0
split_feature=7 6 3 3 5 5 2
split_gain=4.14003 7.23332 5.9019 5.55124 8.71735 14.1868 7.63827
threshold=1.0000000180025095e-35 6.2500000000000009 94.166666666666671 94.583333333333357 3.6526175687666376 3.9506097560975619 25.350000000000005
decision_type=2 8 8 8 8 10 10
left_child=3 -2 -3 -1 -5 6 -6
right_child=1 2 -4 4 5 -7 -8
leaf_value=-0.0042742968023030837 0.081560091587480399 0.021260950753555805 -0.018398601961331515 0.0016746191936455224 0.014811415033917669 -0.0053221024708149352 0.092369720936206753
leaf_count=61381 95 899 136 4127 90 181 101
internal_value=0 0.296003 0.169769 -0.0179444 0.094072 0.616543 1.29534
internal_count=67010 1130 1035 65880 4499 372 191
shrinkage=0.05


Tree=71
num_leaves=8
num_cat=0
split_feature=0 3 6 5 2 2 0
split_gain=4.14489 7.1483 5.40871 5.19921 4.95389 4.68634 4.666
threshold=46.500000000000007 83.833333333333357 5.9500000000000011 3.9506097560975619 41.750000000000007 27.650000000000002 30.500000000000004
decision_type=2 10 10 10 8 10 2
left_child=1 2 -1 -2 6 -4 -3
right_child=3 4 5 -5 -6 -7 -8
leaf_value=-0.024307076391986277 0.0036921160694662206 -0.039324643737988975 -0.011930862761143751 -0.02347468654599405 0.05812246276336596 0.056412084283788577 0.00021615105173010624
leaf_count=26990 25897 554 1909 734 56 425 10445
internal_value=0 -0.098604 -0.377843 0.0542138 -0.00529917 0.327526 -0.0256974
internal_count=67010 40379 29324 26631 11055 2334 10999
shrinkage=0.05


Tree=72
num_leaves=8
num_cat=0
split_feature=2 3 0 4 3 2 6
split_gain=3.90437 4.12634 5.32559 4.83791 5.11554 4.03478 3.67144
threshold=20.450000000000003 118.25000000000001 34.500000000000007 180.83333333333334 125.50000000000001 21.050000000000004 12.250000000000002
decision_type=8 10 2 10 8 8 10
left_child=-1 2 5 -3 -5 -2 -4
right_child=1 3 6 4 -6 -7 -8
leaf_value=-0.010952184307914239 0.043769739987512477 -0.015407327595557088 0.001113346450880717 0.074313756174989157 -0.001804173273404713 -0.030738796737361081 0.051903802907010202
leaf_count=15852 607 34 45892 35 22 4542 26
internal_value=0 0.0231203 0.012401 0.571485 0.955234 -0.489794 0.0277145
internal_count=67010 51158 51067 91 57 5149 45918
shrinkage=0.05


Tree=73
num_leaves=8
num_cat=0
split_feature=0 0 3 2 4 8 6
split_gain=3.88801 11.1189 5.43694 9.67644 6.90499 9.69127 6.33443
threshold=58.500000000000007 59.500000000000007 92.833333333333357 34.050000000000004 149.25000000000003 1.0000000180025095e-35 7.3500000000000005
decision_type=2 2 10 10 10 2 10
left_child=2 -2 3 4 5 -1 -5
right_child=1 -3 -4 6 -6 -7 -8
leaf_value=-0.012427592072648028 0.031634753961361277 -0.0052368895218116197 0.0035278149279545702 0.054639840606212242 0.012288124147399436 0.014864094584523084 -0.034208926175553343
leaf_count=53414 809 1733 6482 362 1667 2499 44
internal_value=0 0.204152 -0.0242685 -0.106897 -0.136168 -0.186107 0.775221
internal_count=67010 2542 64468 57986 57580 55913 406
shrinkage=0.05


Tree=74
num_leaves=8
num_cat=0
split_feature=0 3 6 5 5 3 5
split_gain=3.56521 6.18754 5.01556 4.84463 4.56698 6.75464 4.46673
threshold=46.500000000000007 83.833333333333357 5.9500000000000011 3.9506097560975619 3.8369719981015673 98.833333333333357 0.93301282051282053
decision_type=2 10 10 10 10 10 8
left_child=1 2 -1 4 6 -6 -2
right_child=3 -3 -4 -5 5 -7 -8
leaf_value=-0.023280428557140784 0.031581021055806312 -0.00030844562966524634 0.015861881955447899 -0.022992661221242005 -0.0061058507274733553 0.089824860976494059 0.0020335072874919191
leaf_count=26990 820 11055 2334 734 172 21 24884
internal_value=0 -0.091917 -0.357067 0.0501093 0.0688405 0.864856 0.0569296
internal_count=67010 40379 29324 26631 25897 193 25704
shrinkage=0.05


Tree=75
num_leaves=8
num_cat=0
split_feature=6 0 5 8 6 3 5
split_gain=3.5084 3.59384 6.57559 4.85496 7.69303 4.63825 5.09263
threshold=12.450000000000001 41.500000000000007 1.3089572192513372 1.0000000180025095e-35 6.4500000000000011 97.833333333333357 3.6526175687666376
decision_type=10 2 8 2 8 10 8
left_child=1 2 -1 5 -5 -4 -7
right_child=-2 -3 3 4 -6 6 -8
leaf_value=-0.045871393984226516 0.053043252490648868 0.0011812413881392677 -0.015250092598803971 0.06845696272382322 -0.026421708137697553 -0.0018900580010991137 0.049196075715943394
leaf_count=4216 23 44284 17663 253 136 371 64
internal_value=0 -0.00392089 -0.172555 -0.0902664 0.64777 -0.15538 0.178642
internal_count=67010 66987 22703 18487 389 18098 435
shrinkage=0.05


Tree=76
num_leaves=8
num_cat=0
split_feature=2 4 5 5 4 3 6
split_gain=3.39463 7.20492 5.95156 11.8545 5.64229 5.45681 5.12814
threshold=22.350000000000005 144.83333333333334 2.0518360949395436 2.148398398398399 159.16666666666671 91.833333333333357 5.8500000000000005
decision_type=8 10 8 10 10 10 10
left_child=1 -1 6 4 5 -4 -3
right_child=-2 2 3 -5 -6 -7 -8
leaf_value=-0.014655959950502638 0.001866382277402064 -0.012746329943069221 0.018384413959138417 0.0089223212176020306 -0.003156477614395645 0.16782806523348665 0.023840355740314317
leaf_count=28121 36018 1587 83 782 20 42 357
internal_value=0 -0.118083 0.104227 0.470574 1.92019 2.50499 -0.0925464
internal_count=67010 30992 2871 927 145 125 1944
shrinkage=0.05


Tree=77
num_leaves=8
num_cat=0
split_feature=0 0 2 4 4 6 4
split_gain=3.3298 9.66911 5.03944 5.88504 5.50638 5.19997 4.53367
threshold=58.500000000000007 59.500000000000007 24.550000000000004 137.16666666666669 137.16666666666669 5.9500000000000011 180.83333333333334
decision_type=2 2 10 8 8 8 10
left_child=6 2 4 5 -2 -4 -1
right_child=1 -3 3 -5 -6 -7 -8
leaf_value=-0.0018630620317486926 0.0036790707879915856 -0.0051473791813639756 -0.011323379369221823 -0.012909461512983212 0.059688478952280868 0.098269976711449672 0.020807595097107563
leaf_count=64295 326 1733 48 157 227 51 173
internal_value=0 0.187975 0.578984 0.105309 0.878358 1.1213 -0.0223487
internal_count=67010 2542 809 256 553 99 64468
shrinkage=0.05


Tree=78
num_leaves=8
num_cat=0
split_feature=7 3 6 3 4 2 2
split_gain=3.27215 6.53036 6.69177 4.14924 4.45968 3.79407 3.50642
threshold=1.0000000180025095e-35 95.250000000000014 6.1500000000000012 118.25000000000001 180.83333333333334 26.350000000000005 22.350000000000005
decision_type=2 8 8 10 10 10 10
left_child=3 2 -2 6 -5 -6 -1
right_child=1 -3 -4 4 5 -7 -8
leaf_value=-0.0072861520489661104 0.095408708167864426 -0.018179638594791544 0.016627702166818411 -0.015564146481548672 0.0042988921058574169 0.069133563659330405 0.00074227216769772277
leaf_count=31129 75 119 936 36 30 29 34656
internal_value=0 0.260487 0.483658 -0.0155622 0.528268 0.890145 -0.0259859
internal_count=67010 1130 1011 65880 95 59 65785
shrinkage=0.05


Tree=79
num_leaves=8
num_cat=0
split_feature=6 0 6 4 5 2 6
split_gain=3.19125 3.34593 6.02987 5.96263 5.33266 7.20965 4.90537
threshold=12.250000000000002 50.500000000000007 5.2500000000000009 119.33333333333336 1.1572231139646874 23.450000000000003 5.0500000000000016
decision_type=10 2 8 10 10 10 8
left_child=1 3 4 -1 -3 -6 -5
right_child=-2 2 -4 6 5 -7 -8
leaf_value=-0.027353402298690571 0.046112576538452854 0.086944166001622983 0.0018929426424331257 -0.036785486289499805 -0.016670133180598509 0.050861165743470077 -0.00084239831598078435
leaf_count=13127 27 100 14767 1014 404 206 37365
internal_value=0 -0.00366246 0.0678609 -0.0642472 0.637661 0.333477 -0.03461
internal_count=67010 66983 15477 51506 710 610 38379
shrinkage=0.05


Tree=80
num_leaves=8
num_cat=0
split_feature=6 7 2 5 3 6 2
split_gain=2.95151 4.90144 8.21337 4.47655 3.89649 7.95549 5.50317
threshold=6.5500000000000016 1.0000000180025095e-35 26.850000000000005 1.7414761720263467 105.83333333333336 6.1500000000000012 32.95000000000001
decision_type=10 2 8 10 8 10 10
left_child=1 4 3 -3 6 -6 -1
right_child=-2 2 -4 -5 5 -7 -8
leaf_value=-0.0037109543984935379 0.0085083379198481954 -0.0027335650409047122 -0.01276141834869925 0.1127754762557661 0.015178461052156311 -0.038534810825234009 0.023172838650439922
leaf_count=63038 2467 49 83 83 608 57 625
internal_value=0 -0.0216437 0.743484 1.68551 -0.0309675 0.190589 -0.0568895
internal_count=67010 64543 215 132 64328 665 63663
shrinkage=0.05


Tree=81
num_leaves=8
num_cat=0
split_feature=0 0 2 2 4 2 5
split_gain=2.92969 8.57105 4.4464 6.10359 4.36925 4.58648 4.11231
threshold=58.500000000000007 59.500000000000007 25.350000000000005 27.850000000000005 128.25000000000003 21.350000000000005 0.96915146708961153
decision_type=2 2 10 10 8 10 8
left_child=-1 2 -2 -4 5 -3 -6
right_child=1 4 3 -5 6 -7 -8
leaf_value=-0.0010360030153280389 0.037657137606513187 -0.029821679755894028 -0.031735236978043868 0.039193833494648174 0.053998235518597809 0.056753095320996386 -0.014040473492280625
leaf_count=64468 618 206 118 73 40 338 1149
internal_value=0 0.175846 0.537652 -0.0176352 -0.100463 0.662503 -0.213216
internal_count=67010 2542 809 191 1733 544 1189
shrinkage=0.05


Tree=82
num_leaves=8
num_cat=0
split_feature=6 0 5 8 6 5 3
split_gain=2.8829 3.04967 6.21906 4.31651 6.80331 3.99678 3.94888
threshold=12.450000000000001 41.500000000000007 1.3089572192513372 1.0000000180025095e-35 6.4500000000000011 2.5034246575342469 97.833333333333357
decision_type=10 2 8 2 8 10 10
left_child=1 2 -1 6 5 -5 -4
right_child=-2 -3 3 4 -6 -7 -8
leaf_value=-0.045525057854540439 0.047054027220099034 0.0011092330714291886 -0.014303561885036412 0.10445213992715055 -0.025987533568146634 0.013957257765230519 0.0080175100291120464
leaf_count=4216 23 44284 17663 120 136 133 435
internal_value=0 -0.00300164 -0.159844 -0.0813593 0.604973 1.25481 -0.144363
internal_count=67010 66987 22703 18487 389 253 18098
shrinkage=0.05


Tree=83
num_leaves=8
num_cat=0
split_feature=2 3 6 6 5 5 5
split_gain=2.71305 5.61348 6.3739 4.0336 5.61606 7.56734 5.35243
threshold=29.950000000000003 90.583333333333357 5.4500000000000011 6.2500000000000009 2.3279969262295084 3.5753787878787886 2.2713075060532693
decision_type=10 10 8 8 8 10 10
left_child=-1 3 -3 4 -2 -6 -5
right_child=1 2 -4 6 5 -7 -8
leaf_value=-0.0010350301613644146 0.081481569323147984 0.046549464048592698 -0.0062919043064227397 -0.034207243739786515 -0.0096278591341000443 0.078820563791979978 0.024919822405923258
leaf_count=64356 329 78 850 190 527 185 495
internal_value=0 0.162559 -0.0174513 0.50236 0.859223 0.353642 0.136201
internal_count=67010 2654 928 1726 1041 712 685
shrinkage=0.05


Tree=84
num_leaves=8
num_cat=0
split_feature=6 4 8 2 0 4 6
split_gain=2.67836 5.62009 5.01699 9.57209 6.0884 4.87568 4.37321
threshold=5.9500000000000011 144.83333333333334 1.0000000180025095e-35 27.150000000000002 50.500000000000007 140.83333333333334 5.2500000000000009
decision_type=10 8 2 8 2 10 8
left_child=1 2 4 -4 -1 -5 -3
right_child=-2 6 3 5 -6 -7 -8
leaf_value=-0.016255962718488226 0.0046340499408061737 0.021461337992395843 -0.0059718445775426079 0.086326822558885768 0.00020178230289592293 -0.01049847828299883 0.00086262493875702848
leaf_count=38730 10106 769 1413 221 8116 44 7611
internal_value=0 -0.0366639 -0.145935 0.306441 -0.189218 1.28939 0.0570641
internal_count=67010 56904 48524 1678 46846 265 8380
shrinkage=0.05


Tree=85
num_leaves=8
num_cat=0
split_feature=6 0 5 8 6 5 3
split_gain=2.62291 2.67978 5.96623 3.76793 6.01462 3.53482 3.48625
threshold=12.450000000000001 41.500000000000007 1.3089572192513372 1.0000000180025095e-35 6.4500000000000011 2.1865536723163843 97.833333333333357
decision_type=10 2 8 2 8 10 10
left_child=1 2 -1 6 5 -5 -4
right_child=-2 -3 3 4 -6 -7 -8
leaf_value=-0.045260719789250968 0.044461987189497822 0.0010388038497702555 -0.013554847440383867 0.10939295172030139 -0.025686459855847995 0.021040127241862439 0.0074287590418011867
leaf_count=4216 23 44284 17663 76 136 177 435
internal_value=0 -0.00269352 -0.150701 -0.0749577 0.555992 1.14178 -0.135268
internal_count=67010 66987 22703 18487 389 253 18098
shrinkage=0.05


Tree=86
num_leaves=8
num_cat=0
split_feature=2 6 2 0 2 2 5
split_gain=2.5177 3.36104 3.33319 3.11639 3.84367 3.93929 3.10147
threshold=20.450000000000003 5.7500000000000009 19.550000000000004 34.500000000000007 21.050000000000004 30.750000000000004 2.5034246575342469
decision_type=8 10 10 2 8 10 10
left_child=1 -1 6 4 -2 -6 -3
right_child=3 2 -4 -5 5 -7 -8
leaf_value=-0.016218870957849296 0.048787021686494174 0.011071137934144175 -0.015299541599964942 0.0015192887398717909 -0.039746242568422296 0.0095462619141773418 0.075793063425918142
leaf_count=12468 607 1992 1257 46005 4236 310 135
internal_value=0 -0.179703 0.147455 0.019156 -0.373779 -0.500458 0.465133
internal_count=67010 15852 3384 51158 5153 4546 2127
shrinkage=0.05


Tree=87
num_leaves=8
num_cat=0
split_feature=0 0 3 2 2 5 3
split_gain=2.45907 7.49012 4.15287 3.85817 5.48537 3.79105 5.90495
threshold=58.500000000000007 59.500000000000007 65.166666666666686 25.350000000000005 27.850000000000005 1.1004587155963306 86.833333333333357
decision_type=2 2 8 10 10 8 10
left_child=-1 3 -3 -2 -5 6 -4
right_child=1 2 5 4 -6 -7 -8
leaf_value=-0.0009394183999009262 0.034377380474017769 0.062037273368990377 0.099322636135325493 -0.031210778184461052 0.035650466993377532 -0.011444456143702824 -0.027470640867370884
leaf_count=64468 618 110 57 118 73 1540 26
internal_value=0 0.16041 -0.0997928 0.492247 -0.0247322 -0.159832 0.922146
internal_count=67010 2542 1733 809 191 1623 83
shrinkage=0.05


Tree=88
num_leaves=8
num_cat=0
split_feature=4 4 6 5 3 0 6
split_gain=2.46914 3.6163 4.54392 5.80396 3.40582 3.7554 3.3149
threshold=110.25000000000001 113.33333333333336 5.6500000000000012 1.9243853630646086 73.833333333333357 65.500000000000014 5.4500000000000011
decision_type=8 8 10 10 8 2 8
left_child=6 2 -2 -4 -3 -6 -1
right_child=1 4 3 -5 5 -7 -8
leaf_value=0.023399787668382726 -0.0042028151357139873 -0.014327674085417947 0.12281502012870034 -0.0059906746345837264 0.0012180936970365179 -0.037151958466001299 -0.035238706362305611
leaf_count=1533 1834 13915 517 388 44559 169 4095
internal_value=0 0.00850924 0.727451 1.51252 0.0018972 0.0175109 -0.440661
internal_count=67010 61382 2739 905 58643 44728 5628
shrinkage=0.05


Tree=89
num_leaves=8
num_cat=0
split_feature=6 6 6 4 4 4 3
split_gain=2.40309 3.08134 7.20106 7.1152 3.14064 4.95063 4.59607
threshold=12.250000000000002 9.6500000000000004 8.6500000000000004 152.83333333333334 178.33333333333334 176.33333333333334 101.83333333333336
decision_type=10 10 10 10 10 10 10
left_child=1 2 4 -4 5 -1 -6
right_child=-2 -3 3 -5 6 -7 -8
leaf_value=-0.00064232618557006585 0.038976133365904352 -0.032917238403618619 -0.00057645359668910437 0.094274455188389367 0.052563335965856328 -0.046704469069244615 0.0053537684914787822
leaf_count=66314 27 173 146 32 64 58 196
internal_value=0 -0.00273623 0.00336735 0.953945 -0.00654764 -0.020346 0.293755
internal_count=67010 66983 66810 178 66632 66372 260
shrinkage=0.05


Tree=90
num_leaves=8
num_cat=0
split_feature=0 2 3 6 6 5 5
split_gain=2.36089 2.72504 5.228 5.97954 3.99798 4.9515 4.35359
threshold=26.500000000000004 29.950000000000003 90.583333333333357 5.4500000000000011 6.2500000000000009 2.2713075060532693 2.3279969262295084
decision_type=2 10 10 8 8 10 8
left_child=-1 -2 4 -4 6 -6 -3
right_child=1 2 3 -5 5 -7 -8
leaf_value=-0.029120796437655822 -0.00076671290927163977 0.075421459011670328 0.0453813392357309 -0.0056821817120988171 -0.033674054161816527 0.023600733653656978 0.019047059247473186
leaf_count=2487 61980 309 73 836 183 481 661
internal_value=0 0.00653464 0.168969 -0.00681643 0.495502 0.131672 0.849989
internal_count=67010 64523 2543 909 1634 664 970
shrinkage=0.05


Tree=91
num_leaves=8
num_cat=0
split_feature=7 3 6 5 0 2 2
split_gain=2.31852 5.76342 5.37922 3.40215 3.89532 3.53203 3.6911
threshold=1.0000000180025095e-35 95.250000000000014 6.1500000000000012 1.9243853630646086 48.500000000000007 22.250000000000004 29.950000000000003
decision_type=2 8 8 8 2 10 10
left_child=-1 2 -2 4 -4 -5 -7
right_child=1 -3 3 5 -6 6 -8
leaf_value=-0.00063000520947628863 0.081676871400253426 -0.018557667526878267 -0.016829261221779333 0.057852105869037197 0.057141732371602763 -0.016171052889964076 0.025203799833947695
leaf_count=65880 75 119 102 74 165 458 137
internal_value=0 0.216667 0.419806 0.283706 0.804728 0.0820758 -0.0477343
internal_count=67010 1130 1011 936 267 669 595
shrinkage=0.05


Tree=92
num_leaves=8
num_cat=0
split_feature=2 6 6 5 5 0 4
split_gain=2.31079 6.84039 6.12082 6.68819 8.54503 8.35838 5.17344
threshold=23.350000000000005 5.2500000000000009 5.6500000000000012 2.1865536723163843 2.0518360949395436 58.500000000000007 149.25000000000003
decision_type=8 8 10 8 8 2 10
left_child=2 -2 6 4 -4 -6 -1
right_child=1 -3 3 -5 5 -7 -8
leaf_value=-0.01660405955278834 0.028094952020170545 0.00073783893409495741 0.0087327916843522816 -0.010565912898325727 0.0928369623152933 -0.029426078213358676 0.0028960194617163233
leaf_count=25483 1721 26085 7960 3850 662 58 1191
internal_value=0 0.0403329 -0.0754112 0.107961 0.301049 1.33183 -0.20345
internal_count=67010 27806 39204 12530 8680 720 26674
shrinkage=0.05


Tree=93
num_leaves=8
num_cat=0
split_feature=0 0 4 4 5 5 2
split_gain=2.29943 6.44407 3.88472 4.25796 3.69724 5.9491 4.19382
threshold=58.500000000000007 59.500000000000007 128.25000000000003 126.25000000000001 2.0177005012531333 0.96915146708961153 20.050000000000004
decision_type=2 2 8 10 10 8 10
left_child=-1 -2 3 -3 5 -4 -6
right_child=1 2 4 -5 6 -7 -8
leaf_value=-0.00089702642512617687 0.022886503490464276 0.0030818537160338857 0.048764303005768152 0.089064984182226303 0.071884771933593994 -0.035648127609929268 -0.002975156300078097
leaf_count=64468 809 481 40 63 43 499 607
internal_value=0 0.155106 -0.0896222 0.618239 -0.198886 -0.528798 0.0601567
internal_count=67010 2542 1733 544 1189 539 650
shrinkage=0.05


Tree=94
num_leaves=8
num_cat=0
split_feature=6 7 2 5 5 2 3
split_gain=2.2496 3.85081 6.89769 3.78096 3.44959 3.27837 3.1157
threshold=6.5500000000000016 1.0000000180025095e-35 26.850000000000005 1.7414761720263467 0.93301282051282053 21.550000000000004 105.83333333333336
decision_type=10 2 8 10 10 8 8
left_child=1 6 3 -3 -2 -6 -1
right_child=4 2 -4 -5 5 -7 -8
leaf_value=-0.0025161434969097011 0.072256512452406982 -0.0041225818988939065 -0.013550555557906109 0.097457676562781079 -0.03272082880663079 0.0081427932837713265 0.0084905700552155988
leaf_count=63663 33 49 83 83 259 2175 665
internal_value=0 -0.018301 0.641075 1.45639 0.148095 0.117845 -0.0268428
internal_count=67010 64543 215 132 2467 2434 64328
shrinkage=0.05


Tree=95
num_leaves=8
num_cat=0
split_feature=4 4 2 0 6 3 0
split_gain=2.23134 3.41315 4.16168 5.51033 3.21069 3.04071 3.49864
threshold=110.25000000000001 113.33333333333336 19.750000000000004 54.500000000000007 5.4500000000000011 73.833333333333357 65.500000000000014
decision_type=8 8 8 2 8 8 2
left_child=4 2 -2 -4 -1 -3 -7
right_child=1 5 3 -5 -6 6 -8
leaf_value=0.023157503134236156 0.085731205088000681 -0.013663811263730122 -0.027461693100581039 0.071861311078883106 -0.034684488245150344 0.0011525197718478398 -0.036506226528420047
leaf_count=1533 912 13915 1699 128 4095 44559 169
internal_value=0 0.00840491 0.701622 0.0949608 -0.42454 0.00192865 0.0165504
internal_count=67010 61382 2739 1827 5628 58643 44728
shrinkage=0.05


Tree=96
num_leaves=8
num_cat=0
split_feature=0 2 6 3 3 5 5
split_gain=2.179 2.31861 4.66074 6.11724 5.13971 4.74867 3.79815
threshold=26.500000000000004 29.950000000000003 5.3500000000000005 86.250000000000014 88.833333333333357 4.6282392026578085 4.4340579710144938
decision_type=2 8 8 8 10 8 10
left_child=-1 6 4 -4 -3 -5 -2
right_child=1 2 3 5 -6 -7 -8
leaf_value=-0.028407198939363137 -0.00026675466520565148 -0.026643670290277855 0.029490514994486329 -0.0049855004575470206 0.075984746362881883 0.048973458211748234 -0.03201673716888518
leaf_count=2487 61067 132 1381 1283 56 53 551
internal_value=0 0.0065581 0.15083 0.0952705 1.03153 -0.0378384 -0.0144041
internal_count=67010 64523 2905 2717 188 1336 61618
shrinkage=0.05


Tree=97
num_leaves=8
num_cat=0
split_feature=0 0 3 2 4 6 4
split_gain=2.16408 5.5278 3.76941 3.5382 5.22624 4.37756 4.21501
threshold=58.500000000000007 59.500000000000007 65.166666666666686 24.550000000000004 137.83333333333337 5.9500000000000011 137.16666666666669
decision_type=2 2 8 10 10 8 8
left_child=-1 3 -3 6 5 -5 -2
right_child=1 2 -4 4 -6 -7 -8
leaf_value=-0.00086220251906499667 -0.00038991677326762964 0.058933760625880974 -0.0069410643339562032 -0.01236687813577312 -0.014878782754235445 0.084396616434603694 0.045761867405486933
leaf_count=64468 326 110 1623 48 157 51 227
internal_value=0 0.150418 -0.0792975 0.426214 0.039366 0.95982 0.659089
internal_count=67010 2542 1733 809 256 99 553
shrinkage=0.05


Tree=98
num_leaves=8
num_cat=0
split_feature=6 6 6 4 5 3 5
split_gain=2.16071 2.42252 6.38066 6.4855 2.67017 6.38558 4.93345
threshold=12.450000000000001 9.6500000000000004 8.9500000000000011 152.83333333333334 2.5684046345811056 119.50000000000001 2.6611536358665941
decision_type=10 10 10 10 10 10 10
left_child=1 2 4 -4 -1 6 -6
right_child=-2 -3 3 -5 5 -7 -8
leaf_value=0.002014496473955379 0.039646285853404628 -0.02830226945146716 -0.0068708374209595531 0.099439934430303467 -0.025359423690072866 0.045001086018308059 -0.0030199694812363068
leaf_count=49518 23 177 96 22 1965 33 15176
internal_value=0 -0.00187274 0.00370579 1.06757 -0.00415427 -0.0833224 -0.106765
internal_count=67010 66987 66810 118 66692 17174 17141
shrinkage=0.05


Tree=99
num_leaves=8
num_cat=0
split_feature=2 6 5 5 5 4 4
split_gain=2.14731 2.86454 3.16598 5.06965 2.99605 3.48394 4.67885
threshold=20.450000000000003 5.7500000000000009 1.9829047340736414 2.060303030303031 0.88944444444444459 149.25000000000003 159.16666666666671
decision_type=8 10 8 8 10 8 10
left_child=1 2 -1 -4 -3 -6 -7
right_child=-2 4 3 -5 5 6 -8
leaf_value=-0.022298572276790649 0.00091034251246089421 0.061808414196433563 0.072275853122865052 -0.0079504127766400062 -0.012304448507435228 0.068074839596466805 -0.013516399673056293
leaf_count=9661 51158 180 355 2452 3085 71 48
internal_value=0 -0.1668 -0.304251 0.156135 0.131537 0.0100768 0.623071
internal_count=67010 15852 12468 2807 3384 3204 119
shrinkage=0.05


end of trees

feature importances:
H25_age=151
H25_bmi=132
H25_dbp=116
H25_sbp=106
H25_a1c=88
H25_lhrate=65
H25_dl=24
H25_dm=15
H25_sex=3

parameters:
[boosting: gbdt]
[objective: binary]
[metric: binary]
[tree_learner: serial]
[device_type: cpu]
[data: ]
[valid: ]
[num_iterations: 100]
[learning_rate: 0.05]
[num_leaves: 8]
[num_threads: 0]
[max_depth: -1]
[min_data_in_leaf: 20]
[min_sum_hessian_in_leaf: 1]
[bagging_fraction: 0.4]
[bagging_freq: 0]
[bagging_seed: 3]
[feature_fraction: 1]
[feature_fraction_seed: 2]
[early_stopping_round: 0]
[max_delta_step: 0]
[lambda_l1: 0]
[lambda_l2: 1]
[min_gain_to_split: 0]
[drop_rate: 0.1]
[max_drop: 50]
[skip_drop: 0.5]
[xgboost_dart_mode: 0]
[uniform_drop: 0]
[drop_seed: 4]
[top_rate: 0.2]
[other_rate: 0.1]
[min_data_per_group: 100]
[max_cat_threshold: 32]
[cat_l2: 10]
[cat_smooth: 10]
[max_cat_to_onehot: 4]
[top_k: 20]
[monotone_constraints: ]
[feature_contri: ]
[forcedsplits_filename: ]
[refit_decay_rate: 0.9]
[verbosity: 0]
[max_bin: 255]
[min_data_in_bin: 3]
[bin_construct_sample_cnt: 200000]
[histogram_pool_size: -1]
[data_random_seed: 1]
[output_model: LightGBM_model.txt]
[snapshot_freq: -1]
[input_model: ]
[output_result: LightGBM_predict_result.txt]
[initscore_filename: ]
[valid_data_initscores: ]
[pre_partition: 0]
[enable_bundle: 1]
[max_conflict_rate: 0]
[is_enable_sparse: 1]
[sparse_threshold: 0.8]
[use_missing: 1]
[zero_as_missing: 0]
[two_round: 0]
[save_binary: 0]
[enable_load_from_binary_file: 1]
[header: 0]
[label_column: ]
[weight_column: ]
[group_column: ]
[ignore_column: ]
[categorical_feature: ]
[predict_raw_score: 0]
[predict_leaf_index: 0]
[predict_contrib: 0]
[num_iteration_predict: -1]
[pred_early_stop: 0]
[pred_early_stop_freq: 10]
[pred_early_stop_margin: 10]
[convert_model_language: ]
[convert_model: gbdt_prediction.cpp]
[num_class: 1]
[is_unbalance: 0]
[scale_pos_weight: 1]
[sigmoid: 1]
[boost_from_average: 1]
[reg_sqrt: 0]
[alpha: 0.9]
[fair_c: 1]
[poisson_max_delta_step: 0.7]
[tweedie_variance_power: 1.5]
[max_position: 20]
[label_gain: ]
[metric_freq: 1]
[is_provide_training_metric: 0]
[eval_at: ]
[num_machines: 1]
[local_listen_port: 12400]
[time_out: 120]
[machine_list_filename: ]
[machines: ]
[gpu_platform_id: -1]
[gpu_device_id: -1]
[gpu_use_dp: 0]

end of parameters

pandas_categorical:[]
