tree
version=v2
num_class=1
num_tree_per_iteration=1
label_index=0
max_feature_idx=8
objective=binary sigmoid:1
feature_names=H25_age H25_sex H25_bmi H25_dbp H25_sbp H25_lhrate H25_a1c H25_ht H25_dm
feature_infos=[20:76] [1:2] [0:65.599999999999994] [0:169] [0:238] [0.097560975609756101:8.8461538461538485] [2.7999999999999998:14.800000000000001] [0:1] [0:1]
tree_sizes=719 741 726 740 736 731 732 736 743 734 743 744 741 738 742 740 738 739 746 747 736 748 743 748 742

Tree=0
num_leaves=8
num_cat=0
split_feature=5 0 0 5 5 5 6
split_gain=660.193 171.385 148.966 70.9973 59.4568 58.2473 53.501
threshold=2.8251984126984131 46.500000000000007 50.500000000000007 3.7625313283208022 2.2243138634764255 1.8040226399838291 6.4500000000000011
decision_type=10 2 2 10 10 8 10
left_child=2 -2 4 -3 -1 -4 -6
right_child=1 3 5 -5 6 -7 -8
leaf_value=-4.0730877839909594 -4.0028804779387261 -3.9319091289657346 -4.04569802601769 -3.8283802577833508 -4.0422333465289118 -4.0005336113003613 -3.8703977043447675
leaf_count=28852 5357 5195 7721 1255 8399 8970 215
internal_value=0 1.63385 -0.35758 2.46857 -0.624971 0.242714 -0.0668435
internal_count=65964 11807 54157 6450 37466 16691 8614
shrinkage=1


Tree=1
num_leaves=8
num_cat=0
split_feature=6 0 4 7 4 3 6
split_gain=291.982 179.348 67.7726 65.7607 49.0675 39.6857 18.507
threshold=5.8500000000000005 46.500000000000007 131.16666666666671 1.0000000180025095e-35 138.83333333333334 95.833333333333357 5.5500000000000007
decision_type=10 2 10 2 10 10 10
left_child=1 5 -2 4 6 -1 -3
right_child=2 3 -4 -5 -6 -7 -8
leaf_value=-0.031610443935598219 0.043264411366520761 -0.0036521467505738685 0.12084991344973187 0.090152158175657915 0.052300087098056447 0.066199087069408205 0.020951235399874334
leaf_count=30068 4405 18152 2524 1419 3122 572 5702
internal_value=0 -0.178853 1.44983 0.250954 0.164951 -0.592737 0.046339
internal_count=65964 59035 6929 28395 26976 30640 23854
shrinkage=0.05


Tree=2
num_leaves=8
num_cat=0
split_feature=5 0 0 5 4 5 2
split_gain=547.29 129.536 105.459 57.8009 54.51 48.9521 41.8644
threshold=2.8251984126984131 50.500000000000007 46.500000000000007 2.2243138634764255 137.83333333333334 1.8040226399838291 31.050000000000004
decision_type=10 2 2 10 10 8 10
left_child=1 3 6 -1 -4 -3 -2
right_child=2 5 4 -5 -6 -7 -8
leaf_value=-0.038880023741106551 0.017285120992965336 -0.012496819259159596 0.08192744152583753 -0.002794251052077059 0.16505908917466666 0.0282727918531562 0.12294066654485336
leaf_count=28852 4817 7721 5210 8614 1240 8970 540
internal_value=0 -0.34462 1.40774 -0.606509 1.99513 0.198624 0.588712
internal_count=65964 54157 11807 37466 6450 16691 5357
shrinkage=0.05


Tree=3
num_leaves=8
num_cat=0
split_feature=0 2 6 2 7 3 6
split_gain=232.736 129.052 77.7617 69.3565 37.5214 31.8856 31.0486
threshold=46.500000000000007 26.350000000000005 5.8500000000000005 25.250000000000004 1.0000000180025095e-35 91.583333333333357 6.3500000000000005
decision_type=2 10 10 10 2 10 10
left_child=3 2 4 -1 -2 -3 -5
right_child=1 5 -4 6 -6 -7 -8
leaf_value=-0.034398597054607363 -0.00040144153784717478 0.057891009564350428 0.060653972084099998 0.0022524429856945706 0.06719960390775806 0.13212384428646837 0.10384190928098086
leaf_count=25544 23890 4286 3408 6562 1062 858 354
internal_value=0 0.417713 0.210664 -0.491923 0.0579301 1.44246 0.184326
internal_count=65964 33504 28360 32460 24952 5144 6916
shrinkage=0.05


Tree=4
num_leaves=8
num_cat=0
split_feature=5 5 7 5 6 6 6
split_gain=456.556 95.5932 62.4448 61.301 59.0418 57.7649 32.6751
threshold=2.5368112014453481 3.5375234521575991 1.0000000180025095e-35 1.8040226399838291 7.4500000000000011 5.8500000000000005 5.5500000000000007
decision_type=10 10 2 10 10 8 10
left_child=3 2 4 -1 -2 -3 -5
right_child=1 5 -4 6 -6 -7 -8
leaf_value=-0.033122121874959484 0.023452155126215769 0.057066227680466465 0.13177125024247191 -0.015335778455984828 0.18275065608969979 0.14557707558441599 0.018014474564044789
leaf_count=28339 12962 2209 647 14262 220 1516 5809
internal_value=0 0.96373 0.670685 -0.419742 0.547412 1.93142 -0.09978
internal_count=65964 17554 13829 48410 13182 3725 20071
shrinkage=0.05


Tree=5
num_leaves=8
num_cat=0
split_feature=5 0 0 5 5 3 5
split_gain=401.866 105.119 86.948 41.3554 41.0097 29.4085 28.5841
threshold=2.5368112014453481 50.500000000000007 46.500000000000007 4.1809090909090916 3.5375234521575991 93.833333333333357 1.8040226399838291
decision_type=10 2 2 10 10 10 8
left_child=1 -1 3 5 -4 -2 -3
right_child=2 6 4 -5 -6 -7 -8
leaf_value=-0.033525673182717736 -0.00036172534377073261 -0.011299640017777573 0.050926957654383903 0.10798593459633941 0.10270073215942153 0.095566196035477488 0.021629890468376909
leaf_count=33702 7084 7721 7617 492 1987 374 6987
internal_value=0 -0.40727 0.874477 0.267663 1.27681 0.114764 0.107967
internal_count=65964 48410 17554 7950 9604 7458 14708
shrinkage=0.05


Tree=6
num_leaves=8
num_cat=0
split_feature=5 0 0 6 5 5 6
split_gain=354.942 99.5627 69.5333 44.9297 33.5322 29.9157 29.1203
threshold=2.5368112014453481 50.500000000000007 46.500000000000007 7.4500000000000011 4.1809090909090916 3.0672316384180798 5.9500000000000011
decision_type=10 2 2 10 10 10 10
left_child=1 -1 4 5 6 -4 -2
right_child=2 -3 3 -5 -6 -7 -8
leaf_value=-0.032930632675225537 -0.0022736135009488487 0.0050963631451275398 0.032955389442316366 0.17305433988547786 0.093593574560426385 0.070363243139155332 0.075241723490436174
leaf_count=33702 6902 14708 4968 241 492 4395 556
internal_value=0 -0.394983 0.796643 1.14073 0.252031 1.04896 0.108933
internal_count=65964 48410 17554 9604 7950 9363 7458
shrinkage=0.05


Tree=7
num_leaves=8
num_cat=0
split_feature=5 0 0 5 7 2 6
split_gain=316.594 86.1244 75.4633 62.8869 41.71 24.7803 24.7426
threshold=2.2335497835497837 42.500000000000007 50.500000000000007 2.9043040293040296 1.0000000180025095e-35 24.850000000000005 7.6500000000000012
decision_type=10 2 2 10 2 10 10
left_child=2 -2 -1 6 -5 -4 -3
right_child=1 3 5 4 -6 -7 -8
leaf_value=-0.036742049154893257 -0.011839742877121638 0.016999071477236644 -0.0082203970520190166 0.052497602005573074 0.14208382776975956 0.035124781691403671 0.13044251626095407
leaf_count=29010 5918 10753 9986 7618 436 2100 143
internal_value=0 0.58 -0.482752 0.785901 1.18358 -0.00064142 0.395758
internal_count=65964 24868 41096 18950 8054 12086 10896
shrinkage=0.05


Tree=8
num_leaves=8
num_cat=0
split_feature=5 4 5 6 6 3 7
split_gain=284.784 69.4905 51.037 42.9866 37.6624 27.6545 25.9225
threshold=2.2335497835497837 137.16666666666671 3.1203448275862073 6.4500000000000011 5.9500000000000011 95.833333333333357 1.0000000180025095e-35
decision_type=10 10 10 10 10 10 2
left_child=4 2 3 6 5 -1 -2
right_child=1 -3 -4 -5 -6 -7 -8
leaf_value=-0.028652538525733958 -0.0026470378151257513 0.065295454394805427 0.041216320392720385 0.090236217587085985 0.023327329136787409 0.037568174840182662 0.07379206569570855
leaf_count=38007 13749 3877 6303 500 2170 919 439
internal_value=0 0.535959 0.362913 0.105324 -0.469908 -0.535764 0.0140127
internal_count=65964 24868 20991 14688 41096 38926 14188
shrinkage=0.05


Tree=9
num_leaves=8
num_cat=0
split_feature=5 0 0 5 1 4 0
split_gain=256.464 73.281 70.4244 49.1299 34.9582 25.3061 22.2392
threshold=2.2335497835497837 50.500000000000007 42.500000000000007 3.7625313283208022 1.5000000000000002 137.16666666666671 53.500000000000007
decision_type=10 2 2 10 2 10 2
left_child=1 -1 -2 4 5 -4 -6
right_child=2 -3 3 -5 6 -7 -8
leaf_value=-0.035827896244575573 -0.012161810648426148 0.00095208576621579446 0.013862013098380532 0.076788813024136982 0.037974987056819051 0.048380340234653457 0.1083305800434477
leaf_count=29010 5918 12086 12297 1777 1553 2530 793
internal_value=0 -0.457031 0.49624 0.672676 0.539627 0.418883 1.31665
internal_count=65964 41096 24868 18950 17173 14827 2346
shrinkage=0.05


Tree=10
num_leaves=8
num_cat=0
split_feature=0 2 2 0 3 2 4
split_gain=146.559 57.5193 54.1138 31.3184 22.4525 22.2267 20.8154
threshold=46.500000000000007 23.250000000000004 25.250000000000004 59.500000000000007 92.833333333333357 34.050000000000004 135.83333333333334
decision_type=2 10 10 2 10 10 10
left_child=2 3 4 -2 -1 -4 -3
right_child=1 6 5 -5 -6 -7 -8
leaf_value=-0.03352292581469319 -0.0056907627513389618 0.020991410676789009 0.0009613977330976992 0.043069005521390112 0.049670645057365403 0.080675414890385821 0.048064241766844928
leaf_count=25095 16609 10939 6529 1842 449 387 4114
internal_value=0 0.29929 -0.431353 -0.00240015 -0.631909 0.143174 0.587103
internal_count=65964 33504 32460 18451 25544 6916 15053
shrinkage=0.05


Tree=11
num_leaves=8
num_cat=0
split_feature=0 2 2 3 0 2 2
split_gain=133.233 51.2476 51.0138 32.8283 28.9564 24.5844 22.9438
threshold=46.500000000000007 23.150000000000002 26.350000000000005 93.833333333333357 59.500000000000007 21.650000000000002 31.050000000000004
decision_type=2 8 10 10 2 8 10
left_child=1 -1 4 6 5 -2 -3
right_child=2 3 -4 -5 -6 -7 -8
leaf_value=-0.036244426410830276 -0.012728281206111823 -0.013890913139884428 0.041421343047475155 0.066982910469802134 0.038440827302799657 0.011122758916223207 0.043116071054221453
leaf_count=19469 10106 11407 5144 688 2959 15295 896
internal_value=0 -0.418738 0.280186 -0.0538613 0.141374 0.0553605 -0.164996
internal_count=65964 32460 33504 12991 28360 25401 12303
shrinkage=0.05


Tree=12
num_leaves=8
num_cat=0
split_feature=5 0 0 5 3 2 0
split_gain=215.287 63.5903 54.1648 44.9268 19.5556 18.1829 17.9168
threshold=2.2335497835497837 50.500000000000007 38.500000000000007 2.9043040293040296 92.833333333333357 24.850000000000005 46.500000000000007
decision_type=10 2 2 10 10 10 2
left_child=1 -1 -2 6 -5 -3 -4
right_child=2 5 3 4 -6 -7 -8
leaf_value=-0.034681412649944836 -0.030879607027511542 -0.0075517419216853737 -0.0086857309464250711 0.03572714050493192 0.078992953483308481 0.028467252367957663 0.02011040529191822
leaf_count=29010 2642 9986 4790 8657 825 2100 7954
internal_value=0 -0.435466 0.43727 0.528487 0.817615 -0.00421309 0.225839
internal_count=65964 41096 24868 22226 9482 12086 12744
shrinkage=0.05


Tree=13
num_leaves=8
num_cat=0
split_feature=5 0 0 5 4 6 6
split_gain=194.462 60.7563 48.212 38.3959 24.5438 21.2176 20.0532
threshold=2.2335497835497837 50.500000000000007 38.500000000000007 3.5375234521575991 137.16666666666671 7.5500000000000007 5.8500000000000005
decision_type=10 2 2 10 10 10 8
left_child=1 -1 -2 4 5 -4 -5
right_child=2 -3 3 6 -6 -7 -8
leaf_value=-0.034112482123388292 -0.03026100999144557 -0.00020031211517702329 0.0093016409071715184 0.02959510065790831 0.041376565025753778 0.089438508751888912 0.073334734273414512
leaf_count=29010 2642 12086 15681 1914 3029 203 1399
internal_value=0 -0.42293 0.406634 0.489547 0.350733 0.227232 1.01785
internal_count=65964 41096 24868 22226 18913 15884 3313
shrinkage=0.05


Tree=14
num_leaves=8
num_cat=0
split_feature=5 5 0 0 7 6 0
split_gain=177.238 52.4736 49.6134 34.8309 23.7162 19.1387 19.8843
threshold=1.9674775251189847 2.9043040293040296 52.500000000000007 46.500000000000007 1.0000000180025095e-35 5.6500000000000012 42.500000000000007
decision_type=10 10 2 2 2 8 2
left_child=2 3 -1 -2 5 6 -3
right_child=1 4 -4 -5 -6 -7 -8
leaf_value=-0.035499515340091596 -0.016562974045854727 -0.025387033911822357 0.0024520950811120815 0.014448921313266472 0.082626293436051629 0.03886893132235357 0.022815379135691358
leaf_count=26610 9802 1467 6846 12132 469 5126 3512
internal_value=0 0.309676 -0.504125 0.0691488 0.624021 0.544498 0.248926
internal_count=65964 32508 33456 21934 10574 10105 4979
shrinkage=0.05


Tree=15
num_leaves=8
num_cat=0
split_feature=5 0 0 5 3 4 6
split_gain=161.706 47.4784 47.1434 41.3623 20.0524 18.2926 18.0274
threshold=1.9674775251189847 52.500000000000007 38.500000000000007 2.8251984126984131 92.833333333333357 156.25000000000003 5.5500000000000007
decision_type=10 2 2 10 10 10 10
left_child=1 5 -2 6 -5 -1 -4
right_child=2 -3 3 4 -6 -7 -8
leaf_value=-0.036267468588424841 -0.031479079726057929 0.0023249188237424406 -0.0031444841277156661 0.02633253015325078 0.065525112050140971 0.071556163797230357 0.020617286641913465
leaf_count=26404 3518 6846 12311 9669 901 206 6109
internal_value=0 -0.491274 0.2898 0.362218 0.621725 -0.698927 0.118012
internal_count=65964 33456 32508 28990 10570 26610 18420
shrinkage=0.05


Tree=16
num_leaves=8
num_cat=0
split_feature=6 2 3 0 6 6 0
split_gain=92.5734 61.0978 49.8792 28.2906 24.5832 22.1841 20.141
threshold=5.5500000000000007 21.650000000000002 100.83333333333336 44.500000000000007 5.9500000000000011 5.3500000000000005 53.500000000000007
decision_type=10 8 10 2 10 8 2
left_child=1 -1 3 -3 6 -4 -2
right_child=4 2 5 -5 -6 -7 -8
leaf_value=-0.030935214501514603 5.5620172629466568e-05 -0.020462879068206302 0.020607839518915778 0.0055374159264214226 0.035959721244215925 0.1630817560526002 0.0299272451108832
leaf_count=19549 9734 11486 232 16111 5105 202 3545
internal_value=0 -0.214542 -0.00829384 -0.0586549 0.385492 2.02329 0.198398
internal_count=65964 47580 28031 27597 18384 434 13279
shrinkage=0.05


Tree=17
num_leaves=8
num_cat=0
split_feature=0 2 6 2 3 2 3
split_gain=85.6983 44.5769 32.2066 25.4536 23.9723 20.9856 17.0768
threshold=46.500000000000007 21.650000000000002 5.8500000000000005 23.850000000000005 93.833333333333357 31.050000000000004 101.58333333333336
decision_type=2 8 10 10 10 10 10
left_child=1 -1 3 -2 5 -3 -5
right_child=2 4 -4 6 -6 -7 -8
leaf_value=-0.0405505138270425 -0.0041731438695854208 -0.014502958945084354 0.030943533037304689 0.014867161678750691 0.046711388254989494 0.03803800916861394 0.09080243183173789
leaf_count=13702 18788 17071 5109 9401 791 896 206
internal_value=0 -0.362289 0.207936 0.0972112 -0.124913 -0.206404 0.348581
internal_count=65964 32460 33504 28395 18758 17967 9607
shrinkage=0.05


Tree=18
num_leaves=8
num_cat=0
split_feature=5 5 6 6 2 7 6
split_gain=138.809 44.6742 27.2471 21.2233 22.1017 17.2699 16.5723
threshold=1.8040226399838291 2.8251984126984131 5.7500000000000009 5.5500000000000007 26.450000000000003 1.0000000180025095e-35 5.5500000000000007
decision_type=10 10 10 10 8 2 8
left_child=2 3 -1 4 -2 6 -3
right_child=1 5 -4 -5 -6 -7 -8
leaf_value=-0.032463023119454329 -0.013932745369658254 0.0059400834810688719 0.010195629021419864 0.015032310836160892 0.023997114730400879 0.063814841180846779 0.029581688317199969
leaf_count=25627 15584 4626 2712 7718 2516 522 6659
internal_value=0 0.225059 -0.541307 0.0121347 -0.154741 0.490325 0.425976
internal_count=65964 37625 28339 25818 18100 11807 11285
shrinkage=0.05


Tree=19
num_leaves=8
num_cat=0
split_feature=5 5 6 4 6 7 2
split_gain=127.431 38.9932 25.8493 20.1352 14.401 14.2238 14.3785
threshold=1.8040226399838291 2.8251984126984131 5.7500000000000009 122.25000000000001 5.5500000000000007 1.0000000180025095e-35 29.450000000000003
decision_type=10 10 10 10 10 2 8
left_child=2 3 -1 4 -2 -3 -7
right_child=1 5 -4 -5 -6 6 -8
leaf_value=-0.031860796796320257 -0.020092029605424017 0.019831660337889499 0.0096023281961133983 0.010483520448679434 0.0082521561090850588 0.079746555256085289 -0.00080654161234666494
leaf_count=25627 9768 11285 2712 12583 3467 378 144
internal_value=0 0.211534 -0.528455 0.0114613 -0.218843 0.455411 1.14882
internal_count=65964 37625 28339 25818 13235 11807 522
shrinkage=0.05


Tree=20
num_leaves=8
num_cat=0
split_feature=5 0 0 5 0 6 6
split_gain=116.988 39.3758 26.384 25.4143 18.2883 15.139 14.9191
threshold=1.8040226399838291 42.500000000000007 49.500000000000007 3.7625313283208022 65.500000000000014 6.8500000000000005 5.7500000000000009
decision_type=10 2 2 10 2 10 10
left_child=2 5 -1 4 -3 -2 -4
right_child=1 3 6 -5 -6 -7 -8
leaf_value=-0.038054673978100563 -0.017945615832849322 0.01021883893743461 -0.017577972934369655 0.041589533727546577 0.084333632769517095 0.078398291110536422 0.022363268972265198
leaf_count=19355 9027 26458 7462 1777 260 103 1522
internal_value=0 0.198939 -0.515591 0.296499 0.225703 -0.300017 -0.178014
internal_count=65964 37625 28339 28495 26718 9130 8984
shrinkage=0.05


Tree=21
num_leaves=8
num_cat=0
split_feature=5 5 6 6 2 4 3
split_gain=107.472 32.4207 23.5565 18.3215 19.3499 13.4152 13.1528
threshold=1.8040226399838291 2.8251984126984131 5.7500000000000009 5.3500000000000005 26.450000000000003 140.83333333333334 92.833333333333357
decision_type=10 10 10 10 10 10 10
left_child=2 3 5 4 -2 -1 -3
right_child=1 6 -4 -5 -6 -7 -8
leaf_value=-0.033740758173832146 -0.017879437281131977 0.016654815542282493 0.008886590214508553 0.0093046673098448624 0.024820045610050939 0.0094676694581934534 0.045451266022013201
leaf_count=24241 11419 10862 2712 12717 1682 1386 945
internal_value=0 0.187358 -0.502811 0.00423422 -0.22264 -0.61321 0.404763
internal_count=65964 37625 28339 25818 13101 25627 11807
shrinkage=0.05


Tree=22
num_leaves=8
num_cat=0
split_feature=5 0 0 5 0 4 3
split_gain=98.6665 35.6715 25.8607 25.1697 20.3002 13.8607 12.4646
threshold=1.8040226399838291 38.500000000000007 49.500000000000007 2.9043040293040296 65.500000000000014 122.25000000000001 92.833333333333357
decision_type=10 2 2 10 2 10 10
left_child=2 -2 -1 4 5 -3 -4
right_child=1 3 6 -5 -6 -7 -8
leaf_value=-0.037186635969097208 -0.029963110663728282 -0.0075940632386027485 -0.012099772222664272 0.022091423222466655 0.089997566593012723 0.010369908218376545 0.044839442273073959
leaf_count=19355 4197 11723 8445 9482 206 12017 539
internal_value=0 0.176411 -0.489992 0.232181 0.075448 0.0485853 -0.153864
internal_count=65964 37625 28339 33428 23946 23740 8984
shrinkage=0.05


Tree=23
num_leaves=8
num_cat=0
split_feature=5 5 6 1 3 6 4
split_gain=90.5683 26.1035 22.442 20.4295 19.5837 12.6694 12.577
threshold=1.8040226399838291 3.5375234521575991 5.7500000000000009 1.5000000000000002 92.833333333333357 7.5500000000000007 140.83333333333334
decision_type=10 10 10 2 10 10 10
left_child=2 3 6 4 5 -2 -1
right_child=1 -3 -4 -5 -6 -7 -8
leaf_value=-0.032677601948874299 -0.0041581164598344803 0.027536105230227238 0.0093632368073005654 0.023552425150990292 0.027225690842171548 0.044069550108022312 0.0091490764051032156
leaf_count=24241 25551 3725 2712 6112 1912 325 1386
internal_value=0 0.166185 -0.477199 0.0840574 0.00680759 -0.0569019 -0.590217
internal_count=65964 37625 28339 33900 27788 25876 25627
shrinkage=0.05


Tree=24
num_leaves=8
num_cat=0
split_feature=5 0 0 5 0 6 0
split_gain=83.1456 32.1049 25.2318 20.707 14.0209 11.5027 11.1347
threshold=1.8040226399838291 38.500000000000007 49.500000000000007 2.8251984126984131 46.500000000000007 5.7500000000000009 65.500000000000014
decision_type=10 2 2 10 2 10 2
left_child=2 -2 -1 4 -3 -4 -6
right_child=1 3 5 -5 6 -7 -8
leaf_value=-0.036292280102428201 -0.029448346771587516 -0.012123263340111205 -0.014820220897221875 0.019019953672945372 0.0068929031501411935 0.020145116408094393 0.071050630723313607
leaf_count=19355 4197 8677 7462 10570 13983 1522 198
internal_value=0 0.156691 -0.464459 0.208102 0.0541104 -0.130972 0.168056
internal_count=65964 37625 28339 33428 22858 8984 14181
shrinkage=0.05


end of trees

feature importances:
H25_lhrate=45
H25_age=42
H25_a1c=33
H25_bmi=19
H25_dbp=14
H25_sbp=12
H25_ht=8
H25_sex=2

parameters:
[boosting: gbdt]
[objective: binary]
[metric: binary]
[tree_learner: serial]
[device_type: cpu]
[data: ]
[valid: ]
[num_iterations: 100]
[learning_rate: 0.05]
[num_leaves: 8]
[num_threads: 0]
[max_depth: -1]
[min_data_in_leaf: 20]
[min_sum_hessian_in_leaf: 1]
[bagging_fraction: 0.4]
[bagging_freq: 0]
[bagging_seed: 3]
[feature_fraction: 0.8]
[feature_fraction_seed: 2]
[early_stopping_round: 0]
[max_delta_step: 0]
[lambda_l1: 0]
[lambda_l2: 1]
[min_gain_to_split: 0]
[drop_rate: 0.1]
[max_drop: 50]
[skip_drop: 0.5]
[xgboost_dart_mode: 0]
[uniform_drop: 0]
[drop_seed: 4]
[top_rate: 0.2]
[other_rate: 0.1]
[min_data_per_group: 100]
[max_cat_threshold: 32]
[cat_l2: 10]
[cat_smooth: 10]
[max_cat_to_onehot: 4]
[top_k: 20]
[monotone_constraints: ]
[feature_contri: ]
[forcedsplits_filename: ]
[refit_decay_rate: 0.9]
[verbosity: 0]
[max_bin: 255]
[min_data_in_bin: 3]
[bin_construct_sample_cnt: 200000]
[histogram_pool_size: -1]
[data_random_seed: 1]
[output_model: LightGBM_model.txt]
[snapshot_freq: -1]
[input_model: ]
[output_result: LightGBM_predict_result.txt]
[initscore_filename: ]
[valid_data_initscores: ]
[pre_partition: 0]
[enable_bundle: 1]
[max_conflict_rate: 0]
[is_enable_sparse: 1]
[sparse_threshold: 0.8]
[use_missing: 1]
[zero_as_missing: 0]
[two_round: 0]
[save_binary: 0]
[enable_load_from_binary_file: 1]
[header: 0]
[label_column: ]
[weight_column: ]
[group_column: ]
[ignore_column: ]
[categorical_feature: ]
[predict_raw_score: 0]
[predict_leaf_index: 0]
[predict_contrib: 0]
[num_iteration_predict: -1]
[pred_early_stop: 0]
[pred_early_stop_freq: 10]
[pred_early_stop_margin: 10]
[convert_model_language: ]
[convert_model: gbdt_prediction.cpp]
[num_class: 1]
[is_unbalance: 0]
[scale_pos_weight: 1]
[sigmoid: 1]
[boost_from_average: 1]
[reg_sqrt: 0]
[alpha: 0.9]
[fair_c: 1]
[poisson_max_delta_step: 0.7]
[tweedie_variance_power: 1.5]
[max_position: 20]
[label_gain: ]
[metric_freq: 1]
[is_provide_training_metric: 0]
[eval_at: ]
[num_machines: 1]
[local_listen_port: 12400]
[time_out: 120]
[machine_list_filename: ]
[machines: ]
[gpu_platform_id: -1]
[gpu_device_id: -1]
[gpu_use_dp: 0]

end of parameters

pandas_categorical:[]
