tree
version=v2
num_class=1
num_tree_per_iteration=1
label_index=0
max_feature_idx=8
objective=binary sigmoid:1
feature_names=H25_age H25_sex H25_bmi H25_dbp H25_sbp H25_lhrate H25_a1c H25_ht H25_dm
feature_infos=[20:76] [1:2] [0:65.599999999999994] [0:169] [0:238] [0.18181818181818185:8.8461538461538485] [2.7999999999999998:15.300000000000001] [0:1] [0:1]
tree_sizes=721 730 731 735 731 729 729 736 737 735 741 740 743 741 744 744 744 741 739 744 743 735 740 737 748

Tree=0
num_leaves=8
num_cat=0
split_feature=5 0 0 5 5 6 5
split_gain=736.144 173.838 137.249 91.1423 69.2822 63.0476 45.9461
threshold=2.903142589118199 51.500000000000007 46.500000000000007 3.7242021276595749 1.8040226399838291 6.6500000000000012 2.2293374316939896
decision_type=10 2 2 10 8 10 10
left_child=1 5 -2 -4 -3 6 -1
right_child=2 4 3 -5 -6 -7 -8
leaf_value=-4.0741189089916663 -3.9910227523346169 -4.0456781746271302 -3.9326094263511497 -3.8182139435181979 -3.9930198578640321 -3.931625827312657 -4.0438963738084572
leaf_count=30340 4878 6592 4446 1388 8093 456 9770
internal_value=0 -0.356322 1.82981 2.61773 0.355878 -0.614281 -0.647584
internal_count=65963 55251 10712 5834 14685 40566 40110
shrinkage=1


Tree=1
num_leaves=8
num_cat=0
split_feature=6 0 4 3 4 0 6
split_gain=297.119 176.352 68.3789 42.6201 31.3266 27.5077 24.6131
threshold=5.9500000000000011 46.500000000000007 138.16666666666671 90.833333333333357 130.83333333333334 59.500000000000007 5.3500000000000005
decision_type=10 2 8 10 10 2 8
left_child=1 3 5 -1 -2 -3 -4
right_child=4 2 6 -5 -6 -7 -8
leaf_value=-0.030755036888599138 0.060146162270387382 0.002260150306734677 0.012414448123815256 0.043790283221683136 0.12222295970868491 0.045808635801942804 0.079810008898974938
leaf_count=30270 2984 23583 1128 1125 2045 2194 2634
internal_value=0 -0.152634 0.2642 -0.55939 1.73311 0.122709 1.20655
internal_count=65963 60934 29539 31395 5029 25777 3762
shrinkage=0.05


Tree=2
num_leaves=8
num_cat=0
split_feature=5 0 5 5 0 5 6
split_gain=605.11 150.365 93.61 58.2187 57.7543 57.2039 45.2037
threshold=2.903142589118199 51.500000000000007 3.7242021276595749 2.1134219554030884 46.500000000000007 1.8040226399838291 6.5500000000000007
decision_type=10 2 10 10 2 8 10
left_child=1 3 4 -1 -2 -3 -5
right_child=2 5 -4 6 -6 -7 -8
leaf_value=-0.03966593617508548 0.020884287084555687 -0.011725740768604651 0.13563709361535667 -0.011829967318490434 0.083932195088840658 0.035256458446086401 0.11993929657541816
leaf_count=28362 3636 6592 2630 11923 4446 8093 281
internal_value=0 -0.343577 1.56291 -0.596255 1.14832 0.297239 -0.151461
internal_count=65963 55251 10712 40566 8082 14685 12204
shrinkage=0.05


Tree=3
num_leaves=8
num_cat=0
split_feature=6 2 0 4 0 3 6
split_gain=229.216 159.878 108.171 47.0537 38.7349 35.5167 24.514
threshold=5.9500000000000011 21.650000000000002 46.500000000000007 138.16666666666671 52.500000000000007 90.833333333333357 6.7500000000000009
decision_type=10 8 2 8 2 10 10
left_child=1 4 5 -4 -1 -3 -2
right_child=6 2 3 -5 -6 -7 -8
leaf_value=-0.040367219550567317 0.054228271115664042 -0.018593550824719873 0.018767488674618915 0.068306260355375667 -0.0012483424050190907 0.053641335643393698 0.10982067920687565
leaf_count=19567 3643 16947 16042 2955 4457 966 1386
internal_value=0 -0.143987 0.164048 0.54142 -0.648064 -0.28356 1.4267
internal_count=65963 60934 36910 18997 24024 17913 5029
shrinkage=0.05


Tree=4
num_leaves=8
num_cat=0
split_feature=5 5 6 6 3 1 6
split_gain=507.759 101.272 57.213 46.652 46.2533 41.129 35.4609
threshold=2.5690981432360744 3.7242021276595749 5.5500000000000007 7.4500000000000011 92.833333333333357 1.5000000000000002 5.6500000000000012
decision_type=10 10 10 10 10 2 8
left_child=2 3 -1 4 5 -2 -3
right_child=1 6 -4 -5 -6 -7 -8
leaf_value=-0.029563593632246962 0.020920269416743464 0.062774940763367509 0.00088830872903218486 0.15948323641861875 0.10487067765971568 0.085806487639122381 0.14376847689346278
leaf_count=37131 11523 1194 11974 283 990 1432 1436
internal_value=0 1.04066 -0.432755 0.772609 0.697714 0.568909 2.20355
internal_count=65963 16858 49105 14228 13945 12955 2630
shrinkage=0.05


Tree=5
num_leaves=8
num_cat=0
split_feature=5 0 0 5 5 1 0
split_gain=445.615 109.067 88.7594 43.9311 38.0632 34.3851 32.0025
threshold=2.5690981432360744 51.500000000000007 46.500000000000007 3.5042372881355939 3.7633971291866035 1.5000000000000002 38.500000000000007
decision_type=10 2 2 10 10 2 2
left_child=1 -1 3 -2 5 -4 -5
right_child=2 -3 4 6 -6 -7 -8
leaf_value=-0.033068486585475752 -0.00081159795938735759 0.0077816526817333989 0.048540787137127304 -0.020547509471936495 0.11476530494909042 0.11820736922281319 0.085293035180743063
leaf_count=36273 5813 12832 7024 430 1265 907 1419
internal_value=0 -0.42012 0.940985 0.328594 1.3609 1.14891 1.22268
internal_count=65963 49105 16858 7662 9196 7931 1849
shrinkage=0.05


Tree=6
num_leaves=8
num_cat=0
split_feature=5 0 0 5 5 3 5
split_gain=392.393 103.103 71.7414 37.0897 31.2193 30.8299 29.2254
threshold=2.5690981432360744 51.500000000000007 44.500000000000007 3.3603278688524596 1.8040226399838291 87.833333333333357 3.7242021276595749
decision_type=10 2 2 10 8 10 10
left_child=1 -1 6 -4 -3 -5 -2
right_child=2 4 3 5 -6 -7 -8
leaf_value=-0.032466599443059657 -0.0039890611344740911 -0.011459954594241217 0.042915341829823678 0.066882873768520215 0.025001512016426992 0.14153669837116611 0.058482820629191301
leaf_count=36273 4985 6592 7613 2651 6240 633 976
internal_value=0 -0.407669 0.854195 1.15 0.146757 1.6752 0.183525
internal_count=65963 49105 16858 10897 12832 3284 5961
shrinkage=0.05


Tree=7
num_leaves=8
num_cat=0
split_feature=5 0 0 4 5 6 2
split_gain=348.94 85.9589 64.3803 45.7701 34.9747 28.7003 24.0273
threshold=2.5034246575342469 51.500000000000007 46.500000000000007 135.83333333333334 3.5042372881355939 5.6500000000000012 24.850000000000005
decision_type=10 2 2 10 10 8 10
left_child=1 -1 4 -4 -2 -6 -3
right_child=2 6 3 -5 5 -7 -8
leaf_value=-0.032276054749704672 -0.0026776304307622768 -0.0036029226030602096 0.04012474890144864 0.089945731459811842 0.0084218024512319172 0.089593109767942283 0.036167843192134237
leaf_count=35275 6457 9936 7679 2327 988 861 2440
internal_value=0 -0.415712 0.744676 1.06368 0.240547 0.996587 0.0966434
internal_count=65963 47651 18312 10006 8306 1849 12376
shrinkage=0.05


Tree=8
num_leaves=8
num_cat=0
split_feature=5 6 4 5 6 3 5
split_gain=310.17 50.1547 50.1155 39.264 31.0621 22.9931 22.9138
threshold=2.5034246575342469 5.5500000000000007 137.83333333333334 4.6018867924528308 5.5500000000000007 100.83333333333336 1.7168238993710694
decision_type=10 10 10 10 8 8 10
left_child=1 5 3 4 -2 -1 -3
right_child=2 6 -4 -5 -6 -7 -8
leaf_value=-0.029374827641537794 0.0036965831495924251 -0.018237302152893764 0.069791718438405578 0.11775308996624863 0.035090476824637805 0.061792341233981085 0.016494052708668563
leaf_count=35766 6576 5222 2963 332 8441 365 6298
internal_value=0 -0.403313 0.682446 0.511287 0.446463 -0.563837 0.0334773
internal_count=65963 47651 18312 15349 15017 36131 11520
shrinkage=0.05


Tree=9
num_leaves=8
num_cat=0
split_feature=5 0 0 5 3 4 1
split_gain=278.259 77.9547 63.0235 54.2824 31.2442 31.0364 28.8334
threshold=2.349021779254338 51.500000000000007 39.500000000000007 2.903142589118199 89.833333333333357 137.16666666666671 1.5000000000000002
decision_type=10 2 2 10 10 10 2
left_child=1 -1 -2 5 6 -4 -5
right_child=2 -3 3 4 -6 -7 -8
leaf_value=-0.033652133178350106 -0.026156759548686404 0.0038810395484436782 0.0040906933847326089 0.035330520842590522 0.091535788288599859 0.055639332763146344 0.097544622334033493
leaf_count=32693 2673 11261 8357 7558 1157 1538 726
internal_value=0 -0.437176 0.563907 0.681678 0.986294 0.276567 0.832277
internal_count=65963 43954 22009 19336 9441 9895 8284
shrinkage=0.05


Tree=10
num_leaves=8
num_cat=0
split_feature=2 0 0 4 7 2 0
split_gain=143.857 80.2644 46.902 32.3035 29.1565 23.1829 19.9969
threshold=21.650000000000002 46.500000000000007 50.500000000000007 134.83333333333334 1.0000000180025095e-35 31.650000000000002 41.500000000000007
decision_type=8 2 2 8 2 10 2
left_child=2 4 -1 -3 5 -2 -7
right_child=1 3 -4 -5 -6 6 -8
leaf_value=-0.039045941062280376 -0.014207930530777874 0.016221749526361611 -0.0006933148908571064 0.044899060747643091 0.082541630914821404 -0.010417651916029537 0.099443175494504238
leaf_count=18150 17788 16312 6732 5831 394 395 361
internal_value=0 0.239452 -0.526417 0.496988 -0.164286 -0.216982 0.945328
internal_count=65963 41081 24882 22143 18938 18544 756
shrinkage=0.05


Tree=11
num_leaves=8
num_cat=0
split_feature=2 0 0 3 4 2 3
split_gain=131.89 70.4004 45.2288 27.4395 26.8286 22.208 14.3731
threshold=21.650000000000002 46.500000000000007 50.500000000000007 90.833333333333357 134.83333333333334 28.650000000000002 95.833333333333357
decision_type=8 2 2 10 8 10 8
left_child=2 3 -1 5 -3 -2 -6
right_child=1 4 -4 -5 6 -7 -8
leaf_value=-0.03856993057973572 -0.017928612349922352 0.015170931385550935 -0.00065938447013638084 0.042984399172503907 0.032110841790808226 0.023490306950990823 0.070495185151310327
leaf_count=18150 15874 16312 6732 1106 4669 1958 1162
internal_value=0 0.224872 -0.513544 -0.157139 0.460932 -0.246811 0.817367
internal_count=65963 41081 24882 18938 22143 17832 5831
shrinkage=0.05


Tree=12
num_leaves=8
num_cat=0
split_feature=5 0 0 5 2 3 4
split_gain=232.966 62.0893 55.3779 50.5159 27.1332 22.9059 22.8742
threshold=2.2293374316939896 51.500000000000007 39.500000000000007 3.5042372881355939 24.850000000000005 100.83333333333336 137.16666666666671
decision_type=10 2 2 10 10 10 10
left_child=1 5 -2 6 -3 -1 -4
right_child=2 4 3 -5 -6 -7 -8
leaf_value=-0.035575485669698502 -0.027236019815611492 -0.0086275873549649766 0.012763902088311364 0.056571854836387138 0.038644538054727062 0.076357759221933372 0.042462233513749233
leaf_count=30356 3041 8523 15565 3489 1792 222 2975
internal_value=0 -0.453997 0.454057 0.552553 0.015751 -0.685696 0.380026
internal_count=65963 40893 25070 22029 10315 30578 18540
shrinkage=0.05


Tree=13
num_leaves=8
num_cat=0
split_feature=5 0 0 5 6 7 7
split_gain=210.492 62.949 43.3876 37.7475 21.6444 21.2331 19.2092
threshold=2.349021779254338 51.500000000000007 39.500000000000007 2.903142589118199 5.5500000000000007 1.0000000180025095e-35 1.0000000180025095e-35
decision_type=10 2 2 10 10 2 2
left_child=1 6 -2 4 -4 -5 -1
right_child=2 -3 3 5 -6 -7 -8
leaf_value=-0.033488877837665756 -0.024119198729219606 0.002044924495280495 -0.0024613662175927745 0.035562856898864251 0.031158132509550487 0.09315283360318205 0.039521577330472658
leaf_count=32120 2673 11261 6483 8976 3412 465 573
internal_value=0 -0.40449 0.461241 0.548749 0.215157 0.786348 -0.637002
internal_count=65963 43954 22009 19336 9895 9441 32693
shrinkage=0.05


Tree=14
num_leaves=8
num_cat=0
split_feature=5 0 0 5 2 6 3
split_gain=191.754 56.5095 43.8549 37.2673 23.7774 21.9991 21.0536
threshold=2.2293374316939896 51.500000000000007 39.500000000000007 2.903142589118199 24.850000000000005 5.5500000000000007 100.83333333333336
decision_type=10 2 2 10 10 10 10
left_child=1 6 -2 5 -3 -4 -1
right_child=2 4 3 -5 -6 -7 -8
leaf_value=-0.034507201901720651 -0.025993167747220304 -0.0083541127912561026 -0.0026146457815367495 0.036005335002405249 0.035262327289984741 0.027883564013346004 0.070362213536854776
leaf_count=30356 3041 8523 8288 9441 1792 4300 222
internal_value=0 -0.429617 0.394891 0.476742 0.0128803 0.189515 -0.663056
internal_count=65963 40893 25070 22029 10315 12588 30578
shrinkage=0.05


Tree=15
num_leaves=8
num_cat=0
split_feature=5 0 0 5 2 6 4
split_gain=173.486 53.9297 39.1417 34.8061 23.7925 21.6144 19.0059
threshold=2.2293374316939896 50.500000000000007 38.500000000000007 3.5042372881355939 24.850000000000005 7.4500000000000011 137.16666666666671
decision_type=10 2 2 10 10 10 10
left_child=1 -1 -2 5 -3 6 -4
right_child=2 4 3 -5 -6 -7 -8
leaf_value=-0.033567922205253946 -0.028211019074306731 -0.0096575741364155563 0.0071695410992064007 0.044256069293056137 0.031619147152397289 0.078200669612446372 0.033722568537936752
leaf_count=28970 2726 9888 15571 3542 2035 336 2895
internal_value=0 -0.417092 0.367951 0.43828 -0.0210314 0.296162 0.254869
internal_count=65963 40893 25070 22344 11923 18802 18466
shrinkage=0.05


Tree=16
num_leaves=8
num_cat=0
split_feature=2 0 0 7 2 6 6
split_gain=94.9327 45.5728 39.1884 27.9083 25.9806 20.2539 17.3254
threshold=21.650000000000002 44.500000000000007 50.500000000000007 1.0000000180025095e-35 26.750000000000004 5.8500000000000005 6.7500000000000009
decision_type=8 2 2 2 8 10 10
left_child=2 -2 -1 4 6 -4 -3
right_child=1 3 5 -5 -6 -7 -8
leaf_value=-0.036703927356544964 -0.010349203465166079 0.0047453364129638803 -0.0084879820154691501 0.053616033704006083 0.032482406718715523 0.051897490817389737 0.057939077781519188
leaf_count=18150 14910 19183 6028 1701 4819 704 468
internal_value=0 0.177986 -0.465406 0.324248 0.259954 -0.00978156 0.1363
internal_count=65963 41081 24882 26171 24470 6732 19651
shrinkage=0.05


Tree=17
num_leaves=8
num_cat=0
split_feature=2 6 0 3 6 0 0
split_gain=87.0373 42.8336 37.6037 32.8247 26.5171 24.9984 21.3551
threshold=21.650000000000002 5.5500000000000007 50.500000000000007 100.83333333333336 5.3500000000000005 44.500000000000007 64.500000000000014
decision_type=8 10 2 8 8 2 2
left_child=2 3 -1 5 -5 -2 -7
right_child=1 -3 -4 4 -6 6 -8
leaf_value=-0.036177396593485123 -0.019093205978436834 0.022585274894927655 -0.00045647859795102655 -0.0011170143785331009 0.14092476219998612 0.0035618936392505306 0.11781003042829521
leaf_count=18150 11665 13005 6732 230 214 15835 132
internal_value=0 0.167668 -0.452689 -0.0173631 1.53623 -0.0599792 0.100847
internal_count=65963 41081 24882 28076 444 27632 15967
shrinkage=0.05


Tree=18
num_leaves=8
num_cat=0
split_feature=5 5 6 6 1 4 5
split_gain=146.808 35.7007 30.5459 21.675 21.2225 17.4007 15.8145
threshold=2.1134219554030884 2.903142589118199 5.9500000000000011 5.5500000000000007 1.5000000000000002 129.83333333333334 4.1710801393728234
decision_type=10 10 10 10 2 8 10
left_child=2 3 5 -2 6 -1 -3
right_child=1 4 -4 -5 -6 -7 -8
leaf_value=-0.03092491625788947 -0.0071150853291857821 0.017708207917574673 0.022442926209947409 0.01941312600937594 0.065840921930542293 -0.0076929703700834616 0.050935537401930311
leaf_count=28313 12014 8839 1858 5502 884 7564 989
internal_value=0 0.301333 -0.430344 0.0637176 0.530455 -0.503559 0.447414
internal_count=65963 28228 37735 17516 10712 35877 9828
shrinkage=0.05


Tree=19
num_leaves=8
num_cat=0
split_feature=5 5 6 6 5 4 2
split_gain=133.926 44.8809 26.9132 19.8094 14.4335 14.3997 12.4804
threshold=1.8040226399838291 2.903142589118199 5.5500000000000007 5.7500000000000009 4.1710801393728234 126.83333333333336 31.150000000000002
decision_type=10 10 10 10 10 10 10
left_child=3 2 5 -1 -3 6 -2
right_child=1 4 -4 -5 -6 -7 -8
leaf_value=-0.031508264394862616 -0.019799283172452848 0.02042877681548794 0.01618460704033382 0.0051896049097611904 0.050641074636855049 0.0049255704807713921 0.084178539526020058
leaf_count=25667 12110 9672 8069 2652 1040 6633 120
internal_value=0 0.218595 0.0118706 -0.537492 0.491864 -0.178086 -0.361981
internal_count=65963 37644 26932 28319 10712 18863 12230
shrinkage=0.05


Tree=20
num_leaves=8
num_cat=0
split_feature=5 5 0 0 0 2 6
split_gain=122.984 39.1562 37.9726 23.9838 18.4417 15.3633 13.2269
threshold=1.8040226399838291 2.903142589118199 46.500000000000007 59.500000000000007 36.500000000000007 23.750000000000004 5.5500000000000007
decision_type=10 10 2 2 2 10 10
left_child=3 2 -2 5 -3 -1 -4
right_child=1 4 6 -5 -6 -7 -8
leaf_value=-0.035711471924217301 -0.019387947561046111 -0.029436608757685431 0.0015337100773629598 0.023541436817138262 0.025318639961595446 -0.0078184982418552772 0.022720453601444476
leaf_count=22325 12232 871 9206 1226 9841 4768 5494
internal_value=0 0.20559 0.0113264 -0.524624 0.456784 -0.598188 0.220633
internal_count=65963 37644 26932 28319 10712 27093 14700
shrinkage=0.05


Tree=21
num_leaves=8
num_cat=0
split_feature=5 5 6 6 1 6 3
split_gain=112.887 34.2272 21.995 18.9546 16.7804 14.2976 14.0958
threshold=1.8040226399838291 2.903142589118199 5.5500000000000007 5.7500000000000009 1.5000000000000002 5.9500000000000011 91.833333333333357
decision_type=10 10 10 10 2 10 10
left_child=3 2 -2 -1 6 -6 -3
right_child=1 4 -4 -5 5 -7 -8
leaf_value=-0.030347499006193775 -0.0082372190165059082 0.013388255454894396 0.014320758260719874 0.0058554521864297854 0.034439484103769451 0.11158256425681118 0.043818484598601888
leaf_count=25667 18863 8912 8069 2652 729 155 916
internal_value=0 0.193262 0.0106312 -0.511791 0.424616 1.08806 0.352227
internal_count=65963 37644 26932 28319 10712 884 9828
shrinkage=0.05


Tree=22
num_leaves=8
num_cat=0
split_feature=5 0 5 0 0 6 1
split_gain=103.693 35.0862 27.1714 22.6459 20.6006 14.1382 13.8383
threshold=1.8040226399838291 38.500000000000007 2.903142589118199 59.500000000000007 46.500000000000007 5.9500000000000011 1.5000000000000002
decision_type=10 2 10 2 2 10 2
left_child=3 -2 4 5 -3 -1 -6
right_child=1 2 -4 -5 6 -7 -8
leaf_value=-0.031562593159151456 -0.029644648349478459 -0.014290210802440771 0.022269467875711935 0.023198105738076524 0.0049173488947275926 0.0142482160475049 0.031835878762388102
leaf_count=26091 4238 9113 9593 1226 11727 1002 2973
internal_value=0 0.182098 0.237275 -0.498919 0.0661108 -0.574432 0.205035
internal_count=65963 37644 33406 28319 23813 27093 14700
shrinkage=0.05


Tree=23
num_leaves=8
num_cat=0
split_feature=5 5 6 2 3 1 6
split_gain=95.1617 26.9268 19.2205 17.6887 16.3661 12.1545 14.4386
threshold=1.8040226399838291 2.9645989974937348 5.5500000000000007 25.550000000000004 95.833333333333357 1.5000000000000002 5.6500000000000012
decision_type=10 10 10 10 10 2 10
left_child=3 2 4 -1 -2 -3 -7
right_child=1 5 -4 -5 -6 6 -8
leaf_value=-0.028368203134576032 -0.009936428058575416 0.016141640598996428 0.013252535288066551 0.011645196459550729 0.041988237499639987 0.014794355772158719 0.081749430079601934
leaf_count=26149 18835 8966 8404 2170 650 467 322
internal_value=0 0.171396 0.019145 -0.486075 -0.142303 0.386071 0.962633
internal_count=65963 37644 27889 28319 19485 9755 789
shrinkage=0.05


Tree=24
num_leaves=8
num_cat=0
split_feature=5 0 7 0 5 0 6
split_gain=87.3748 31.3144 25.5616 21.5477 20.7004 18.8788 16.3611
threshold=1.8040226399838291 38.500000000000007 1.0000000180025095e-35 52.500000000000007 3.5042372881355939 51.500000000000007 6.4500000000000011
decision_type=10 2 2 2 10 2 10
left_child=3 -2 4 -1 5 6 -3
right_child=1 2 -4 -5 -6 -7 -8
leaf_value=-0.032394857321622415 -0.029065858318332052 -0.0065342219415538017 0.044384649877163729 -0.0026027964532590476 0.024671213723038307 0.014377891330248272 0.04248505214050699
leaf_count=22782 4238 18692 1598 5537 3375 9236 505
internal_value=0 0.161617 0.212174 -0.473241 0.163276 0.0768657 -0.0781535
internal_count=65963 37644 33406 28319 31808 28433 19197
shrinkage=0.05


end of trees

feature importances:
H25_lhrate=48
H25_age=44
H25_a1c=31
H25_bmi=15
H25_dbp=13
H25_sbp=12
H25_sex=7
H25_ht=5

parameters:
[boosting: gbdt]
[objective: binary]
[metric: binary]
[tree_learner: serial]
[device_type: cpu]
[data: ]
[valid: ]
[num_iterations: 100]
[learning_rate: 0.05]
[num_leaves: 8]
[num_threads: 0]
[max_depth: -1]
[min_data_in_leaf: 20]
[min_sum_hessian_in_leaf: 1]
[bagging_fraction: 0.4]
[bagging_freq: 0]
[bagging_seed: 3]
[feature_fraction: 0.8]
[feature_fraction_seed: 2]
[early_stopping_round: 0]
[max_delta_step: 0]
[lambda_l1: 0]
[lambda_l2: 1]
[min_gain_to_split: 0]
[drop_rate: 0.1]
[max_drop: 50]
[skip_drop: 0.5]
[xgboost_dart_mode: 0]
[uniform_drop: 0]
[drop_seed: 4]
[top_rate: 0.2]
[other_rate: 0.1]
[min_data_per_group: 100]
[max_cat_threshold: 32]
[cat_l2: 10]
[cat_smooth: 10]
[max_cat_to_onehot: 4]
[top_k: 20]
[monotone_constraints: ]
[feature_contri: ]
[forcedsplits_filename: ]
[refit_decay_rate: 0.9]
[verbosity: 0]
[max_bin: 255]
[min_data_in_bin: 3]
[bin_construct_sample_cnt: 200000]
[histogram_pool_size: -1]
[data_random_seed: 1]
[output_model: LightGBM_model.txt]
[snapshot_freq: -1]
[input_model: ]
[output_result: LightGBM_predict_result.txt]
[initscore_filename: ]
[valid_data_initscores: ]
[pre_partition: 0]
[enable_bundle: 1]
[max_conflict_rate: 0]
[is_enable_sparse: 1]
[sparse_threshold: 0.8]
[use_missing: 1]
[zero_as_missing: 0]
[two_round: 0]
[save_binary: 0]
[enable_load_from_binary_file: 1]
[header: 0]
[label_column: ]
[weight_column: ]
[group_column: ]
[ignore_column: ]
[categorical_feature: ]
[predict_raw_score: 0]
[predict_leaf_index: 0]
[predict_contrib: 0]
[num_iteration_predict: -1]
[pred_early_stop: 0]
[pred_early_stop_freq: 10]
[pred_early_stop_margin: 10]
[convert_model_language: ]
[convert_model: gbdt_prediction.cpp]
[num_class: 1]
[is_unbalance: 0]
[scale_pos_weight: 1]
[sigmoid: 1]
[boost_from_average: 1]
[reg_sqrt: 0]
[alpha: 0.9]
[fair_c: 1]
[poisson_max_delta_step: 0.7]
[tweedie_variance_power: 1.5]
[max_position: 20]
[label_gain: ]
[metric_freq: 1]
[is_provide_training_metric: 0]
[eval_at: ]
[num_machines: 1]
[local_listen_port: 12400]
[time_out: 120]
[machine_list_filename: ]
[machines: ]
[gpu_platform_id: -1]
[gpu_device_id: -1]
[gpu_use_dp: 0]

end of parameters

pandas_categorical:[]
