tree
version=v2
num_class=1
num_tree_per_iteration=1
label_index=0
max_feature_idx=8
objective=binary sigmoid:1
feature_names=H25_age H25_sex H25_bmi H25_dbp H25_sbp H25_lhrate H25_a1c H25_ht H25_dm
feature_infos=[20:76] [1:2] [0:65.599999999999994] [0:145] [0:228] [0.097560975609756101:8.8461538461538485] [3:15.300000000000001] [0:1] [0:1]
tree_sizes=718 732 735 741 737 730 738 743 743 743 736 747 738 742 743 741 746 749 743 744 742 740 741 743 745

Tree=0
num_leaves=8
num_cat=0
split_feature=5 0 0 5 3 6 6
split_gain=691.474 177.692 126.177 76.2704 71.0172 59.7294 44.627
threshold=2.9172374429223749 50.500000000000007 43.500000000000007 1.8040226399838291 87.250000000000014 6.4500000000000011 5.5500000000000007
decision_type=10 2 2 8 10 10 10
left_child=1 5 -2 -3 -4 -1 -5
right_child=2 3 4 6 -6 -7 -8
leaf_value=-4.0676787040689453 -4.0101768981272965 -4.047585464523447 -3.9370857803982049 -4.0188121068416383 -3.8389343268760197 -3.9433211108444839 -3.9658033305680251
leaf_count=37835 3059 7627 5984 5577 1379 519 3983
internal_value=0 -0.339771 1.8025 0.305923 2.34192 -0.629141 0.759174
internal_count=65963 55541 10422 17187 7363 38354 9560
shrinkage=1


Tree=1
num_leaves=8
num_cat=0
split_feature=0 6 6 4 3 3 0
split_gain=269.501 124.383 90.4838 49.6255 40.097 35.3653 29.3535
threshold=47.500000000000007 5.8500000000000005 6.1500000000000012 141.83333333333334 87.833333333333357 91.833333333333357 59.500000000000007
decision_type=2 10 10 8 10 10 2
left_child=2 3 4 6 -1 -3 -2
right_child=1 5 -4 -5 -6 -7 -8
leaf_value=-0.029551926143211178 0.0051963448911359648 0.068091202468518894 0.091826292649073216 0.064700676633896823 0.020531324448958558 0.16875778492322199 0.051378788023395905
leaf_count=32732 20567 4153 873 2542 2467 514 2115
internal_value=0 0.525309 -0.45413 0.30914 -0.518503 1.63025 0.193661
internal_count=65963 29891 36072 25224 35199 4667 22682
shrinkage=0.05


Tree=2
num_leaves=8
num_cat=0
split_feature=5 0 0 5 5 4 5
split_gain=577.147 144.014 105.116 56.5863 50.3005 42.2684 41.1416
threshold=2.8251984126984131 50.500000000000007 46.500000000000007 1.8040226399838291 3.6448028673835133 140.83333333333334 1.9844951923076926
decision_type=10 2 2 8 10 10 10
left_child=1 6 4 -3 -2 -4 -1
right_child=2 3 5 -5 -6 -7 -8
leaf_value=-0.041144812131297011 0.0094549286641711656 -0.013599140925095758 0.088235895307847881 0.03018981022625597 0.090588838768024371 0.17108212197371392 -0.013854951424520423
leaf_count=24348 3965 7627 5596 9065 1433 889 13040
internal_value=0 -0.354533 1.44398 0.215883 0.639446 2.03967 -0.632272
internal_count=65963 54080 11883 16692 5398 6485 37388
shrinkage=0.05


Tree=3
num_leaves=8
num_cat=0
split_feature=0 2 6 2 2 2 0
split_gain=224.427 142.869 69.299 67.5317 43.932 36.6833 35.7497
threshold=46.500000000000007 26.550000000000004 5.8500000000000005 30.350000000000005 21.350000000000005 21.650000000000002 59.500000000000007
decision_type=2 10 10 10 8 10 2
left_child=3 2 4 5 -2 -1 -6
right_child=1 -3 -4 -5 6 -7 -8
leaf_value=-0.043611350741472807 -0.018529154633606919 0.076923772903758153 0.056677399007942809 0.057059189111297752 0.0083878558030381477 -0.016165050722914989 0.066194900973412699
leaf_count=13704 9109 4791 3449 1339 14637 17431 1503
internal_value=0 0.411645 0.202447 -0.481793 0.0573524 -0.56053 0.287353
internal_count=65963 33489 28698 32474 25249 31135 16140
shrinkage=0.05


Tree=4
num_leaves=8
num_cat=0
split_feature=5 5 5 7 6 1 6
split_gain=476.966 96.2591 60.1101 53.4091 47.7391 37.5216 26.4543
threshold=2.5690981432360744 3.5368112014453481 1.8040226399838291 1.0000000180025095e-35 5.6500000000000012 1.5000000000000002 5.5500000000000007
decision_type=10 10 10 2 8 2 10
left_child=2 3 -1 5 -3 -2 -4
right_child=1 4 6 -5 -6 -7 -8
leaf_value=-0.033067700453653336 0.022102457736889847 0.05337196630958807 -0.014636245308825201 0.13024681095269458 0.1342780117826041 0.083804427473255713 0.014777440289531095
leaf_count=28284 11119 1736 14826 617 1970 1438 5973
internal_value=0 1.01266 -0.417765 0.705474 1.98034 0.590189 -0.109936
internal_count=65963 16880 49083 13174 3706 12557 20799
shrinkage=0.05


Tree=5
num_leaves=8
num_cat=0
split_feature=5 0 0 5 5 1 2
split_gain=418.543 99.6055 96.33 51.7994 30.6418 33.121 27.6661
threshold=2.5690981432360744 50.500000000000007 47.500000000000007 3.2395652173913052 3.5368112014453481 1.5000000000000002 26.650000000000002
decision_type=10 2 2 10 10 2 10
left_child=1 -1 3 -2 5 -4 -3
right_child=2 6 4 -5 -6 -7 -8
leaf_value=-0.03305088746599507 -0.006647202673342574 -0.0011691203695457194 0.048049575381602927 0.050921005119151298 0.10716180849831791 0.11993289932144824 0.049991264128245033
leaf_count=34118 5397 13527 5668 3254 1745 816 1438
internal_value=0 -0.405306 0.916193 0.344338 1.40738 1.16409 0.0895543
internal_count=65963 49083 16880 8651 8229 6484 14965
shrinkage=0.05


Tree=6
num_leaves=8
num_cat=0
split_feature=5 0 0 6 5 5 5
split_gain=368.71 94.4066 76.4961 47.2565 41.2462 26.7243 25.2222
threshold=2.5690981432360744 50.500000000000007 47.500000000000007 5.9500000000000011 3.7242021276595749 1.8040226399838291 1.9844951923076926
decision_type=10 2 2 10 10 8 10
left_child=1 6 3 4 -2 -3 -1
right_child=2 5 -4 -5 -6 -7 -8
leaf_value=-0.039795776231981737 -0.0060059443110364727 -0.012322060829991165 0.062530126862162735 0.093359745245534476 0.061977619230990114 0.019126197937583866 -0.015203355884417123
leaf_count=24348 6703 7627 8229 749 1199 7338 9770
internal_value=0 -0.392999 0.832666 0.321502 0.133255 0.0847688 -0.64898
internal_count=65963 49083 16880 8651 7902 14965 34118
shrinkage=0.05


Tree=7
num_leaves=8
num_cat=0
split_feature=5 0 0 4 5 5 2
split_gain=326.794 96.902 57.7529 43.8863 37.7852 31.2327 29.6774
threshold=2.6813346228239854 50.500000000000007 40.500000000000007 137.83333333333334 4.0944940476190483 1.9844951923076926 26.650000000000002
decision_type=10 2 2 10 10 10 10
left_child=1 5 -2 4 -4 -1 -3
right_child=2 6 3 -5 -6 -7 -8
leaf_value=-0.039336676844468899 -0.015529812064793789 -0.00019250794348750109 0.032212872175704031 0.087809608211861151 0.099048989905229368 -0.013189090206615498 0.048921213321991536
leaf_count=24348 2083 14174 9435 2188 865 11287 1583
internal_value=0 -0.34864 0.833268 0.985252 0.784131 -0.609353 0.114996
internal_count=65963 51392 14571 12488 10300 35635 15757
shrinkage=0.05


Tree=8
num_leaves=8
num_cat=0
split_feature=5 5 7 2 4 6 4
split_gain=293.075 70.8981 38.9098 36.1229 34.8408 33.8141 27.6374
threshold=2.2335497835497837 2.9172374429223749 1.0000000180025095e-35 26.750000000000004 138.16666666666671 6.4500000000000011 136.16666666666671
decision_type=10 10 2 10 10 10 10
left_child=3 4 6 -1 5 -2 -3
right_child=1 2 -4 -5 -6 -7 -8
leaf_value=-0.027376298976688019 -0.0030351334480164158 0.031818933324706977 0.12343329524897138 0.017568015495880308 0.052082586444463876 0.087564676546122294 0.073466481362306366
leaf_count=38204 12236 8196 473 2789 1895 417 1753
internal_value=0 0.544633 0.915294 -0.476097 0.178444 0.0257874 0.813955
internal_count=65963 24970 10422 40993 14548 12653 9949
shrinkage=0.05


Tree=9
num_leaves=8
num_cat=0
split_feature=5 0 0 5 1 5 2
split_gain=264.018 69.102 68.1756 42.3151 37.9238 29.1259 23.5413
threshold=2.2335497835497837 46.500000000000007 50.500000000000007 3.5684046345811056 1.5000000000000002 3.7683363148479425 24.850000000000005
decision_type=10 2 2 10 2 10 10
left_child=2 3 -1 -2 5 -3 -4
right_child=1 4 6 -5 -6 -7 -8
leaf_value=-0.03562975653471926 -0.0092802733483171081 0.025926305939591106 -0.0085954000565570728 0.04719213971636349 0.081412567515314588 0.072967033971749015 0.032909617057249457
leaf_count=28937 9561 10746 9932 1632 1883 1148 2124
internal_value=0 0.504297 -0.463191 0.0439361 0.783941 0.645745 -0.00304998
internal_count=65963 24970 40993 11193 13777 11894 12056
shrinkage=0.05


Tree=10
num_leaves=8
num_cat=0
split_feature=0 2 2 3 4 2 0
split_gain=142.153 60.0316 48.063 37.1995 28.806 26.4841 16.1249
threshold=46.500000000000007 22.150000000000002 21.650000000000002 99.833333333333357 137.83333333333334 31.050000000000004 59.500000000000007
decision_type=2 8 10 10 8 10 2
left_child=2 6 -1 5 -3 -4 -2
right_child=1 4 3 -5 -6 -7 -8
leaf_value=-0.041851769853257836 -0.010879584142818415 0.018396359860666189 -0.01574464549360944 0.10458277161741997 0.048775458988343852 0.041995117134512046 0.0313529445956367
leaf_count=13704 12206 15880 17474 305 4139 991 1264
internal_value=0 0.29609 -0.422868 -0.176287 0.513226 -0.230766 -0.123122
internal_count=65963 33489 32474 18770 20019 18465 13470
shrinkage=0.05


Tree=11
num_leaves=8
num_cat=0
split_feature=0 2 2 0 3 7 4
split_gain=129.201 53.1597 46.6538 38.188 35.0878 22.9564 16.7899
threshold=46.500000000000007 26.550000000000004 21.650000000000002 59.500000000000007 87.833333333333357 1.0000000180025095e-35 116.16666666666667
decision_type=2 8 10 2 10 2 10
left_child=2 3 -1 5 -4 -2 -5
right_child=1 -3 4 6 -6 -7 -8
leaf_value=-0.041459918612099605 -0.00073019907687978895 0.041997463519286828 -0.014987275167266362 0.0002554300511490131 0.036753606171556638 0.051033080398751353 0.057366780975220057
leaf_count=13704 24464 5057 16858 822 1912 1029 2117
internal_value=0 0.277208 -0.410357 0.135514 -0.168787 0.0349537 0.845986
internal_count=65963 33489 32474 28432 18770 25493 2939
shrinkage=0.05


Tree=12
num_leaves=8
num_cat=0
split_feature=5 0 0 5 4 1 5
split_gain=223.103 58.9041 55.1462 46.241 23.0179 18.3213 20.5848
threshold=2.2335497835497837 50.500000000000007 40.500000000000007 2.9172374429223749 138.16666666666671 1.5000000000000002 4.0944940476190483
decision_type=10 2 2 10 10 2 10
left_child=1 -1 -2 4 -4 6 -5
right_child=2 -3 3 5 -6 -7 -8
leaf_value=-0.034489778375758916 -0.022845309723822677 -0.0013276401963536728 0.0050152444920871083 0.031499944851985928 0.045618332699700614 0.084262571616646353 0.073651496818397624
leaf_count=28937 3562 12056 10717 7188 1742 755 1006
internal_value=0 -0.44243 0.446191 0.555202 0.24162 0.852642 0.760375
internal_count=65963 40993 24970 21408 12459 8949 8194
shrinkage=0.05


Tree=13
num_leaves=8
num_cat=0
split_feature=5 0 0 5 6 4 7
split_gain=201.596 56.3514 48.6052 38.6275 26.5281 20.9596 18.4513
threshold=2.2335497835497837 50.500000000000007 40.500000000000007 2.9172374429223749 7.7500000000000009 138.16666666666671 1.0000000180025095e-35
decision_type=10 2 2 10 10 10 2
left_child=1 -1 -2 4 5 -4 -5
right_child=2 -3 3 6 -6 -7 -8
leaf_value=-0.033917197186050844 -0.022210293341215062 -0.0012632161139571254 0.0020842663317484247 0.035070454995182083 0.1237841861959878 0.040599430252332064 0.086967503432294785
leaf_count=28937 3562 12056 10608 8493 149 1702 456
internal_value=0 -0.429822 0.414981 0.513885 0.226965 0.17833 0.778557
internal_count=65963 40993 24970 21408 12459 12310 8949
shrinkage=0.05


Tree=14
num_leaves=8
num_cat=0
split_feature=5 0 0 5 6 7 2
split_gain=182.398 53.8443 42.9813 32.383 21.7927 19.0747 17.9256
threshold=2.2335497835497837 50.500000000000007 40.500000000000007 2.9172374429223749 7.7500000000000009 1.0000000180025095e-35 24.850000000000005
decision_type=10 2 2 10 10 2 10
left_child=1 -1 -2 4 5 -4 -3
right_child=2 6 3 -5 -6 -7 -8
leaf_value=-0.03333609666215312 -0.021580201446436111 -0.0087756856222597907 0.0046132095125396289 0.035662419120553387 0.10780708690908272 0.060181553201756902 0.026288610553612337
leaf_count=28937 3562 9932 11698 8949 149 612 2124
internal_value=0 -0.417321 0.38672 0.476797 0.213819 0.168038 -0.0240368
internal_count=65963 40993 24970 21408 12459 12310 12056
shrinkage=0.05


Tree=15
num_leaves=8
num_cat=0
split_feature=5 0 0 5 4 2 0
split_gain=165.128 51.3828 38.0941 28.5192 19.6833 17.8918 17.3369
threshold=2.2335497835497837 50.500000000000007 40.500000000000007 3.5368112014453481 137.16666666666671 33.550000000000004 46.500000000000007
decision_type=10 2 2 10 10 10 2
left_child=1 -1 -2 4 5 6 -4
right_child=2 -3 3 -5 -6 -7 -8
leaf_value=-0.032746896610387946 -0.020955696634160973 -0.0011440240461245525 -0.0092149351335224453 0.044364692186933112 0.036613717460276071 0.10239437618198999 0.016172837730869728
leaf_count=28937 3562 12056 5529 3151 3044 157 9527
internal_value=0 -0.404954 0.360789 0.443064 0.32184 0.207264 0.177313
internal_count=65963 40993 24970 21408 18257 15213 15056
shrinkage=0.05


Tree=16
num_leaves=8
num_cat=0
split_feature=6 0 2 0 2 6 3
split_gain=94.3783 55.4315 33.3209 26.589 24.5125 22.9005 19.8842
threshold=5.5500000000000007 47.500000000000007 26.350000000000005 59.500000000000007 21.250000000000004 5.9500000000000011 95.833333333333357
decision_type=10 2 8 2 10 10 10
left_child=1 4 -3 5 -1 -2 -6
right_child=3 2 -4 -5 6 -7 -8
leaf_value=-0.043333196285755007 0.0053056564375306156 -0.0037656748374012821 0.036398332268872048 0.053891730768456547 -0.018449652297393836 0.032681088792062538 0.051256506241170285
leaf_count=11070 12127 16844 2241 1793 17054 4355 479
internal_value=0 -0.214248 0.0579981 0.394042 -0.489694 0.293037 -0.310741
internal_count=65963 47688 19085 18275 28603 16482 17533
shrinkage=0.05


Tree=17
num_leaves=8
num_cat=0
split_feature=6 0 2 2 0 7 6
split_gain=84.5446 51.699 29.5132 24.0802 22.104 21.5915 19.6641
threshold=5.5500000000000007 47.500000000000007 27.050000000000004 21.250000000000004 59.500000000000007 1.0000000180025095e-35 5.9500000000000011
decision_type=10 2 8 10 2 2 10
left_child=1 3 5 -1 6 -3 -2
right_child=4 2 -4 -5 -6 -7 -8
leaf_value=-0.042999501058906153 0.0050155682886973401 -0.0058343862793838915 0.038862381592757234 -0.014988817739473199 0.048716477821859429 0.050204901701704809 0.030111430570024085
leaf_count=11070 12127 16643 1689 17533 1793 753 4355
internal_value=0 -0.205895 0.0549316 -0.476835 0.367431 -0.0543214 0.274527
internal_count=65963 47688 19085 28603 18275 17396 16482
shrinkage=0.05


Tree=18
num_leaves=8
num_cat=0
split_feature=5 5 2 1 7 6 6
split_gain=140.828 29.3289 27.0031 24.2051 22.7489 15.6196 15.388
threshold=2.2335497835497837 3.5368112014453481 26.750000000000004 1.5000000000000002 1.0000000180025095e-35 7.2500000000000009 5.5500000000000007
decision_type=10 10 10 2 2 10 10
left_child=2 3 6 4 5 -2 -1
right_child=1 -3 -4 -5 -6 -7 -8
leaf_value=-0.02830246565610571 0.00038670014952982664 0.036994116091997042 0.015748218879682276 0.037275082929654577 0.04733811093646207 0.05900269745161877 -0.0076555068033957747
leaf_count=29831 17154 3706 2789 2946 858 306 8373
internal_value=0 0.323543 -0.385283 0.206737 0.11179 0.0443681 -0.458856
internal_count=65963 24970 40993 21264 18318 17460 38204
shrinkage=0.05


Tree=19
num_leaves=8
num_cat=0
split_feature=5 5 6 3 6 5 6
split_gain=129.551 45.1601 27.502 23.6139 13.2576 12.6901 11.8183
threshold=1.8040226399838291 2.9172374429223749 5.5500000000000007 100.83333333333336 5.7500000000000009 4.0944940476190483 5.9500000000000011
decision_type=10 10 10 10 10 10 10
left_child=4 2 3 -2 -1 6 -3
right_child=1 5 -4 -5 -6 -7 -8
leaf_value=-0.030345327081042622 -0.010636585795708281 0.015529266064564708 0.016501257665044181 0.084954260097452175 -6.9959518313262236e-05 0.048039053711037394 0.041937354413250777
leaf_count=25598 18881 7893 8122 254 2686 1255 1274
internal_value=0 0.214042 0.0146267 -0.17076 -0.531045 0.498227 0.412138
internal_count=65963 37679 27257 19135 28284 10422 9167
shrinkage=0.05


Tree=20
num_leaves=8
num_cat=0
split_feature=5 5 0 0 3 6 7
split_gain=118.965 39.4059 36.0253 26.1808 13.7736 13.024 12.2611
threshold=1.8040226399838291 2.9172374429223749 46.500000000000007 54.500000000000007 98.833333333333357 5.5500000000000007 1.0000000180025095e-35
decision_type=10 10 2 2 10 10 2
left_child=3 2 -2 4 -1 -4 -3
right_child=1 6 5 -5 -6 -7 -8
leaf_value=-0.034418569030352564 -0.018854244234912332 0.020373432078478745 0.0014704460458545151 0.0025197913515480549 0.059577986469602787 0.022013455272822745 0.057434571269494
leaf_count=24141 12252 9949 9470 3920 223 5535 473
internal_value=0 0.201396 0.0139579 -0.518158 -0.661169 0.209692 0.462667
internal_count=65963 37679 27257 28284 24364 15005 10422
shrinkage=0.05


Tree=21
num_leaves=8
num_cat=0
split_feature=5 5 6 3 1 2 2
split_gain=109.187 34.7059 17.7228 22.5743 14.0179 13.5401 13.3147
threshold=1.8040226399838291 2.8251984126984131 5.5500000000000007 100.83333333333336 1.5000000000000002 21.050000000000004 26.450000000000003
decision_type=10 10 10 10 2 10 8
left_child=-1 2 3 6 -3 -6 -2
right_child=1 4 -4 -5 5 -7 -8
leaf_value=-0.025262566980824658 -0.015246627281861193 0.017241745287517606 0.012813671291745052 0.08254983437560437 -0.020704408743928638 0.061072279933206179 0.014401614590164678
leaf_count=28284 15478 10843 7618 244 167 873 2456
internal_value=0 0.189486 -0.0028607 -0.159256 0.411624 0.98189 -0.204301
internal_count=65963 37679 25796 18178 11883 1040 17934
shrinkage=0.05


Tree=22
num_leaves=8
num_cat=0
split_feature=5 0 0 5 0 1 6
split_gain=100.227 35.2063 25.7236 24.8093 15.6985 17.2178 14.5435
threshold=1.8040226399838291 40.500000000000007 55.500000000000007 2.9172374429223749 48.500000000000007 1.5000000000000002 6.4500000000000011
decision_type=10 2 2 10 2 2 10
left_child=2 -2 -1 4 6 -6 -3
right_child=1 3 -4 -5 5 -7 -8
leaf_value=-0.03121512053034424 -0.023629754834459945 -0.011646775648382983 0.0071284694338235423 0.022690689428572532 0.0050427185614252803 0.036164391703225399 0.056117257578631979
leaf_count=25067 5506 11093 3217 8949 9421 2438 272
internal_value=0 0.178451 -0.492328 0.244241 0.0850369 0.233618 -0.16328
internal_count=65963 37679 28284 32173 23224 11859 11365
shrinkage=0.05


Tree=23
num_leaves=8
num_cat=0
split_feature=5 5 3 1 6 6 1
split_gain=91.9986 27.3525 15.4022 15.4579 14.006 13.1125 11.3843
threshold=1.8040226399838291 2.8251984126984131 75.833333333333357 1.5000000000000002 7.5500000000000007 5.7500000000000009 1.5000000000000002
decision_type=10 10 10 2 10 10 2
left_child=5 2 3 4 -2 -1 -3
right_child=1 6 -4 -5 -6 -7 -8
leaf_value=-0.028033888535739633 -0.022001534405597104 0.015019884181680621 0.0081657702810059209 0.010979551311473518 0.091603044641214354 0.002999902919095708 0.042893473902100396
leaf_count=25598 9216 10843 12883 3642 55 2686 1040
internal_value=0 0.168074 -0.00414106 -0.21428 -0.396797 -0.479522 0.360362
internal_count=65963 37679 25796 12913 9271 28284 11883
shrinkage=0.05


Tree=24
num_leaves=8
num_cat=0
split_feature=5 0 0 4 7 6 5
split_gain=84.4552 31.2224 24.9324 19.0801 16.3036 14.4243 13.579
threshold=1.8040226399838291 40.500000000000007 54.500000000000007 137.16666666666671 1.0000000180025095e-35 5.5500000000000007 2.5690981432360744
decision_type=10 2 2 10 2 8 10
left_child=2 -2 -1 4 5 -3 -7
right_child=1 3 -4 -5 -6 6 -8
leaf_value=-0.030927281785826616 -0.023083776520629019 -0.0050506781137166067 0.0047348137647480262 0.02594876439200576 0.042585395386398064 -0.0015012212436712516 0.019033875093853066
leaf_count=24364 5506 11972 3920 5125 925 7428 6723
internal_value=0 0.158493 -0.466719 0.21879 0.134759 0.0963152 0.225405
internal_count=65963 37679 28284 32173 27048 26123 14151
shrinkage=0.05


end of trees

feature importances:
H25_lhrate=48
H25_age=40
H25_a1c=26
H25_bmi=22
H25_sbp=11
H25_dbp=10
H25_sex=9
H25_ht=9

parameters:
[boosting: gbdt]
[objective: binary]
[metric: binary]
[tree_learner: serial]
[device_type: cpu]
[data: ]
[valid: ]
[num_iterations: 100]
[learning_rate: 0.05]
[num_leaves: 8]
[num_threads: 0]
[max_depth: -1]
[min_data_in_leaf: 20]
[min_sum_hessian_in_leaf: 1]
[bagging_fraction: 0.4]
[bagging_freq: 0]
[bagging_seed: 3]
[feature_fraction: 0.8]
[feature_fraction_seed: 2]
[early_stopping_round: 0]
[max_delta_step: 0]
[lambda_l1: 0]
[lambda_l2: 1]
[min_gain_to_split: 0]
[drop_rate: 0.1]
[max_drop: 50]
[skip_drop: 0.5]
[xgboost_dart_mode: 0]
[uniform_drop: 0]
[drop_seed: 4]
[top_rate: 0.2]
[other_rate: 0.1]
[min_data_per_group: 100]
[max_cat_threshold: 32]
[cat_l2: 10]
[cat_smooth: 10]
[max_cat_to_onehot: 4]
[top_k: 20]
[monotone_constraints: ]
[feature_contri: ]
[forcedsplits_filename: ]
[refit_decay_rate: 0.9]
[verbosity: 0]
[max_bin: 255]
[min_data_in_bin: 3]
[bin_construct_sample_cnt: 200000]
[histogram_pool_size: -1]
[data_random_seed: 1]
[output_model: LightGBM_model.txt]
[snapshot_freq: -1]
[input_model: ]
[output_result: LightGBM_predict_result.txt]
[initscore_filename: ]
[valid_data_initscores: ]
[pre_partition: 0]
[enable_bundle: 1]
[max_conflict_rate: 0]
[is_enable_sparse: 1]
[sparse_threshold: 0.8]
[use_missing: 1]
[zero_as_missing: 0]
[two_round: 0]
[save_binary: 0]
[enable_load_from_binary_file: 1]
[header: 0]
[label_column: ]
[weight_column: ]
[group_column: ]
[ignore_column: ]
[categorical_feature: ]
[predict_raw_score: 0]
[predict_leaf_index: 0]
[predict_contrib: 0]
[num_iteration_predict: -1]
[pred_early_stop: 0]
[pred_early_stop_freq: 10]
[pred_early_stop_margin: 10]
[convert_model_language: ]
[convert_model: gbdt_prediction.cpp]
[num_class: 1]
[is_unbalance: 0]
[scale_pos_weight: 1]
[sigmoid: 1]
[boost_from_average: 1]
[reg_sqrt: 0]
[alpha: 0.9]
[fair_c: 1]
[poisson_max_delta_step: 0.7]
[tweedie_variance_power: 1.5]
[max_position: 20]
[label_gain: ]
[metric_freq: 1]
[is_provide_training_metric: 0]
[eval_at: ]
[num_machines: 1]
[local_listen_port: 12400]
[time_out: 120]
[machine_list_filename: ]
[machines: ]
[gpu_platform_id: -1]
[gpu_device_id: -1]
[gpu_use_dp: 0]

end of parameters

pandas_categorical:[]
