tree
version=v2
num_class=1
num_tree_per_iteration=1
label_index=0
max_feature_idx=8
objective=binary sigmoid:1
feature_names=H25_age H25_sex H25_bmi H25_dbp H25_sbp H25_lhrate H25_a1c H25_ht H25_dl
feature_infos=[18:74] [1:2] [0:65.599999999999994] [0:145] [0:223] [0.18181818181818185:8.5500000000000007] [3:15] [0:1] [0:1]
tree_sizes=715 724 723 732 716 718 729 733 723 732 729 720 730 728 728 725 724 739 728 736 731 728 736 724 743

Tree=0
num_leaves=8
num_cat=0
split_feature=6 6 6 6 5 6 2
split_gain=5769.01 410.02 106.337 37.9031 35.9768 30.7858 21.4196
threshold=6.7500000000000009 6.2500000000000009 6.9500000000000011 6.3500000000000005 1.9959459459459461 5.9500000000000011 24.250000000000004
decision_type=10 10 10 10 10 10 8
left_child=1 5 -2 -3 -5 -1 -7
right_child=2 3 -4 4 -6 6 -8
leaf_value=-5.2775908169864048 -4.7173111557493552 -5.1385327561081109 -3.6634474727609612 -5.1403210771935059 -4.8637380675188986 -5.2632255886461898 -5.1847475057679615
leaf_count=59011 312 851 863 469 1050 3408 2857
internal_value=0 -0.56381 28.0284 4.84566 6.09575 -0.773676 0.140168
internal_count=68821 67646 1175 2370 1519 65276 6265
shrinkage=1


Tree=1
num_leaves=8
num_cat=0
split_feature=6 6 1 3 0 3 6
split_gain=1744.86 55.9675 51.5787 36.1357 30.8979 19.8685 14.2894
threshold=6.3500000000000005 6.1500000000000012 1.5000000000000002 73.833333333333357 38.500000000000007 88.833333333333357 5.9500000000000011
decision_type=10 10 2 10 2 10 10
left_child=1 6 4 -4 -2 -3 -1
right_child=2 5 3 -5 -6 -7 -8
leaf_value=-0.043235247998008139 0.046111123141943176 0.031096335497544276 -0.0057143939412006572 0.23942799943077731 0.37012595448070384 0.18788455276742519 -0.0046933951872538283
leaf_count=59011 68 1828 241 266 2119 310 4978
internal_value=0 -0.72357 6.64905 2.94694 7.2034 1.33976 -0.802418
internal_count=68821 66127 2694 507 2187 2138 63989
shrinkage=0.05


Tree=2
num_leaves=8
num_cat=0
split_feature=6 6 6 3 2 2 5
split_gain=1193.03 52.0111 33.6018 23.3531 21.2584 17.0024 13.8941
threshold=6.3500000000000005 6.1500000000000012 6.5500000000000016 63.833333333333336 22.750000000000004 32.550000000000004 2.2336879432624115
decision_type=10 10 10 10 10 10 10
left_child=1 5 -2 -4 -3 -1 -5
right_child=2 4 3 6 -6 -7 -8
leaf_value=-0.041031979393942306 0.12657940097872022 -0.029974195203448531 0.031336176376572378 0.1853335311347645 0.10199184693546495 0.056834238189350572 0.29324464885348872
leaf_count=63247 1018 704 77 578 1434 742 1021
internal_value=0 -0.713056 4.6179 5.07997 1.22322 -0.794048 5.23546
internal_count=68821 66127 2694 1676 2138 63989 1599
shrinkage=0.05


Tree=3
num_leaves=8
num_cat=0
split_feature=6 6 6 8 3 2 2
split_gain=918.419 31.6739 29.3559 27.8328 21.2547 18.1503 12.3527
threshold=6.2500000000000009 6.5500000000000016 5.9500000000000011 1.0000000180025095e-35 63.833333333333336 24.250000000000004 32.550000000000004
decision_type=10 10 10 2 10 8 10
left_child=2 -2 6 4 -3 -4 -1
right_child=1 3 5 -5 -6 -7 -8
leaf_value=-0.043809593466456812 0.10018940144658904 -0.0099359996109658795 -0.028057977275502213 0.32708597127513556 0.17863058276740751 0.044024935102011102 0.045136464804241258
leaf_count=58387 1869 74 3408 164 1438 2857 624
internal_value=0 3.39414 -0.745525 3.83052 3.44558 0.141788 -0.852289
internal_count=68821 3545 65276 1676 1512 6265 59011
shrinkage=0.05


Tree=4
num_leaves=8
num_cat=0
split_feature=6 6 2 6 0 2 0
split_gain=738.897 28.522 27.5009 23.4195 16.4217 16.1296 12.433
threshold=6.2500000000000009 5.9500000000000011 29.550000000000004 7.7500000000000009 59.500000000000007 24.250000000000004 38.500000000000007
decision_type=10 10 8 10 2 8 2
left_child=1 -1 3 -2 -5 -3 -4
right_child=2 5 6 4 -6 -7 -8
leaf_value=-0.04227640694700089 0.096586260932265439 -0.027461754613757907 0.018954791855924469 0.19677413633301954 -0.0034068498364682623 0.040224152987504314 0.2072174792382856
leaf_count=59011 2590 3408 54 224 22 2857 655
internal_value=0 -0.735655 2.76944 2.34999 3.60513 0.133561 3.93136
internal_count=68821 65276 3545 2836 246 6265 709
shrinkage=0.05


Tree=5
num_leaves=8
num_cat=0
split_feature=6 1 5 3 2 2 6
split_gain=612.671 30.5365 23.044 17.0157 15.3851 14.4402 14.456
threshold=6.1500000000000012 1.5000000000000002 2.9028324154209293 75.833333333333357 32.550000000000004 29.750000000000004 7.7500000000000009
decision_type=10 2 10 10 10 10 10
left_child=4 5 -3 -4 -1 6 -2
right_child=1 2 3 -5 -6 -7 -8
leaf_value=-0.039858731612409368 0.089450647770710379 0.0022053665456272095 -0.0043102081549626628 0.22704584484911955 0.050737338008768298 0.16576845021441289 0.15429947022254906
leaf_count=63247 2801 982 75 83 742 662 229
internal_value=0 2.19584 0.747637 2.99233 -0.767872 2.4361 2.12791
internal_count=68821 4832 1140 158 63989 3692 3030
shrinkage=0.05


Tree=6
num_leaves=8
num_cat=0
split_feature=6 6 8 4 1 2 6
split_gain=522.684 24.4876 18.1886 16.0681 16.0119 14.4502 13.0033
threshold=6.1500000000000012 6.5500000000000016 1.0000000180025095e-35 147.25000000000003 1.5000000000000002 32.550000000000004 5.9500000000000011
decision_type=10 10 2 10 2 10 10
left_child=5 4 3 -3 -2 6 -1
right_child=1 2 -4 -5 -6 -7 -8
leaf_value=-0.042931190331171647 0.073407081893496831 0.087121262040374473 0.19265969051807075 0.16426534668015857 -0.01174294397447052 0.04674150015401534 -0.0040957288152185193
leaf_count=58387 2276 1317 164 195 880 742 4860
internal_value=0 1.89846 2.2277 2.00458 1.09808 -0.758538 -0.788683
internal_count=68821 4832 1676 1512 3156 63989 63247
shrinkage=0.05


Tree=7
num_leaves=8
num_cat=0
split_feature=6 6 1 6 2 2 4
split_gain=451.541 18.5563 15.3481 14.0295 10.9662 8.56098 8.43414
threshold=6.1500000000000012 6.6500000000000012 1.5000000000000002 5.9500000000000011 31.650000000000002 25.450000000000003 143.16666666666671
decision_type=10 10 2 10 10 8 10
left_child=3 2 6 4 -1 -5 -2
right_child=1 -3 -4 5 -6 -7 -8
leaf_value=-0.04279000059446366 0.078534500955495967 0.098555322813618909 -0.0097451489518660863 -0.023298912630314465 0.030213749695693667 0.035313736950631787 0.0038306781161725916
leaf_count=58116 2186 1381 938 3388 895 1590 327
internal_value=0 1.66314 1.05849 -0.749002 -0.824561 -0.0301337 1.3626
internal_count=68821 4832 3451 63989 59011 4978 2513
shrinkage=0.05


Tree=8
num_leaves=8
num_cat=0
split_feature=6 2 6 3 2 6 2
split_gain=392.779 15.48 16.6605 14.1598 13.9532 12.2339 9.65086
threshold=6.1500000000000012 29.750000000000004 6.7500000000000009 89.833333333333357 25.450000000000003 5.8500000000000005 34.650000000000013
decision_type=10 10 10 10 8 8 8
left_child=4 2 -2 -3 -1 -6 -7
right_child=1 3 -4 -5 5 6 -8
leaf_value=-0.043082403548427073 0.034553177727779522 0.077854987895327424 0.079703452068553324 0.16470930167800599 -0.036151357465090704 0.001177601484468138 0.10242231500245053
leaf_count=51302 3145 587 891 209 7076 5328 283
internal_value=0 1.46775 1.24115 2.13925 -0.739249 -0.274316 0.229059
internal_count=68821 4832 4036 796 63989 12687 5611
shrinkage=0.05


Tree=9
num_leaves=8
num_cat=0
split_feature=6 6 2 1 8 2 6
split_gain=345.587 13.9406 12.0253 19.4751 10.6514 10.4661 9.67604
threshold=6.1500000000000012 5.9500000000000011 27.350000000000005 1.5000000000000002 1.0000000180025095e-35 31.650000000000002 7.7500000000000009
decision_type=10 10 8 2 2 10 10
left_child=1 5 3 6 -4 -1 -2
right_child=2 -3 4 -5 -6 -7 -8
leaf_value=-0.042148340692933252 0.049082239667817579 -0.00033100941684666374 0.072807003249176383 -0.011595069728572537 0.14445802042428915 0.028537448833105102 0.098279909887992067
leaf_count=58116 2210 4978 1333 892 234 895 163
internal_value=0 -0.72924 1.31138 1.02205 1.68627 -0.809527 1.22864
internal_count=68821 63989 4832 3265 1567 59011 2373
shrinkage=0.05


Tree=10
num_leaves=8
num_cat=0
split_feature=6 2 6 6 3 8 3
split_gain=306.108 14.1738 11.6659 10.2874 13.0888 10.5462 9.0978
threshold=6.1500000000000012 25.450000000000003 5.8500000000000005 6.3500000000000005 92.833333333333357 1.0000000180025095e-35 91.166666666666671
decision_type=10 8 8 10 8 2 8
left_child=1 -1 -3 4 -2 -5 -7
right_child=3 2 -4 5 -6 6 -8
leaf_value=-0.042468711652186505 0.0067484012219790265 -0.035158216612873626 0.012218804687116584 0.058183662128051261 0.12196577378907764 0.12366127665588825 0.0016961007626090496
leaf_count=51302 1973 7076 5611 2367 165 280 47
internal_value=0 -0.719047 -0.243179 1.18008 0.471621 1.29499 2.16291
internal_count=68821 63989 12687 4832 2138 2694 327
shrinkage=0.05


Tree=11
num_leaves=8
num_cat=0
split_feature=6 2 6 2 6 3 4
split_gain=272.612 14.018 10.943 9.18717 10.378 9.86917 8.63777
threshold=6.1500000000000012 25.450000000000003 5.8500000000000005 29.750000000000004 6.7500000000000009 89.833333333333357 165.33333333333334
decision_type=10 8 8 10 10 10 10
left_child=1 -1 -3 4 -2 -5 -7
right_child=3 2 -4 5 -6 6 -8
leaf_value=-0.042131168795528029 0.0248194259454491 -0.034638993803778891 0.011493647494263286 0.055225192479985585 0.057850113844910435 0.13342044060992345 -0.0059468944547606904
leaf_count=51302 3145 7076 5611 587 891 179 30
internal_value=0 -0.708708 -0.234457 1.06811 0.905394 1.5303 2.364
internal_count=68821 63989 12687 4832 4036 796 209
shrinkage=0.05


Tree=12
num_leaves=8
num_cat=0
split_feature=6 6 2 2 0 0 2
split_gain=243.904 13.8915 10.1809 8.48044 7.38434 6.80219 6.8578
threshold=6.1500000000000012 5.9500000000000011 31.650000000000002 20.750000000000004 45.500000000000007 33.500000000000007 30.550000000000004
decision_type=10 10 10 8 2 2 10
left_child=1 2 -1 -2 -4 -5 -7
right_child=3 -3 4 5 -6 6 -8
leaf_value=-0.041138679118870258 0.00018235364557878044 0.0016863968836961824 -0.015414242138472038 -0.033370701608100087 0.096199911234384927 0.046085657561887899 0.075081650410679865
leaf_count=58116 535 4978 631 59 264 3613 625
internal_value=0 -0.698167 -0.785796 0.971957 0.573831 1.03163 1.05757
internal_count=68821 63989 59011 4832 895 4297 4238
shrinkage=0.05


Tree=13
num_leaves=8
num_cat=0
split_feature=6 2 6 2 1 5 2
split_gain=218.489 14.1118 10.2867 7.75525 7.54113 15.1357 8.83008
threshold=6.1500000000000012 25.450000000000003 5.8500000000000005 34.650000000000013 1.5000000000000002 2.9028324154209293 27.950000000000003
decision_type=10 8 8 8 2 8 10
left_child=1 -1 -3 -4 -2 -6 -7
right_child=4 2 3 -5 5 6 -8
leaf_value=-0.041459978897429112 0.048462414348539873 -0.033571296668519983 0.0021701575608004168 0.089601482719388781 -0.010885699855189784 0.0016277886057643458 0.14115935839759064
leaf_count=51302 3692 7076 5328 283 982 98 60
internal_value=0 -0.687278 -0.205329 0.239581 0.885885 0.273658 1.79501
internal_count=68821 63989 12687 5611 4832 1140 158
shrinkage=0.05


Tree=14
num_leaves=8
num_cat=0
split_feature=6 6 2 8 2 6 2
split_gain=198.886 16.9605 9.75128 7.89996 8.15078 11.3315 7.77374
threshold=5.9500000000000011 6.3500000000000005 31.650000000000002 1.0000000180025095e-35 30.450000000000003 7.0500000000000016 22.750000000000004
decision_type=10 10 10 2 8 10 8
left_child=2 6 -1 -3 5 -5 -2
right_child=1 3 -4 4 -6 -7 -8
leaf_value=-0.040400161862640886 -0.023820924389469839 0.039564314264448168 0.02753541674578713 0.0051058526143045848 0.13471178774858469 0.099669837612270995 0.021555306127737262
leaf_count=58116 2637 2367 895 219 67 41 4479
internal_value=0 0.717065 -0.768631 0.891887 1.55584 0.994639 0.176905
internal_count=68821 9810 59011 2694 327 260 7116
shrinkage=0.05


Tree=15
num_leaves=8
num_cat=0
split_feature=6 6 1 2 8 0 2
split_gain=181.269 14.3749 10.0392 9.32325 6.77973 6.62223 7.88783
threshold=5.9500000000000011 6.3500000000000005 1.5000000000000002 31.650000000000002 1.0000000180025095e-35 53.500000000000007 30.450000000000003
decision_type=10 10 2 10 2 2 8
left_child=3 2 -2 -1 -3 6 -6
right_child=1 4 -4 -5 5 -7 -8
leaf_value=-0.039997057095110915 0.022079735070823919 0.036375810891571429 -0.030284387548515652 0.025792266311816678 0.052675103701246999 0.021366850200038742 0.1495590079050497
leaf_count=58116 4820 2367 2296 895 150 123 54
internal_value=0 0.662929 0.166289 -0.759427 0.819609 1.41907 1.8389
internal_count=68821 9810 7116 59011 2694 327 204
shrinkage=0.05


Tree=16
num_leaves=8
num_cat=0
split_feature=6 6 1 2 0 3 5
split_gain=165.493 12.2577 9.11947 8.9186 6.3837 6.13833 10.4996
threshold=5.9500000000000011 6.3500000000000005 1.5000000000000002 31.650000000000002 45.500000000000007 91.583333333333357 2.2515060240963858
decision_type=10 10 2 10 2 8 10
left_child=3 2 5 -1 -5 -2 -7
right_child=1 -3 -4 4 -6 6 -8
leaf_value=-0.03958227232061777 0.011253956377442396 0.037762594981449446 -0.029718231536287078 -0.016372366921621456 0.083687618757680562 -0.02961307391767214 0.11247900714740888
leaf_count=58116 4321 2694 2296 631 264 181 318
internal_value=0 0.614099 0.156171 -0.749992 0.483757 0.411174 1.39613
internal_count=68821 9810 7116 59011 895 4820 499
shrinkage=0.05


Tree=17
num_leaves=8
num_cat=0
split_feature=6 2 1 2 0 8 6
split_gain=151.107 10.5637 14.7347 8.62172 6.09465 5.95468 5.41713
threshold=5.9500000000000011 24.550000000000004 1.5000000000000002 32.550000000000004 33.500000000000007 1.0000000180025095e-35 6.2500000000000009
decision_type=10 8 2 10 2 2 10
left_child=3 2 6 5 -3 -1 -2
right_child=1 4 -4 -5 -6 -7 -8
leaf_value=-0.041062862408690573 -0.009217553910654078 -0.035879262202880902 -0.035917947800192647 0.029949092138713825 0.038031231802116587 0.0049310139115280316 0.030892978835739077
leaf_count=55747 2077 110 1932 624 4707 2640 984
internal_value=0 0.569044 0.232596 -0.740266 0.731589 -0.778326 0.464151
internal_count=68821 9810 4993 59011 4817 58387 3061
shrinkage=0.05


Tree=18
num_leaves=8
num_cat=0
split_feature=6 6 2 1 0 2 4
split_gain=138.062 9.55177 8.32368 8.15515 9.53055 11.3891 10.4048
threshold=5.9500000000000011 6.5500000000000016 31.650000000000002 1.5000000000000002 58.500000000000007 22.950000000000003 137.83333333333334
decision_type=10 10 10 2 2 10 10
left_child=2 3 -1 4 -2 -6 -7
right_child=1 -3 -4 -5 5 6 -8
leaf_value=-0.038720463512663686 0.012762059092898431 0.034539764963889781 0.022221619791455677 -0.021112509544510268 -0.029423265169410101 0.15953109178118635 -0.0054411672418430536
leaf_count=58116 5097 1676 895 2543 176 224 94
internal_value=0 0.527515 -0.730372 0.231484 0.399003 1.57879 2.32821
internal_count=68821 9810 59011 8134 5591 494 318
shrinkage=0.05


Tree=19
num_leaves=8
num_cat=0
split_feature=6 2 1 2 8 4 6
split_gain=126.538 8.43871 12.59 7.96395 4.45058 5.89795 4.42906
threshold=5.9500000000000011 24.550000000000004 1.5000000000000002 31.650000000000002 1.0000000180025095e-35 131.83333333333334 6.2500000000000009
decision_type=10 8 2 10 2 10 10
left_child=3 2 6 4 -1 -6 -2
right_child=1 -3 -4 -5 5 -7 -8
leaf_value=-0.040239870240742409 -0.009426380056440609 0.03157196114820305 -0.035372366412685839 0.020890464364338435 -0.03162062306579267 0.052277843733532885 0.026523850515261422
leaf_count=55501 2077 4817 1932 895 1697 918 984
internal_value=0 0.491184 0.193574 -0.720262 -0.765413 0.0196323 0.397057
internal_count=68821 9810 4993 59011 58116 2615 3061
shrinkage=0.05


Tree=20
num_leaves=8
num_cat=0
split_feature=6 2 6 8 1 0 2
split_gain=115.953 7.71456 7.65889 8.32239 7.53354 9.19205 10.6453
threshold=5.9500000000000011 34.650000000000013 6.6500000000000012 1.0000000180025095e-35 1.5000000000000002 58.500000000000007 22.950000000000003
decision_type=10 10 10 2 2 2 10
left_child=1 -1 4 -4 5 -2 -7
right_child=2 -3 3 -5 -6 6 -8
leaf_value=-0.037035764046598633 0.011403970694995704 0.044335524972401098 0.025985364125915844 0.068743322261244175 -0.019799875265733079 -0.031070083359403408 0.098695713009059785
leaf_count=58710 5299 301 1261 120 2601 184 345
internal_value=0 -0.70992 0.457163 0.61498 0.221066 0.361351 1.37917
internal_count=68821 59011 9810 1381 8429 5828 529
shrinkage=0.05


Tree=21
num_leaves=8
num_cat=0
split_feature=6 2 2 1 2 6 4
split_gain=106.506 7.52947 7.1471 11.0153 8.29796 7.16532 7.06897
threshold=5.9500000000000011 31.650000000000002 27.350000000000005 1.5000000000000002 27.450000000000003 7.7500000000000009 161.25000000000003
decision_type=10 10 8 2 8 10 10
left_child=1 -1 3 5 -4 -2 -6
right_child=2 -3 4 -5 6 -7 -8
leaf_value=-0.037345517734371059 0.012509313592250347 0.019877815811239902 0.12257632063249324 -0.023351474786312179 0.032447344778270215 0.044718854984978261 -0.027547268146755295
leaf_count=58116 4801 895 57 2360 2317 163 112
internal_value=0 -0.699322 0.427212 0.266914 0.641712 0.386426 0.582216
internal_count=68821 59011 9810 7324 2486 4964 2429
shrinkage=0.05


Tree=22
num_leaves=8
num_cat=0
split_feature=6 2 6 6 5 5 2
split_gain=97.9367 7.50207 6.23672 6.07862 6.14216 6.00004 5.8152
threshold=5.9500000000000011 25.050000000000004 6.2500000000000009 5.8500000000000005 1.5024752475247527 4.1851285189718483 24.250000000000004
decision_type=10 10 10 8 10 8 8
left_child=1 -1 6 4 -3 -5 -2
right_child=2 3 -4 5 -6 -7 -8
leaf_value=-0.041202004887503765 -0.02335833490717714 0.044187962910759764 0.023833270968864659 -0.0012166426075626332 -0.039433042602944703 0.08915229573867639 0.016448289294809203
leaf_count=46481 3408 715 3545 4201 7198 416 2857
internal_value=0 -0.688577 0.399777 -0.262851 -0.609394 0.243784 0.0240847
internal_count=68821 59011 9810 12530 7913 4617 6265
shrinkage=0.05


Tree=23
num_leaves=8
num_cat=0
split_feature=6 6 2 2 1 2 6
split_gain=89.9536 7.59423 9.5 5.84331 9.56196 7.25795 6.53077
threshold=5.9500000000000011 5.8500000000000005 34.650000000000013 27.350000000000005 1.5000000000000002 27.450000000000003 9.5500000000000025
decision_type=10 8 10 8 2 8 10
left_child=1 -1 -3 4 6 -5 -2
right_child=3 2 -4 5 -6 -7 -8
leaf_value=-0.042545196043618658 0.013448335810827747 -0.021159286733613124 0.085842251495872671 0.10943789536915177 -0.022995411231660521 0.025407544844327629 0.06227098619574456
leaf_count=39973 4915 18909 129 57 2360 2429 49
internal_value=0 -0.677498 -0.32642 0.373707 0.229957 0.56279 0.337724
internal_count=68821 59011 19038 9810 7324 2486 4964
shrinkage=0.05


Tree=24
num_leaves=8
num_cat=0
split_feature=6 2 8 5 6 8 4
split_gain=82.8257 7.64649 6.8507 6.83522 5.38468 7.16681 5.97439
threshold=5.9500000000000011 25.050000000000004 1.0000000180025095e-35 4.6321160042964573 6.6500000000000012 1.0000000180025095e-35 147.25000000000003
decision_type=10 10 2 8 10 2 10
left_child=1 -1 3 -3 -2 6 -6
right_child=4 2 -4 -5 5 -7 -8
leaf_value=-0.040491371530020845 0.0078771183022256983 -0.025387892207796043 0.05078801476463557 0.069197861085467022 0.014623917140078969 0.057553680571326163 0.045355642230232127
leaf_count=46481 8429 11102 1047 381 1087 120 174
internal_value=0 -0.666277 -0.229803 -0.390063 0.350706 0.477554 0.393138
internal_count=68821 59011 12530 11483 9810 1381 1261
shrinkage=0.05


end of trees

feature importances:
H25_a1c=66
H25_bmi=49
H25_sex=14
H25_dl=11
H25_age=10
H25_dbp=10
H25_lhrate=8
H25_sbp=7

parameters:
[boosting: gbdt]
[objective: binary]
[metric: binary]
[tree_learner: serial]
[device_type: cpu]
[data: ]
[valid: ]
[num_iterations: 100]
[learning_rate: 0.05]
[num_leaves: 8]
[num_threads: 0]
[max_depth: -1]
[min_data_in_leaf: 20]
[min_sum_hessian_in_leaf: 1]
[bagging_fraction: 0.4]
[bagging_freq: 0]
[bagging_seed: 3]
[feature_fraction: 0.9]
[feature_fraction_seed: 2]
[early_stopping_round: 0]
[max_delta_step: 0]
[lambda_l1: 0]
[lambda_l2: 1]
[min_gain_to_split: 0]
[drop_rate: 0.1]
[max_drop: 50]
[skip_drop: 0.5]
[xgboost_dart_mode: 0]
[uniform_drop: 0]
[drop_seed: 4]
[top_rate: 0.2]
[other_rate: 0.1]
[min_data_per_group: 100]
[max_cat_threshold: 32]
[cat_l2: 10]
[cat_smooth: 10]
[max_cat_to_onehot: 4]
[top_k: 20]
[monotone_constraints: ]
[feature_contri: ]
[forcedsplits_filename: ]
[refit_decay_rate: 0.9]
[verbosity: 0]
[max_bin: 255]
[min_data_in_bin: 3]
[bin_construct_sample_cnt: 200000]
[histogram_pool_size: -1]
[data_random_seed: 1]
[output_model: LightGBM_model.txt]
[snapshot_freq: -1]
[input_model: ]
[output_result: LightGBM_predict_result.txt]
[initscore_filename: ]
[valid_data_initscores: ]
[pre_partition: 0]
[enable_bundle: 1]
[max_conflict_rate: 0]
[is_enable_sparse: 1]
[sparse_threshold: 0.8]
[use_missing: 1]
[zero_as_missing: 0]
[two_round: 0]
[save_binary: 0]
[enable_load_from_binary_file: 1]
[header: 0]
[label_column: ]
[weight_column: ]
[group_column: ]
[ignore_column: ]
[categorical_feature: ]
[predict_raw_score: 0]
[predict_leaf_index: 0]
[predict_contrib: 0]
[num_iteration_predict: -1]
[pred_early_stop: 0]
[pred_early_stop_freq: 10]
[pred_early_stop_margin: 10]
[convert_model_language: ]
[convert_model: gbdt_prediction.cpp]
[num_class: 1]
[is_unbalance: 0]
[scale_pos_weight: 1]
[sigmoid: 1]
[boost_from_average: 1]
[reg_sqrt: 0]
[alpha: 0.9]
[fair_c: 1]
[poisson_max_delta_step: 0.7]
[tweedie_variance_power: 1.5]
[max_position: 20]
[label_gain: ]
[metric_freq: 1]
[is_provide_training_metric: 0]
[eval_at: ]
[num_machines: 1]
[local_listen_port: 12400]
[time_out: 120]
[machine_list_filename: ]
[machines: ]
[gpu_platform_id: -1]
[gpu_device_id: -1]
[gpu_use_dp: 0]

end of parameters

pandas_categorical:[]
