tree
version=v2
num_class=1
num_tree_per_iteration=1
label_index=0
max_feature_idx=8
objective=binary sigmoid:1
feature_names=H25_age H25_sex H25_bmi H25_dbp H25_sbp H25_lhrate H25_a1c H25_ht H25_dl
feature_infos=[18:74] [1:2] [0:65.599999999999994] [0:169] [0:238] [0.24468085106382975:8.8461538461538485] [3.4000000000000004:15] [0:1] [0:1]
tree_sizes=717 709 720 727 719 726 723 723 731 730 730 735 734 737 741 729 732 740 735 735 740 727 732 737 728

Tree=0
num_leaves=8
num_cat=0
split_feature=6 6 6 3 0 2 6
split_gain=5440.41 446.849 47.5032 23.9982 16.8923 15.9937 12.3435
threshold=6.7500000000000009 6.3500000000000005 5.9500000000000011 91.833333333333357 42.500000000000007 32.550000000000004 6.0500000000000016
decision_type=10 10 10 8 2 10 10
left_child=1 2 5 -4 -3 -1 -5
right_child=-2 4 3 6 -6 -7 -8
leaf_value=-5.2780132992601319 -3.8786864242202705 -5.1679156802451178 -5.2312998988238206 -5.2381345588910042 -4.886361924266895 -5.1779670844608212 -5.0500233691381853
leaf_count=58468 1186 218 6426 222 1311 613 377
internal_value=0 -0.549765 -0.727969 0.334788 6.38533 -0.855002 2.60171
internal_count=68821 67635 66106 7025 1529 59081 599
shrinkage=1


Tree=1
num_leaves=8
num_cat=0
split_feature=6 6 6 0 1 3 1
split_gain=1714.04 91.324 45.9315 25.4368 28.7433 20.0828 18.938
threshold=6.3500000000000005 6.9500000000000011 5.9500000000000011 59.500000000000007 1.5000000000000002 91.833333333333357 1.5000000000000002
decision_type=10 10 10 2 2 8 2
left_child=2 6 -1 4 -3 -4 -2
right_child=1 3 5 -5 -6 -7 -8
leaf_value=-0.04241427962922794 0.25127644721366832 0.46327931832482822 0.002608624552920501 0.12061935535788458 0.1327083342590499 0.11452610751894776 0.084487676471862616
leaf_count=59081 1450 704 6426 82 87 599 392
internal_value=0 6.58601 -0.717531 8.31051 8.74089 0.317869 4.48628
internal_count=68821 2715 66106 873 791 7025 1842
shrinkage=0.05


Tree=2
num_leaves=8
num_cat=0
split_feature=6 6 0 6 2 5 2
split_gain=1192.33 54.7068 43.6414 24.9406 24.3861 30.2819 19.3779
threshold=6.2500000000000009 6.5500000000000016 38.500000000000007 5.9500000000000011 29.550000000000004 4.2149859943977601 28.750000000000004
decision_type=10 10 2 10 8 10 10
left_child=3 -2 -3 -1 5 6 -4
right_child=1 2 4 -5 -6 -7 -8
leaf_value=-0.04206860015094669 0.1193428852210025 -0.010166797220362372 0.24404865071936441 0.0034597273171783367 0.35424885871348449 -0.0075146699822748343 0.041356851365182301
leaf_count=59081 1839 61 1133 6182 383 59 83
internal_value=0 4.39917 5.03205 -0.746282 5.24083 4.43384 4.65826
internal_count=68821 3558 1719 65263 1658 1275 1216
shrinkage=0.05


Tree=3
num_leaves=8
num_cat=0
split_feature=6 8 6 6 0 0 2
split_gain=912.763 38.9569 26.2308 24.3196 20.2034 17.5916 16.1183
threshold=6.2500000000000009 1.0000000180025095e-35 6.5500000000000016 5.9500000000000011 38.500000000000007 47.500000000000007 32.550000000000004
decision_type=10 2 10 10 2 2 10
left_child=3 2 -2 6 -4 -6 -1
right_child=1 -3 4 -5 5 -7 -8
leaf_value=-0.043080630087357963 0.07952551843649891 0.28705091862292548 -0.0092736749083035305 0.0032805588003325249 0.22600939340601078 0.14089740502888634 0.058387484136916017
leaf_count=58468 1580 440 59 6182 531 948 613
internal_value=0 3.41469 3.03548 -0.736426 3.41946 3.54206 -0.834239
internal_count=68821 3558 3118 65263 1538 1479 59081
shrinkage=0.05


Tree=4
num_leaves=8
num_cat=0
split_feature=6 1 6 5 2 6 2
split_gain=733.995 25.4728 23.6968 17.2042 15.1712 13.3194 25.2923
threshold=6.2500000000000009 1.5000000000000002 5.9500000000000011 2.9822994987468676 32.550000000000004 7.6500000000000012 29.450000000000003
decision_type=10 2 10 10 10 10 8
left_child=2 5 4 -3 -1 6 -2
right_child=1 3 -4 -5 -6 -7 -8
leaf_value=-0.042759988468461435 0.10584445322829938 0.02169464140317244 0.0031112027295593699 0.17577113118539633 0.053685096738679328 0.19868887456120174 0.19881465082289235
leaf_count=58468 1970 631 6182 96 613 352 509
internal_value=0 2.78583 -0.726317 1.14996 -0.826857 3.02391 2.6343
internal_count=68821 3558 65263 727 59081 2831 2479
shrinkage=0.05


Tree=5
num_leaves=8
num_cat=0
split_feature=6 6 8 1 5 2 0
split_gain=608.465 23.0743 20.3116 18.4493 17.7136 14.3131 13.8907
threshold=6.2500000000000009 5.9500000000000011 1.0000000180025095e-35 1.5000000000000002 2.9822994987468676 32.550000000000004 38.500000000000007
decision_type=10 10 2 2 10 10 2
left_child=1 5 3 6 -5 -1 -2
right_child=2 -3 -4 4 -6 -7 -8
leaf_value=-0.042428726861405974 -0.015106700603110921 0.0029510640781265289 0.18682966714932744 -0.0041289021970149177 0.14886804399124073 0.049489707782757006 0.11856057368940578
leaf_count=58468 84 6182 440 550 86 613 2398
internal_value=0 -0.715995 2.34473 2.10345 0.672484 -0.81925 2.2928
internal_count=68821 65263 3558 3118 636 59081 2482
shrinkage=0.05


Tree=6
num_leaves=8
num_cat=0
split_feature=6 2 6 6 0 8 2
split_gain=512.699 22.8057 19.1786 17.1976 15.781 13.6095 12.9281
threshold=6.2500000000000009 25.050000000000004 5.8500000000000005 6.9500000000000011 38.500000000000007 1.0000000180025095e-35 29.650000000000002
decision_type=10 10 8 10 2 2 8
left_child=1 -1 -3 6 -5 -6 -2
right_child=3 2 -4 4 5 -7 -8
leaf_value=-0.043172302856494045 0.057293650853093729 -0.035421763306335931 0.018265662369504949 -0.029496739780062044 0.11381379209660719 0.22187685061792434 0.12491349451786891
leaf_count=50533 2209 7850 6880 38 779 56 476
internal_value=0 -0.705464 -0.182114 2.00708 2.44299 2.53956 1.49299
internal_count=68821 65263 14730 3558 873 835 2685
shrinkage=0.05


Tree=7
num_leaves=8
num_cat=0
split_feature=6 6 2 6 0 2 2
split_gain=439.804 22.6895 13.6129 12.0822 12.2844 11.4727 9.37425
threshold=6.2500000000000009 5.9500000000000011 32.550000000000004 6.9500000000000011 38.500000000000007 24.150000000000002 29.650000000000002
decision_type=10 10 10 10 2 10 8
left_child=1 2 -1 6 -5 -3 -2
right_child=3 5 -4 4 -6 -7 -8
leaf_value=-0.0417733753717002 0.051623377112580762 -0.023299126058897945 0.046742290624842531 -0.02911660644667944 0.10867754510054846 0.033901987208482344 0.10693840197635465
leaf_count=58468 2209 3372 613 38 835 2810 476
internal_value=0 -0.69481 -0.804081 1.75045 2.09733 0.0770165 1.32753
internal_count=68821 65263 59081 3558 873 6182 2685
shrinkage=0.05


Tree=8
num_leaves=8
num_cat=0
split_feature=6 2 8 6 3 0 5
split_gain=381.096 19.2139 16.5391 14.2377 10.7637 12.0219 11.1039
threshold=6.1500000000000012 25.050000000000004 1.0000000180025095e-35 6.5500000000000016 89.833333333333357 58.500000000000007 3.325290697674419
decision_type=10 10 2 10 10 2 10
left_child=1 -1 -3 4 5 -2 -6
right_child=3 2 -4 -5 6 -7 -8
leaf_value=-0.043437442906332148 0.012506746158381779 -0.019494410580166665 0.064807945737537648 0.084432406019069137 0.13271142784947706 0.11007149415167004 -0.025851580710924821
leaf_count=49747 2407 12967 1269 1719 358 278 76
internal_value=0 -0.714617 -0.21562 1.47355 0.847131 0.534664 2.04295
internal_count=68821 63983 14236 4838 3119 2685 434
shrinkage=0.05


Tree=9
num_leaves=8
num_cat=0
split_feature=6 2 8 1 4 3 5
split_gain=334.487 19.0261 14.674 14.242 12.7674 9.85707 14.6594
threshold=6.1500000000000012 25.050000000000004 1.0000000180025095e-35 1.5000000000000002 135.83333333333334 90.833333333333357 1.9005494505494507
decision_type=10 10 2 2 10 10 10
left_child=1 -1 -3 5 -5 -2 -7
right_child=3 2 -4 4 -6 6 -8
leaf_value=-0.04313311483789703 0.064090156986041744 -0.018901748976985794 0.05868034079407855 -0.010207474296692385 0.081261083571718226 -0.0067629772244558453 0.12479702628020808
leaf_count=49747 3155 12967 1269 886 250 85 462
internal_value=0 -0.704085 -0.206744 1.31459 0.398225 1.44518 2.16084
internal_count=68821 63983 14236 4838 1136 3702 547
shrinkage=0.05


Tree=10
num_leaves=8
num_cat=0
split_feature=6 2 6 8 3 6 3
split_gain=295.336 18.8147 14.6931 12.205 14.0931 14.4519 12.8253
threshold=6.1500000000000012 25.050000000000004 5.8500000000000005 1.0000000180025095e-35 92.833333333333357 6.3500000000000005 98.250000000000014
decision_type=10 10 8 2 10 10 8
left_child=1 -1 -3 4 5 -2 -6
right_child=3 2 -4 -5 6 -7 -8
leaf_value=-0.042818408189609324 -0.0055614558309087557 -0.033966049311525165 0.015368113067713169 0.098832255914121689 0.13218283253535043 0.051733743807106061 0.030467316074111447
leaf_count=49747 1723 7850 6386 600 254 2106 155
internal_value=0 -0.693354 -0.198171 1.18028 1.0435 0.89064 1.9528
internal_count=68821 63983 14236 4838 4238 3829 409
shrinkage=0.05


Tree=11
num_leaves=8
num_cat=0
split_feature=6 2 6 8 2 1 3
split_gain=262.575 18.549 13.7762 12.699 11.7962 10.1956 11.1521
threshold=6.1500000000000012 25.050000000000004 5.7500000000000009 1.0000000180025095e-35 34.650000000000013 1.5000000000000002 73.833333333333357
decision_type=10 10 8 2 8 2 10
left_child=1 -1 -3 4 -4 -2 -7
right_child=5 2 3 -5 -6 6 -8
leaf_value=-0.042493104287398144 0.058486670014181986 -0.038040673943185527 -0.0099777831887859648 0.082146234262315321 0.11058309685863479 -0.027664960154382814 0.050006192533767951
leaf_count=49747 3702 6472 6750 819 195 615 521
internal_value=0 -0.682512 -0.190669 0.214023 -0.0366363 1.06764 0.31567
internal_count=68821 63983 14236 7764 6945 4838 1136
shrinkage=0.05


Tree=12
num_leaves=8
num_cat=0
split_feature=6 2 6 2 0 6 8
split_gain=233.852 18.3444 13.0636 11.0471 10.3808 9.12261 10.9023
threshold=6.1500000000000012 25.050000000000004 5.7500000000000009 33.150000000000013 56.500000000000007 6.9500000000000011 1.0000000180025095e-35
decision_type=10 10 8 8 2 10 2
left_child=1 -1 -3 4 -4 -2 -7
right_child=5 2 3 -5 -6 6 -8
leaf_value=-0.042157006339661483 0.034744695370068773 -0.037586115788368797 -0.0079397653326201603 0.095658066422947177 0.085018214624394059 0.053542221714034111 0.12218406709812063
leaf_count=49747 3965 6472 6892 370 502 816 57
internal_value=0 -0.671272 -0.181407 0.206577 0.0235038 0.968158 1.22146
internal_count=68821 63983 14236 7764 7394 4838 873
shrinkage=0.05


Tree=13
num_leaves=8
num_cat=0
split_feature=6 6 2 1 8 8 0
split_gain=212.702 18.4155 12.195 11.7794 9.17007 9.12567 6.76677
threshold=5.9500000000000011 6.3500000000000005 32.550000000000004 1.5000000000000002 1.0000000180025095e-35 1.0000000180025095e-35 53.500000000000007
decision_type=10 10 10 2 2 2 2
left_child=2 3 4 -2 -1 -3 -7
right_child=1 5 -4 -5 -6 6 -8
leaf_value=-0.042196729348885534 0.026301984918713994 0.042188267578137012 0.042536527269736626 -0.030816561073185339 0.0078911671919796242 0.10322166121484483 0.031485941079997429
leaf_count=55844 4734 2373 613 2291 2624 218 124
internal_value=0 0.779179 -0.754632 0.192972 -0.792593 0.962292 1.63479
internal_count=68821 9740 59081 7025 58468 2715 342
shrinkage=0.05


Tree=14
num_leaves=8
num_cat=0
split_feature=6 6 2 3 8 8 3
split_gain=192.888 15.4246 11.5223 10.0892 8.93099 7.37273 6.40551
threshold=5.9500000000000011 6.3500000000000005 32.550000000000004 91.833333333333357 1.0000000180025095e-35 1.0000000180025095e-35 100.83333333333336
decision_type=10 10 10 8 2 2 10
left_child=2 3 4 -2 -1 -3 -5
right_child=1 5 -4 6 -6 -7 -8
leaf_value=-0.041851270246115013 -0.0010473071065178576 0.038671304997776164 0.039469381905423213 0.090167193861267148 0.0074802645462713983 0.073272700313998462 -0.025840794672969417
leaf_count=55844 6426 2373 613 475 2624 342 124
internal_value=0 0.716779 -0.745047 0.181051 -0.784067 0.879306 1.34157
internal_count=68821 9740 59081 7025 58468 2715 599
shrinkage=0.05


Tree=15
num_leaves=8
num_cat=0
split_feature=6 1 2 5 5 3 5
split_gain=175.37 14.2959 11.196 10.9326 9.84166 13.5054 8.29808
threshold=5.9500000000000011 1.5000000000000002 25.050000000000004 4.2149859943977601 2.9822994987468676 75.833333333333357 4.1263297872340434
decision_type=10 2 10 10 8 10 8
left_child=2 6 -1 -4 -3 -6 -2
right_child=1 4 3 -5 5 -7 -8
leaf_value=-0.044067688877513986 0.0416981435978757 -0.014668326711446942 -0.02008980720719309 0.086683737830926755 -0.03267121825338138 0.12873628497204717 -0.0046451700888411451
leaf_count=46583 6595 2528 12084 414 129 122 366
internal_value=0 0.661441 -0.735237 -0.288711 -0.0260236 1.2889 0.774104
internal_count=68821 9740 59081 12498 2779 251 6961
shrinkage=0.05


Tree=16
num_leaves=8
num_cat=0
split_feature=6 6 2 0 2 5 3
split_gain=159.619 12.7045 11.1718 10.6088 13.0618 10.5654 7.73544
threshold=5.9500000000000011 6.5500000000000016 25.050000000000004 58.500000000000007 27.650000000000002 4.4871456822676352 89.833333333333357
decision_type=10 10 10 2 10 10 10
left_child=2 3 -1 6 -5 -4 -2
right_child=1 -3 5 4 -6 -7 -8
leaf_value=-0.0437917229337512 -0.0033088591215862692 0.040056989874380014 -0.018819852598283879 0.021037597085583205 0.16955710675392072 0.098720608374109134 0.041628407079981576
leaf_count=46583 6434 1719 12257 619 101 241 867
internal_value=0 0.611136 -0.725167 0.252661 1.36978 -0.277406 0.109152
internal_count=68821 9740 59081 8021 720 12498 7301
shrinkage=0.05


Tree=17
num_leaves=8
num_cat=0
split_feature=6 1 2 8 3 4 6
split_gain=145.819 11.3545 11.14 8.93269 8.8015 7.47451 6.64319
threshold=5.9500000000000011 1.5000000000000002 25.050000000000004 1.0000000180025095e-35 70.833333333333357 157.25000000000003 7.6500000000000012
decision_type=10 2 10 2 10 10 10
left_child=2 6 -1 5 -3 -4 -2
right_child=1 4 3 -5 -6 -7 -8
leaf_value=-0.043505889429219576 0.027402176589000234 -0.037208573244681332 -0.026241889488000915 0.045317663789566524 0.020082525765823034 0.073711227782717201 0.05179375353986071
leaf_count=46583 6609 1396 11168 1039 1383 291 352
internal_value=0 0.567665 -0.714847 -0.266074 -0.041717 -0.433937 0.663431
internal_count=68821 9740 59081 12498 2779 11459 6961
shrinkage=0.05


Tree=18
num_leaves=8
num_cat=0
split_feature=6 2 1 5 5 3 6
split_gain=133.128 11.0957 9.79663 9.60206 8.55179 10.8838 8.69465
threshold=5.9500000000000011 25.050000000000004 1.5000000000000002 4.4871456822676352 2.9822994987468676 75.833333333333357 6.5500000000000016
decision_type=10 10 2 10 10 10 10
left_child=1 -1 -2 -3 -4 -6 -7
right_child=2 3 4 -5 5 6 -8
leaf_value=-0.043209967608777294 0.030675023087938694 -0.017747398632343061 -0.014783076093270568 0.091888430618530456 -0.032328075791398868 -0.0029836800066094186 0.16498520638137268
leaf_count=46583 6961 12257 2528 241 129 100 22
internal_value=0 -0.704299 0.526811 -0.254892 -0.0406698 1.14106 2.19102
internal_count=68821 59081 9740 12498 2779 251 122
shrinkage=0.05


Tree=19
num_leaves=8
num_cat=0
split_feature=6 2 2 5 1 6 5
split_gain=121.793 11.0324 9.39601 11.6637 12.5378 9.29347 8.74525
threshold=5.9500000000000011 25.050000000000004 29.550000000000004 3.7927781392322708 1.5000000000000002 7.5500000000000007 4.4871456822676352
decision_type=10 10 10 10 2 10 10
left_child=1 -1 3 4 5 -2 -3
right_child=2 6 -4 -5 -6 -7 -8
leaf_value=-0.0429037304425866 0.020455855849381303 -0.017181840531829393 0.043510508896858119 -0.027215629916645723 -0.01359542644687381 0.053631027858173287 0.085092058618416636
leaf_count=46583 5272 12257 1221 494 2503 250 241
internal_value=0 -0.693553 0.490213 0.364243 0.445811 0.567348 -0.244122
internal_count=68821 59081 9740 8519 8025 5522 12498
shrinkage=0.05


Tree=20
num_leaves=8
num_cat=0
split_feature=6 2 8 6 1 8 3
split_gain=111.495 10.9715 9.36477 8.43394 7.23199 6.21152 6.01606
threshold=5.9500000000000011 32.550000000000004 1.0000000180025095e-35 6.3500000000000005 1.5000000000000002 1.0000000180025095e-35 91.583333333333357
decision_type=10 10 2 10 2 2 8
left_child=1 2 -1 4 6 -5 -2
right_child=3 -3 -4 5 -6 -7 -8
leaf_value=-0.0397095454610637 0.0048241880419431157 0.040937509221563445 0.013145109874044176 0.023935884417466066 -0.029629142774728626 0.052504049585247625 0.056755659579965007
leaf_count=55844 4220 613 2624 2373 2291 342 514
internal_value=0 -0.682612 -0.729657 0.456715 0.0771906 0.564689 0.301358
internal_count=68821 59081 58468 9740 7025 2715 4734
shrinkage=0.05


Tree=21
num_leaves=8
num_cat=0
split_feature=6 2 6 5 6 2 5
split_gain=102.219 11.1476 8.71753 9.91947 7.64477 7.51167 7.8505
threshold=5.9500000000000011 25.050000000000004 5.7500000000000009 4.2149859943977601 6.9500000000000011 32.95000000000001 3.848155467720686
decision_type=10 10 8 10 10 8 8
left_child=1 -1 -3 -4 5 6 -2
right_child=4 2 3 -5 -6 -7 -8
leaf_value=-0.042298556299518036 0.01219724777289336 -0.034802311616707528 0.00017365029157298832 0.1135280374765144 0.031825039900247674 0.053281608441505868 -0.039289440487924106
leaf_count=46583 8016 6472 5804 222 873 379 472
internal_value=0 -0.671509 -0.214147 0.224068 0.42635 0.250036 0.16886
internal_count=68821 59081 12498 6026 9740 8867 8488
shrinkage=0.05


Tree=22
num_leaves=8
num_cat=0
split_feature=6 2 6 0 4 3 3
split_gain=94.0001 10.234 9.77866 8.51288 8.37248 8.64685 8.05455
threshold=5.8500000000000005 29.550000000000004 7.6500000000000012 58.500000000000007 127.83333333333336 86.250000000000014 83.833333333333357
decision_type=10 10 10 2 10 8 10
left_child=-1 2 3 6 -5 -6 -2
right_child=1 -3 -4 4 5 -7 -8
leaf_value=-0.03515245764982125 -0.0074895742989588071 0.037517045301677487 0.03716965225953784 -0.001251683614832619 0.097618611960093402 0.0020013344268391717 0.019557043361131319
leaf_count=54998 8277 1464 279 566 340 189 2708
internal_value=0 0.373649 0.250426 0.133035 0.761318 1.32925 0.0353021
internal_count=68821 13823 12359 12080 1095 529 10985
shrinkage=0.05


Tree=23
num_leaves=8
num_cat=0
split_feature=6 2 5 1 6 8 6
split_gain=86.6672 8.7393 9.567 10.9787 7.89319 7.4279 7.13784
threshold=5.8500000000000005 29.550000000000004 3.7927781392322708 1.5000000000000002 5.7500000000000009 1.0000000180025095e-35 7.5500000000000007
decision_type=10 10 8 2 8 2 10
left_child=4 2 3 6 -1 -6 -2
right_child=1 -3 -4 -5 5 -7 -8
leaf_value=-0.044786438571341972 0.014196529810810214 0.034643239654579661 -0.028438094830463657 -0.016075122492555053 -0.024282195601243724 0.040889672902864702 0.041632490567040471
leaf_count=34699 7672 1464 661 3776 19172 1127 250
internal_value=0 0.35048 0.236281 0.30402 -0.692392 -0.362712 0.412698
internal_count=68821 13823 12359 11698 54998 20299 7922
shrinkage=0.05


Tree=24
num_leaves=8
num_cat=0
split_feature=6 8 4 5 4 3 6
split_gain=79.8675 8.22621 10.0994 9.5085 15.6179 11.0522 8.20199
threshold=5.8500000000000005 1.0000000180025095e-35 149.25000000000003 2.6044089147286829 161.25000000000003 98.250000000000014 6.2500000000000009
decision_type=10 2 10 10 8 10 10
left_child=-1 2 6 -4 5 -5 -2
right_child=1 -3 3 4 -6 -7 -8
leaf_value=-0.034078672126047226 -0.01183355146798654 0.039637047242760785 0.010077650025679409 0.14110801088642616 -0.015645339197070795 -0.0098385404497352506 0.014124099318653017
leaf_count=54998 8884 1387 403 152 95 61 2841
internal_value=0 0.328473 0.24984 0.899722 1.55713 2.28999 0.170481
internal_count=68821 13823 12436 711 308 213 11725
shrinkage=0.05


end of trees

feature importances:
H25_a1c=60
H25_bmi=33
H25_dbp=17
H25_lhrate=17
H25_dl=17
H25_age=13
H25_sex=13
H25_sbp=5

parameters:
[boosting: gbdt]
[objective: binary]
[metric: binary]
[tree_learner: serial]
[device_type: cpu]
[data: ]
[valid: ]
[num_iterations: 100]
[learning_rate: 0.05]
[num_leaves: 8]
[num_threads: 0]
[max_depth: -1]
[min_data_in_leaf: 20]
[min_sum_hessian_in_leaf: 1]
[bagging_fraction: 0.4]
[bagging_freq: 0]
[bagging_seed: 3]
[feature_fraction: 0.9]
[feature_fraction_seed: 2]
[early_stopping_round: 0]
[max_delta_step: 0]
[lambda_l1: 0]
[lambda_l2: 1]
[min_gain_to_split: 0]
[drop_rate: 0.1]
[max_drop: 50]
[skip_drop: 0.5]
[xgboost_dart_mode: 0]
[uniform_drop: 0]
[drop_seed: 4]
[top_rate: 0.2]
[other_rate: 0.1]
[min_data_per_group: 100]
[max_cat_threshold: 32]
[cat_l2: 10]
[cat_smooth: 10]
[max_cat_to_onehot: 4]
[top_k: 20]
[monotone_constraints: ]
[feature_contri: ]
[forcedsplits_filename: ]
[refit_decay_rate: 0.9]
[verbosity: 0]
[max_bin: 255]
[min_data_in_bin: 3]
[bin_construct_sample_cnt: 200000]
[histogram_pool_size: -1]
[data_random_seed: 1]
[output_model: LightGBM_model.txt]
[snapshot_freq: -1]
[input_model: ]
[output_result: LightGBM_predict_result.txt]
[initscore_filename: ]
[valid_data_initscores: ]
[pre_partition: 0]
[enable_bundle: 1]
[max_conflict_rate: 0]
[is_enable_sparse: 1]
[sparse_threshold: 0.8]
[use_missing: 1]
[zero_as_missing: 0]
[two_round: 0]
[save_binary: 0]
[enable_load_from_binary_file: 1]
[header: 0]
[label_column: ]
[weight_column: ]
[group_column: ]
[ignore_column: ]
[categorical_feature: ]
[predict_raw_score: 0]
[predict_leaf_index: 0]
[predict_contrib: 0]
[num_iteration_predict: -1]
[pred_early_stop: 0]
[pred_early_stop_freq: 10]
[pred_early_stop_margin: 10]
[convert_model_language: ]
[convert_model: gbdt_prediction.cpp]
[num_class: 1]
[is_unbalance: 0]
[scale_pos_weight: 1]
[sigmoid: 1]
[boost_from_average: 1]
[reg_sqrt: 0]
[alpha: 0.9]
[fair_c: 1]
[poisson_max_delta_step: 0.7]
[tweedie_variance_power: 1.5]
[max_position: 20]
[label_gain: ]
[metric_freq: 1]
[is_provide_training_metric: 0]
[eval_at: ]
[num_machines: 1]
[local_listen_port: 12400]
[time_out: 120]
[machine_list_filename: ]
[machines: ]
[gpu_platform_id: -1]
[gpu_device_id: -1]
[gpu_use_dp: 0]

end of parameters

pandas_categorical:[]
