tree
version=v2
num_class=1
num_tree_per_iteration=1
label_index=0
max_feature_idx=8
objective=binary sigmoid:1
feature_names=H25_age H25_sex H25_bmi H25_dbp H25_sbp H25_lhrate H25_a1c H25_ht H25_dl
feature_infos=[18:74] [1:2] [0:65.599999999999994] [0:169] [0:238] [0.18181818181818185:8.8461538461538485] [3:15] [0:1] [0:1]
tree_sizes=722 718 724 721 726 729 735 725 718 732 732 728 735 735 735 730 731 741 729 743 738 736 731 736 733

Tree=0
num_leaves=8
num_cat=0
split_feature=6 6 6 3 5 2 2
split_gain=5655.21 426.483 49.9501 28.6242 16.587 16.2831 15.4255
threshold=6.7500000000000009 6.3500000000000005 5.9500000000000011 91.833333333333357 1.9644957983193281 24.050000000000004 32.550000000000004
decision_type=10 10 10 10 10 8 10
left_child=1 2 6 5 -3 -4 -1
right_child=-2 4 3 -5 -6 -7 -8
leaf_value=-5.2783346208832871 -3.8465182146749619 -5.1156869518730437 -5.2632898779279227 -5.0926737667593303 -4.8723785535503277 -5.1959304551572583 -5.1816759272415389
leaf_count=58450 1175 429 3419 602 1076 3028 642
internal_value=0 -0.558222 -0.730973 0.356531 6.26628 0.0516294 -0.861425
internal_count=68821 67646 66141 7049 1505 6447 59092
shrinkage=1


Tree=1
num_leaves=8
num_cat=0
split_feature=6 6 6 1 3 5 5
split_gain=1717.64 77.61 48.181 40.427 23.2717 15.5536 10.0285
threshold=6.3500000000000005 6.9500000000000011 5.9500000000000011 1.5000000000000002 91.583333333333357 1.5371752349364292 2.0515030946065433
decision_type=10 10 10 2 8 10 10
left_child=2 3 -1 5 -4 -2 -6
right_child=1 -3 4 -5 6 -7 -8
leaf_value=-0.042746924541646109 0.054732030238640518 0.40941448463803232 0.0024307804484785104 0.053118298671557401 -0.0035793920109868011 0.28213793406625792 0.16372391924675012
leaf_count=59092 149 853 6447 393 189 1285 413
internal_value=0 6.57255 -0.72065 4.57774 0.336206 5.29565 2.43439
internal_count=68821 2680 66141 1827 7049 1434 602
shrinkage=0.05


Tree=2
num_leaves=8
num_cat=0
split_feature=6 6 2 6 0 2 3
split_gain=1183.14 46.5336 22.6095 18.6559 23.9964 15.1065 12.7343
threshold=6.3500000000000005 5.9500000000000011 22.850000000000005 6.9500000000000011 38.500000000000007 32.550000000000004 91.833333333333357
decision_type=10 10 8 10 2 10 10
left_child=1 5 -3 -2 -5 -1 -4
right_child=3 2 6 4 -6 -7 -8
leaf_value=-0.043727139572808195 0.17642878629766903 -0.033468403344629964 0.026795991448459969 0.020011721660652536 0.27618239246422016 0.051618482344285781 0.12343457317001252
leaf_count=58450 1827 2674 3891 37 816 642 484
internal_value=0 -0.710113 0.318434 4.5986 5.32468 -0.848256 0.885855
internal_count=68821 66141 7049 2680 853 59092 4375
shrinkage=0.05


Tree=3
num_leaves=8
num_cat=0
split_feature=6 8 2 6 4 3 6
split_gain=911.94 27.9221 27.2558 26.8821 17.92 35.4249 18.854
threshold=6.2500000000000009 1.0000000180025095e-35 25.050000000000004 5.8500000000000005 167.33333333333334 91.166666666666671 6.3500000000000005
decision_type=10 2 8 8 10 8 10
left_child=2 4 -1 -4 5 6 -2
right_child=1 -3 3 -5 -6 -7 -8
leaf_value=-0.045341713880760387 0.022975001111314827 0.27327127038754456 -0.038880177247960127 0.020539534996932094 -0.02677397836256486 0.26864043251352776 0.14597518508147816
leaf_count=49968 702 446 8257 7028 55 313 2052
internal_value=0 3.39692 -0.739705 -0.208858 3.06163 3.1399 2.74296
internal_count=68821 3568 65253 15285 3122 3067 2754
shrinkage=0.05


Tree=4
num_leaves=8
num_cat=0
split_feature=6 1 2 6 7 6 0
split_gain=733.593 28.9245 27.0085 25.3603 23.2802 14.9177 18.5759
threshold=6.2500000000000009 1.5000000000000002 25.050000000000004 5.8500000000000005 1.0000000180025095e-35 7.6500000000000012 59.500000000000007
decision_type=10 2 8 10 2 10 2
left_child=2 4 -1 -4 5 -2 -7
right_child=1 -3 3 -5 -6 6 -8
leaf_value=-0.045107339299282151 0.11747986792298537 0.054165958955381344 -0.02757095386526183 0.037640124919994189 0.25626747152464902 0.2032168359497647 -0.0042464223004684372
leaf_count=49968 2269 717 11810 3475 266 291 25
internal_value=0 2.77116 -0.729763 -0.201076 3.02598 2.74995 3.75201
internal_count=68821 3568 65253 15285 2851 2585 316
shrinkage=0.05


Tree=5
num_leaves=8
num_cat=0
split_feature=6 2 6 1 7 2 3
split_gain=607.788 26.7506 24.0839 18.6775 13.2878 11.6292 11.5396
threshold=6.2500000000000009 25.050000000000004 5.8500000000000005 1.5000000000000002 1.0000000180025095e-35 33.150000000000013 75.833333333333357
decision_type=10 8 8 2 2 10 10
left_child=1 -1 -3 4 -2 -4 -5
right_child=3 2 5 6 -6 -7 -8
leaf_value=-0.044864425160810489 0.11540422256106189 -0.038113218879942824 0.010040606564631807 -0.004163140920092386 0.19918500013238707 0.11179715438022386 0.093938346215342083
leaf_count=49968 2585 8257 6679 398 266 349 319
internal_value=0 -0.719583 -0.193211 2.33006 2.51617 0.372564 0.985467
internal_count=68821 65253 15285 3568 2851 7028 717
shrinkage=0.05


Tree=6
num_leaves=8
num_cat=0
split_feature=6 2 1 8 3 2 4
split_gain=517.988 22.6963 19.8362 19.3405 14.7897 14.0801 10.8935
threshold=6.1500000000000012 25.050000000000004 1.5000000000000002 1.0000000180025095e-35 86.833333333333357 34.650000000000013 167.33333333333334
decision_type=10 8 2 2 10 10 10
left_child=1 -1 6 5 -4 -3 -2
right_child=2 3 4 -5 -6 -7 -8
leaf_value=-0.045753536936003307 0.10654931619335145 -0.025847526461348566 0.0090044516603321693 0.064408852402405972 0.13551659141295305 0.087496927767161503 -0.027843088288833875
leaf_count=49220 3670 13108 989 1326 131 328 49
internal_value=0 -0.745981 1.91225 -0.245753 0.710887 -0.421254 2.08886
internal_count=68821 63982 4839 14762 1120 13436 3719
shrinkage=0.05


Tree=7
num_leaves=8
num_cat=0
split_feature=6 2 6 6 1 5 0
split_gain=444.867 22.6254 18.9993 17.6293 14.1653 8.98371 8.8932
threshold=6.1500000000000012 25.050000000000004 5.8500000000000005 6.9500000000000011 1.5000000000000002 3.0641729581331512 58.500000000000007
decision_type=10 8 8 10 2 10 2
left_child=1 -1 -3 4 6 -6 -2
right_child=3 2 -4 -5 5 -7 -8
leaf_value=-0.045538664965898208 0.06164677257938167 -0.037452558332006211 0.014762988577767892 0.10458469680378323 -0.017576762468216291 0.099464609053979011 0.13101266731903882
leaf_count=49220 2629 8257 6505 853 923 104 330
internal_value=0 -0.736081 -0.235397 1.66564 1.23231 0.0786567 1.45062
internal_count=68821 63982 14762 4839 3986 1027 2959
shrinkage=0.05


Tree=8
num_leaves=8
num_cat=0
split_feature=6 2 6 6 0 5 4
split_gain=387.659 22.4563 17.8003 13.2888 14.8859 13.9779 15.3439
threshold=6.1500000000000012 25.050000000000004 5.8500000000000005 6.5500000000000016 47.500000000000007 1.8670682730923696 125.83333333333336
decision_type=10 8 8 10 2 10 10
left_child=1 -1 -3 -2 5 -5 -7
right_child=3 2 -4 4 -6 6 -8
leaf_value=-0.045315757887742669 0.044881320371296329 -0.036976449660929944 0.013843153583109414 0.014377930309907479 0.066109894162465571 0.063096142733371566 0.15278737732893
leaf_count=49220 3161 8257 6505 83 1075 185 335
internal_value=0 -0.726108 -0.22684 1.4731 1.69197 2.26746 2.5033
internal_count=68821 63982 14762 4839 1678 603 520
shrinkage=0.05


Tree=9
num_leaves=8
num_cat=0
split_feature=6 2 8 2 6 2 5
split_gain=340.552 22.2633 17.1214 12.8109 10.6162 12.6924 19.6778
threshold=6.1500000000000012 25.050000000000004 1.0000000180025095e-35 34.650000000000013 6.9500000000000011 29.750000000000004 2.8160580021482287
decision_type=10 8 2 10 10 8 10
left_child=1 -1 3 -3 5 -2 -7
right_child=4 2 -4 -5 -6 6 -8
leaf_value=-0.045084533820049906 0.037247972767380899 -0.024632929193535876 0.05923775686961881 0.081206093198286006 0.080866072738599956 0.025267024624392998 0.15357097013930021
leaf_count=49220 3393 13108 1326 328 853 315 278
internal_value=0 -0.715927 -0.218519 -0.39456 1.31412 0.992187 1.89318
internal_count=68821 63982 14762 13436 4839 3986 593
shrinkage=0.05


Tree=10
num_leaves=8
num_cat=0
split_feature=6 2 6 3 8 6 6
split_gain=302.26 16.6389 15.5039 14.0184 13.2435 11.5627 10.6866
threshold=6.0500000000000016 25.450000000000003 6.3500000000000005 89.833333333333357 1.0000000180025095e-35 5.7500000000000009 9.6500000000000004
decision_type=10 10 10 8 2 8 10
left_child=1 -1 3 -2 6 -3 -4
right_child=2 5 4 -5 -6 -7 -8
leaf_value=-0.044701592666064306 0.0021712992763965005 -0.039082864800919485 0.051254322479043914 0.090465474544901919 0.11102100127087842 0.0081686793740360242 0.11632863697804796
leaf_count=50245 3628 5653 2258 503 339 6112 83
internal_value=0 -0.745902 1.11763 0.409076 1.27695 -0.240156 1.13226
internal_count=68821 62010 6811 4131 2680 11765 2341
shrinkage=0.05


Tree=11
num_leaves=8
num_cat=0
split_feature=6 2 1 7 6 4 3
split_gain=270.344 16.5109 13.084 11.9946 10.9329 10.434 10.2378
threshold=6.0500000000000016 25.450000000000003 1.5000000000000002 1.0000000180025095e-35 5.7500000000000009 136.16666666666671 100.25000000000001
decision_type=10 10 2 2 8 8 8
left_child=1 -1 3 -2 -3 -4 -5
right_child=2 4 5 6 -6 -7 -8
leaf_value=-0.044447098456170848 0.050559570143146916 -0.038656623796174044 -0.011567692194433118 0.11498481008601756 0.007711332081628045 0.064713925252063403 -0.027247057704154851
leaf_count=50245 4580 5653 1451 420 6112 329 31
internal_value=0 -0.73619 1.01423 1.12963 -0.231618 0.236404 2.04839
internal_count=68821 62010 6811 5031 11765 1780 451
shrinkage=0.05


Tree=12
num_leaves=8
num_cat=0
split_feature=6 2 6 8 6 1 0
split_gain=242.338 16.3649 11.7029 10.7623 10.3344 10.1212 9.99876
threshold=6.0500000000000016 25.450000000000003 6.5500000000000016 1.0000000180025095e-35 5.7500000000000009 1.5000000000000002 47.500000000000007
decision_type=10 10 10 2 8 2 2
left_child=1 -1 5 6 -3 -2 -4
right_child=2 4 3 -5 -6 -7 -8
leaf_value=-0.044183328262883521 0.036502384582931112 -0.038220419659960515 0.070152924303764949 0.10198633881209843 0.0072827578690232795 -0.018324529556742589 0.035248446504124162
leaf_count=50245 3601 5653 548 176 6112 1532 954
internal_value=0 -0.726264 0.922525 1.11413 -0.223314 0.51021 0.983016
internal_count=68821 62010 6811 1678 11765 5133 1502
shrinkage=0.05


Tree=13
num_leaves=8
num_cat=0
split_feature=6 2 6 2 5 6 2
split_gain=218.257 16.201 10.0131 9.92666 12.0163 9.76566 9.41448
threshold=6.0500000000000016 25.450000000000003 6.3500000000000005 22.850000000000005 1.4026875901875904 5.7500000000000009 33.150000000000013
decision_type=10 10 10 8 10 8 8
left_child=1 -1 3 -2 -5 -3 -7
right_child=2 5 -4 4 -6 6 -8
leaf_value=-0.043910029284039441 -0.032328996956439225 -0.037774381433740047 0.048030844842804926 0.14934292117400835 0.019305958680098836 -0.0023476263882871262 0.087131400895956196
leaf_count=50245 1432 5653 2680 145 2554 5786 326
internal_value=0 -0.716128 0.843827 0.297403 0.634926 -0.215244 0.137616
internal_count=68821 62010 6811 4131 2699 11765 6112
shrinkage=0.05


Tree=14
num_leaves=8
num_cat=0
split_feature=6 6 2 8 2 5 8
split_gain=197.929 13.9635 12.7888 11.4747 10.2416 7.50413 7.315
threshold=5.9500000000000011 6.3500000000000005 32.550000000000004 1.0000000180025095e-35 22.850000000000005 1.3772038354469534 1.0000000180025095e-35
decision_type=10 10 10 2 8 10 2
left_child=2 4 3 -1 -2 -6 -3
right_child=1 6 -4 -5 5 -7 -8
leaf_value=-0.042774784087260008 -0.029300269618915666 0.03880671575006607 0.045668278007116148 0.013138589910675739 0.10863392573241525 0.017337657284773943 0.074532589549019423
leaf_count=55823 2674 2341 642 2627 228 4147 339
internal_value=0 0.722502 -0.756403 -0.79602 0.209727 0.50235 0.876064
internal_count=68821 9729 59092 58450 7049 4375 2680
shrinkage=0.05


Tree=15
num_leaves=8
num_cat=0
split_feature=6 1 2 8 3 5 6
split_gain=180.064 12.1733 12.0612 11.1305 8.20373 7.986 6.8264
threshold=5.9500000000000011 1.5000000000000002 32.550000000000004 1.0000000180025095e-35 86.250000000000014 2.7596296296296301 7.6500000000000012
decision_type=10 2 10 2 8 10 10
left_child=2 6 3 -1 -3 -6 -2
right_child=1 4 -4 -5 5 -7 -8
leaf_value=-0.042449727052074678 0.032566827310890022 -0.012601234589556238 0.042295833229843628 0.012394957717004072 0.0014377433319931892 0.1294192192014233 0.058758570499205943
leaf_count=55823 6649 2474 642 2627 213 63 330
internal_value=0 0.666727 -0.746861 -0.787597 0.0133601 1.17089 0.767485
internal_count=68821 9729 59092 58450 2750 276 6979
shrinkage=0.05


Tree=16
num_leaves=8
num_cat=0
split_feature=6 2 6 2 5 5 4
split_gain=164.168 11.4398 10.7499 8.95332 9.52879 7.9987 6.64963
threshold=5.9500000000000011 31.650000000000002 6.3500000000000005 22.550000000000004 1.3772038354469534 4.4658914728682175 167.33333333333334
decision_type=10 10 10 8 10 10 10
left_child=1 5 3 -2 -5 -1 -4
right_child=2 -3 6 4 -6 -7 -8
leaf_value=-0.040318729891356757 -0.031538803962355304 0.032518139814452084 0.038678912213912175 0.10926778739609735 0.012606825758610767 0.055897412343900256 -0.03683340061816151
leaf_count=57749 2437 922 2628 252 4360 421 52
internal_value=0 -0.737094 0.616915 0.172724 0.418259 -0.783644 0.745701
internal_count=68821 59092 9729 7049 4612 58170 2680
shrinkage=0.05


Tree=17
num_leaves=8
num_cat=0
split_feature=6 8 2 1 7 6 3
split_gain=149.739 11.6994 10.0438 9.51214 7.59086 7.55339 7.43247
threshold=5.9500000000000011 1.0000000180025095e-35 32.550000000000004 1.5000000000000002 1.0000000180025095e-35 11.550000000000002 86.833333333333357
decision_type=10 2 10 2 2 10 10
left_child=1 2 -1 4 5 -2 -5
right_child=3 -3 -4 6 -6 -7 -8
leaf_value=-0.041791529833964988 0.026925355369034662 0.015763289739740293 0.034636513082841422 -0.012909885073815647 0.063646815200233672 0.10315083208224587 0.053563320960482531
leaf_count=55823 6356 2689 580 2474 601 22 276
internal_value=0 -0.727027 -0.794368 0.571309 0.656193 0.576764 -0.00308634
internal_count=68821 59092 56403 9729 6979 6378 2750
shrinkage=0.05


Tree=18
num_leaves=8
num_cat=0
split_feature=6 2 5 6 1 0 0
split_gain=137.017 11.8439 10.2146 8.96344 9.6956 9.0533 18.0802
threshold=5.9500000000000011 25.050000000000004 4.2236111111111114 6.9500000000000011 1.5000000000000002 58.500000000000007 59.500000000000007
decision_type=10 10 10 10 2 2 2
left_child=1 -1 -3 4 5 -2 -7
right_child=3 2 -4 -5 -6 6 -8
leaf_value=-0.044393666494518633 0.017220040908623002 -0.018947479798481531 0.082866308277519687 0.038414842202810627 -0.016244013103521807 0.14130204237578284 0.011680447671141882
leaf_count=46441 5641 12238 413 853 2657 185 393
internal_value=0 -0.716815 -0.267913 0.531121 0.336309 0.465935 1.30196
internal_count=68821 59092 12651 9729 8876 6219 578
shrinkage=0.05


Tree=19
num_leaves=8
num_cat=0
split_feature=6 2 8 6 1 2 8
split_gain=125.497 11.7977 10.7157 7.76854 8.23762 7.5081 7.0546
threshold=5.9500000000000011 25.050000000000004 1.0000000180025095e-35 6.5500000000000016 1.5000000000000002 36.750000000000007 1.0000000180025095e-35
decision_type=10 10 2 10 2 8 2
left_child=1 -1 5 4 -2 -3 -5
right_child=3 2 -4 6 -6 -7 -8
leaf_value=-0.044132040401014365 0.019425344779753689 -0.026601381272051458 0.049875353499894949 0.027399113455229031 -0.022749178137699149 0.073563400421258182 0.064118903089968621
leaf_count=46441 5549 11467 1047 1502 2502 137 176
internal_value=0 -0.706356 -0.257094 0.494652 0.226852 -0.442382 0.639666
internal_count=68821 59092 12651 9729 8051 11604 1678
shrinkage=0.05


Tree=20
num_leaves=8
num_cat=0
split_feature=6 2 8 2 6 2 1
split_gain=114.956 11.7472 9.66553 7.34008 6.95569 9.33623 9.24952
threshold=5.9500000000000011 25.050000000000004 1.0000000180025095e-35 36.95000000000001 6.9500000000000011 30.750000000000004 1.5000000000000002
decision_type=10 10 2 8 10 8 2
left_child=1 -1 3 -3 5 6 -2
right_child=4 2 -4 -5 -6 -7 -8
leaf_value=-0.043860869220737557 0.015131319801854632 -0.026023880212925871 0.045814166762729785 0.072711409369853361 0.033181126697638667 0.04849259326859641 -0.026116287260037892
leaf_count=46441 5663 11476 1047 128 853 704 2509
internal_value=0 -0.695642 -0.246111 -0.429243 0.460862 0.291205 0.169396
internal_count=68821 59092 12651 11604 9729 8876 8172
shrinkage=0.05


Tree=21
num_leaves=8
num_cat=0
split_feature=6 2 5 6 2 4 4
split_gain=105.391 11.6803 9.35559 6.30668 8.68334 5.58011 6.02215
threshold=5.9500000000000011 25.050000000000004 4.4658914728682175 6.2500000000000009 24.150000000000002 167.33333333333334 151.25000000000003
decision_type=10 10 10 10 8 10 10
left_child=1 -1 -3 4 -2 6 -5
right_child=3 2 -4 5 -6 -7 -8
leaf_value=-0.043579914304917568 -0.028903424427759419 -0.016714897493072416 0.091198168008880087 0.023616184300806035 0.020903694285224001 -0.038384768681589354 0.059257795127700956
leaf_count=46441 3320 12399 252 3317 2841 63 188
internal_value=0 -0.684724 -0.235424 0.42997 0.042318 0.507111 0.530115
internal_count=68821 59092 12651 9729 6161 3568 3505
shrinkage=0.05


Tree=22
num_leaves=8
num_cat=0
split_feature=6 2 6 5 6 2 3
split_gain=96.6627 11.5953 8.59985 10.3592 5.85882 7.73988 7.10212
threshold=5.9500000000000011 25.050000000000004 5.7500000000000009 4.2236111111111114 9.6500000000000004 30.550000000000004 89.833333333333357
decision_type=10 10 8 10 10 8 10
left_child=1 -1 -3 -4 5 -2 -7
right_child=4 2 3 -5 -6 6 -8
leaf_value=-0.043288953634661453 0.013414359095905654 -0.036722020985054137 -0.0015024508585029898 0.11360307408160053 0.055213220088328997 0.022471730691519989 0.071413921519800402
leaf_count=46441 8749 6578 5860 213 84 680 216
internal_value=0 -0.673612 -0.225126 0.167539 0.40136 0.360018 0.783157
internal_count=68821 59092 12651 6073 9729 9645 896
shrinkage=0.05


Tree=23
num_leaves=8
num_cat=0
split_feature=6 2 8 2 4 3 0
split_gain=88.8453 11.4913 8.771 7.26929 5.65956 8.17457 11.2033
threshold=5.9500000000000011 25.050000000000004 1.0000000180025095e-35 37.050000000000004 167.33333333333334 91.833333333333357 52.500000000000007
decision_type=10 10 2 8 10 10 2
left_child=1 -1 3 -3 5 -2 -7
right_child=4 2 -4 -5 -6 6 -8
leaf_value=-0.04298776651478492 0.015722644398538359 -0.024774884285039003 0.043665561200913604 0.073932163078451033 -0.040096652512111169 0.062503473147359587 -0.0037627494047333364
leaf_count=46441 8781 11483 1047 121 126 558 264
internal_value=0 -0.662335 -0.215243 -0.400084 0.375863 0.3966 0.873702
internal_count=68821 59092 12651 11604 9729 9603 822
shrinkage=0.05


Tree=24
num_leaves=8
num_cat=0
split_feature=6 8 6 2 6 3 4
split_gain=81.7435 8.15518 9.63931 10.2227 7.3002 7.02488 7.23502
threshold=5.8500000000000005 1.0000000180025095e-35 6.1500000000000012 33.45000000000001 5.7500000000000009 91.833333333333357 167.33333333333334
decision_type=10 2 10 8 8 10 10
left_child=4 2 3 -2 -1 -4 -7
right_child=1 -3 5 -5 -6 6 -8
leaf_value=-0.04511151953908004 -0.019889738587376138 0.040169033048615153 0.01283364172113426 0.083207803228775565 -0.019017097761439266 0.048580916919178263 -0.03609853597629193
leaf_count=34690 7998 1437 3768 176 20287 406 59
internal_value=0 0.32821 0.252626 -0.245687 -0.695521 0.347427 0.815414
internal_count=68821 13844 12407 8174 54977 4233 465
shrinkage=0.05


end of trees

feature importances:
H25_a1c=61
H25_bmi=40
H25_lhrate=14
H25_dl=14
H25_dbp=13
H25_sex=12
H25_sbp=9
H25_age=8
H25_ht=4

parameters:
[boosting: gbdt]
[objective: binary]
[metric: binary]
[tree_learner: serial]
[device_type: cpu]
[data: ]
[valid: ]
[num_iterations: 100]
[learning_rate: 0.05]
[num_leaves: 8]
[num_threads: 0]
[max_depth: -1]
[min_data_in_leaf: 20]
[min_sum_hessian_in_leaf: 1]
[bagging_fraction: 0.4]
[bagging_freq: 0]
[bagging_seed: 3]
[feature_fraction: 0.9]
[feature_fraction_seed: 2]
[early_stopping_round: 0]
[max_delta_step: 0]
[lambda_l1: 0]
[lambda_l2: 1]
[min_gain_to_split: 0]
[drop_rate: 0.1]
[max_drop: 50]
[skip_drop: 0.5]
[xgboost_dart_mode: 0]
[uniform_drop: 0]
[drop_seed: 4]
[top_rate: 0.2]
[other_rate: 0.1]
[min_data_per_group: 100]
[max_cat_threshold: 32]
[cat_l2: 10]
[cat_smooth: 10]
[max_cat_to_onehot: 4]
[top_k: 20]
[monotone_constraints: ]
[feature_contri: ]
[forcedsplits_filename: ]
[refit_decay_rate: 0.9]
[verbosity: 0]
[max_bin: 255]
[min_data_in_bin: 3]
[bin_construct_sample_cnt: 200000]
[histogram_pool_size: -1]
[data_random_seed: 1]
[output_model: LightGBM_model.txt]
[snapshot_freq: -1]
[input_model: ]
[output_result: LightGBM_predict_result.txt]
[initscore_filename: ]
[valid_data_initscores: ]
[pre_partition: 0]
[enable_bundle: 1]
[max_conflict_rate: 0]
[is_enable_sparse: 1]
[sparse_threshold: 0.8]
[use_missing: 1]
[zero_as_missing: 0]
[two_round: 0]
[save_binary: 0]
[enable_load_from_binary_file: 1]
[header: 0]
[label_column: ]
[weight_column: ]
[group_column: ]
[ignore_column: ]
[categorical_feature: ]
[predict_raw_score: 0]
[predict_leaf_index: 0]
[predict_contrib: 0]
[num_iteration_predict: -1]
[pred_early_stop: 0]
[pred_early_stop_freq: 10]
[pred_early_stop_margin: 10]
[convert_model_language: ]
[convert_model: gbdt_prediction.cpp]
[num_class: 1]
[is_unbalance: 0]
[scale_pos_weight: 1]
[sigmoid: 1]
[boost_from_average: 1]
[reg_sqrt: 0]
[alpha: 0.9]
[fair_c: 1]
[poisson_max_delta_step: 0.7]
[tweedie_variance_power: 1.5]
[max_position: 20]
[label_gain: ]
[metric_freq: 1]
[is_provide_training_metric: 0]
[eval_at: ]
[num_machines: 1]
[local_listen_port: 12400]
[time_out: 120]
[machine_list_filename: ]
[machines: ]
[gpu_platform_id: -1]
[gpu_device_id: -1]
[gpu_use_dp: 0]

end of parameters

pandas_categorical:[]
