tree
version=v2
num_class=1
num_tree_per_iteration=1
label_index=0
max_feature_idx=8
objective=binary sigmoid:1
feature_names=H25_age H25_sex H25_bmi H25_dbp H25_sbp H25_lhrate H25_a1c H25_ht H25_dl
feature_infos=[18:74] [1:2] [0:65.599999999999994] [0:169] [0:238] [0.18181818181818185:8.8461538461538485] [3:14.4] [0:1] [0:1]
tree_sizes=718 717 720 719 717 726 733 719 728 734 737 734 733 733 738 733 735 731 729 736 737 740 732 738 737

Tree=0
num_leaves=8
num_cat=0
split_feature=6 6 6 2 5 2 6
split_gain=5547.35 428.931 53.473 35.3012 19.8455 9.5273 8.79251
threshold=6.7500000000000009 6.3500000000000005 5.9500000000000011 27.350000000000005 1.9644957983193281 35.550000000000004 6.4500000000000011
decision_type=10 10 10 8 10 10 10
left_child=1 2 5 -4 -3 -1 -6
right_child=-2 4 3 -5 6 -7 -8
leaf_value=-5.2778830847311804 -3.8659372360264843 -5.1178400397741015 -5.2396724719144911 -5.1242017538268101 -5.0704111937168275 -5.1684841008729778 -4.7967580425246101
leaf_count=58754 1187 437 5756 1409 431 220 627
internal_value=0 -0.555348 -0.728107 0.386599 6.30944 -0.864342 7.35228
internal_count=68821 67634 66139 7165 1495 58974 1058
shrinkage=1


Tree=1
num_leaves=8
num_cat=0
split_feature=6 6 6 1 1 0 4
split_gain=1732.18 67.9226 51.4257 17.8662 16.004 15.7617 15.1294
threshold=6.3500000000000005 6.9500000000000011 5.9500000000000011 1.5000000000000002 1.5000000000000002 56.500000000000007 133.83333333333334
decision_type=10 10 10 2 2 2 10
left_child=2 3 -1 -2 -4 -3 -5
right_child=1 5 4 6 -6 -7 -8
leaf_value=-0.04289745824324976 0.26032409655747757 0.44484504626295768 0.039678381812923783 -0.0027631957835150722 -0.02759619618371666 0.21081755937290703 0.18382608652781304
leaf_count=58974 1407 688 4865 274 2300 188 125
internal_value=0 6.6538 -0.717738 4.67007 0.362366 8.17307 1.79034
internal_count=68821 2682 66139 1806 7165 876 399
shrinkage=0.05


Tree=2
num_leaves=8
num_cat=0
split_feature=6 6 4 6 2 5 3
split_gain=1199.16 49.3572 39.693 31.9926 27.8767 18.5961 20.9438
threshold=6.3500000000000005 5.9500000000000011 125.83333333333336 6.4500000000000011 27.350000000000005 2.3757352941176477 99.166666666666671
decision_type=10 10 10 10 8 10 8
left_child=1 -1 -2 -4 -3 -5 -7
right_child=2 4 3 5 -6 6 -8
leaf_value=-0.042568666189064873 0.15752542000461925 -0.0060916652914856269 0.066052280053995965 0.20036724416404256 0.091719249949011372 0.35255702424720897 0.064073440237957691
leaf_count=58974 1089 5756 317 555 1409 664 57
internal_value=0 -0.70727 4.67848 5.46512 0.337752 5.78504 6.71754
internal_count=68821 66139 2682 1593 7165 1276 721
shrinkage=0.05


Tree=3
num_leaves=8
num_cat=0
split_feature=6 6 2 0 0 5 6
split_gain=908.093 47.491 23.1157 22.7645 38.7614 19.3858 11.8812
threshold=6.3500000000000005 5.9500000000000011 27.350000000000005 38.500000000000007 47.500000000000007 1.8628793983346765 7.2500000000000009
decision_type=10 10 8 2 2 10 10
left_child=1 -1 -3 -2 5 -5 -6
right_child=3 2 -4 4 6 -7 -8
leaf_value=-0.042229153240491785 0.021234921238419104 -0.0058315118945621242 0.080589343497640131 0.076954272839745805 0.11550144364206279 0.26799086551515089 0.19163314168064044
leaf_count=58974 93 5756 1409 153 1346 727 363
internal_value=0 -0.696544 0.317168 3.6001 3.73162 4.95984 2.95311
internal_count=68821 66139 7165 2682 2589 880 1709
shrinkage=0.05


Tree=4
num_leaves=8
num_cat=0
split_feature=6 6 6 2 5 2 0
split_gain=725.468 32.4065 25.3827 17.6283 13.8527 13.7841 13.3609
threshold=6.2500000000000009 5.9500000000000011 6.5500000000000016 27.450000000000003 2.7553287981859413 22.650000000000002 38.500000000000007
decision_type=10 10 10 8 10 8 2
left_child=1 -1 -2 -3 -4 -6 -7
right_child=2 3 4 -5 5 6 -8
leaf_value=-0.041878727967174359 0.077001442151432689 -0.0110907064333428 0.1259942553679668 0.068551541959894616 0.026786192220531337 0.029973736358016263 0.21005933836669477
leaf_count=58974 1875 5132 1030 1154 46 40 570
internal_value=0 -0.716974 2.79078 0.177693 3.11939 3.80295 3.99986
internal_count=68821 65260 3561 6286 1686 656 610
shrinkage=0.05


Tree=5
num_leaves=8
num_cat=0
split_feature=6 6 6 8 2 3 0
split_gain=602.297 30.3156 17.0611 13.4992 12.825 10.8827 10.1982
threshold=6.1500000000000012 6.4500000000000011 5.9500000000000011 1.0000000180025095e-35 28.450000000000003 63.833333333333336 45.500000000000007
decision_type=10 10 10 2 10 10 2
left_child=2 4 -1 5 -2 -3 -7
right_child=1 3 -4 -5 -6 6 -8
leaf_value=-0.041517197713500771 0.026639288415197249 0.013732508856964818 -0.00042230799410327888 0.19521955428866855 0.11981951619133308 0.15525697022957793 0.10043575717976228
leaf_count=58974 2296 105 4982 256 504 474 1230
internal_value=0 2.21634 -0.748249 2.52502 1.03893 2.29599 2.38601
internal_count=68821 4865 63956 2065 2800 1809 1704
shrinkage=0.05


Tree=6
num_leaves=8
num_cat=0
split_feature=6 6 2 6 8 4 1
split_gain=512.696 21.7039 16.9517 19.6888 17.7921 14.1047 12.4894
threshold=6.1500000000000012 6.5500000000000016 25.050000000000004 5.8500000000000005 1.0000000180025095e-35 124.16666666666667 1.5000000000000002
decision_type=10 10 8 8 2 10 2
left_child=2 6 -1 -4 -5 -3 -2
right_child=1 5 3 4 -6 -7 -8
leaf_value=-0.043917394009790396 0.071857182916714779 0.071532342149767697 -0.040098454954677287 -0.00056660924395552758 0.1073344992277333 0.12586850261383786 -0.0080071963565277304
leaf_count=49308 2316 594 8194 5750 704 1092 863
internal_value=0 1.91354 -0.738474 -0.284435 0.291517 2.2036 1.08101
internal_count=68821 4865 63956 14648 6454 1686 3179
shrinkage=0.05


Tree=7
num_leaves=8
num_cat=0
split_feature=6 2 6 6 2 5 0
split_gain=440.667 16.8729 18.6268 16.224 20.9895 12.5346 10.5906
threshold=6.1500000000000012 25.050000000000004 5.8500000000000005 7.2500000000000009 29.750000000000004 2.8263768115942036 38.500000000000007
decision_type=10 8 8 10 8 10 2
left_child=1 -1 -3 4 -2 -6 -5
right_child=3 2 -4 6 5 -7 -8
leaf_value=-0.043629596182983212 0.051915716898538772 -0.039692705108843936 0.013821870212314402 -0.001282907563980275 0.063094203836787988 0.16688078040819054 0.11748980099802669
leaf_count=49308 3620 8194 6454 37 358 294 556
internal_value=0 -0.728453 -0.27386 1.66923 1.35109 2.39948 2.2264
internal_count=68821 63956 14648 4865 4272 652 593
shrinkage=0.05


Tree=8
num_leaves=8
num_cat=0
split_feature=6 6 4 6 2 3 2
split_gain=383.823 16.9898 14.7051 10.6139 12.5236 12.0797 10.027
threshold=6.1500000000000012 5.9500000000000011 130.83333333333334 6.3500000000000005 22.450000000000003 65.833333333333357 35.45000000000001
decision_type=10 10 10 10 8 10 10
left_child=1 6 3 -2 5 -5 -1
right_child=2 -3 -4 4 -6 -7 -8
leaf_value=-0.041261577619354853 0.0062237841836427161 0.0015072475989242149 0.093126746007118344 0.0098699112355489921 0.050401780635577424 0.14555918772822599 0.074688623388442926
leaf_count=58745 1426 4982 1933 111 1150 245 229
internal_value=0 -0.718299 1.47637 1.10394 1.28197 2.32203 -0.808252
internal_count=68821 63956 4865 2932 1506 356 58974
shrinkage=0.05


Tree=9
num_leaves=8
num_cat=0
split_feature=6 2 8 2 6 8 2
split_gain=336.692 17.2002 18.1967 12.0008 11.5767 15.0387 12.1535
threshold=6.1500000000000012 25.050000000000004 1.0000000180025095e-35 34.650000000000013 6.9500000000000011 1.0000000180025095e-35 30.450000000000003
decision_type=10 8 2 10 10 2 8
left_child=1 -1 3 -3 6 -6 -2
right_child=4 2 -4 -5 5 -7 -8
leaf_value=-0.043064712021657209 0.036920776743580269 -0.026148932884259221 0.064306859628874474 0.084782830206736159 0.071503996509281964 0.1595454798067423 0.094396485429630694
leaf_count=49308 3482 13030 1302 316 809 67 507
internal_value=0 -0.707797 -0.241403 -0.42892 1.31603 1.62943 0.977643
internal_count=68821 63956 14648 13346 4865 876 3989
shrinkage=0.05


Tree=10
num_leaves=8
num_cat=0
split_feature=6 2 6 8 2 4 1
split_gain=297.84 17.0765 17.8247 12.9093 10.8771 9.94314 14.6738
threshold=6.1500000000000012 25.050000000000004 5.8500000000000005 1.0000000180025095e-35 33.45000000000001 130.83333333333334 1.5000000000000002
decision_type=10 8 8 2 8 10 2
left_child=1 -1 -3 4 -4 6 -2
right_child=5 2 3 -5 -6 -7 -8
leaf_value=-0.042747597691994647 0.054541557504321284 -0.038670489798266323 -0.0091576846301019005 0.088349878075727528 0.095613814818822987 0.073890218417559078 -0.0087194579872923676
leaf_count=49308 2145 8194 5444 704 306 1933 787
internal_value=0 -0.697049 -0.231015 0.302599 0.0206574 1.18417 0.891855
internal_count=68821 63956 14648 6454 5750 4865 2932
shrinkage=0.05


Tree=11
num_leaves=8
num_cat=0
split_feature=6 6 2 8 2 6 0
split_gain=264.101 17.1043 19.1124 10.8523 9.58985 9.15383 10.2533
threshold=6.1500000000000012 5.8500000000000005 25.050000000000004 1.0000000180025095e-35 33.45000000000001 6.5500000000000016 58.500000000000007
decision_type=10 8 8 2 8 10 2
left_child=1 -1 -3 4 -4 6 -2
right_child=5 2 3 -5 -6 -7 -8
leaf_value=-0.045708904955634372 0.019569246975670741 -0.033366216213218156 -0.0087960065045367391 0.078884335975654946 0.086960197751818041 0.061058263574577443 0.1038544404900391
leaf_count=39980 2862 17522 5444 704 306 1686 317
internal_value=0 -0.686098 -0.349156 0.28929 0.0224968 1.06829 0.599855
internal_count=68821 63956 23976 6454 5750 4865 3179
shrinkage=0.05


Tree=12
num_leaves=8
num_cat=0
split_feature=6 6 2 2 5 6 0
split_gain=235.722 13.6042 13.4253 12.6739 11.2716 10.739 9.05629
threshold=6.0500000000000016 6.3500000000000005 22.750000000000004 25.450000000000003 1.4195539625647156 5.7500000000000009 57.500000000000007
decision_type=10 10 8 10 10 8 2
left_child=3 2 -2 -1 -4 -5 -7
right_child=1 -3 4 5 -6 6 -8
leaf_value=-0.042230876888136655 -0.038878544609470239 0.052699212290094069 0.14813937933187532 -0.039917822193244218 0.02184626382993414 0.00011656433801917705 0.10464719095397335
leaf_count=50277 1433 2682 152 5606 2629 5774 268
internal_value=0 0.912726 0.277859 -0.715691 0.690929 -0.236769 0.176955
internal_count=68821 6896 4214 61925 2781 11648 6042
shrinkage=0.05


Tree=13
num_leaves=8
num_cat=0
split_feature=6 6 8 2 1 0 0
split_gain=214.523 18.152 10.2683 9.97777 9.49205 6.31655 10.1679
threshold=5.9500000000000011 6.3500000000000005 1.0000000180025095e-35 33.45000000000001 1.5000000000000002 38.500000000000007 47.500000000000007
decision_type=10 10 2 10 2 2 2
left_child=2 4 3 -1 -2 -3 -7
right_child=1 5 -4 -5 -6 6 -8
leaf_value=-0.042445976283079112 0.024360238145028697 -0.0082107655492909895 0.010859808356219733 0.05489740392473387 -0.026656593188568379 0.06828135188624089 0.037964424836622421
leaf_count=55878 4865 93 2682 414 2300 880 1709
internal_value=0 0.772527 -0.767375 -0.822296 0.206729 0.957208 0.998734
internal_count=68821 9847 58974 56292 7165 2682 2589
shrinkage=0.05


Tree=14
num_leaves=8
num_cat=0
split_feature=6 6 2 0 8 3 8
split_gain=194.562 15.4006 11.4199 11.2246 9.94898 10.3826 7.70976
threshold=5.9500000000000011 6.4500000000000011 27.350000000000005 58.500000000000007 1.0000000180025095e-35 101.58333333333336 1.0000000180025095e-35
decision_type=10 10 8 2 2 10 2
left_child=4 2 -2 -4 5 -1 -3
right_child=1 6 3 -5 -6 -7 -8
leaf_value=-0.042120052916802431 -0.0029817703771091658 0.039809769063153054 0.028672732147635355 0.15225480759466448 0.010264386653507665 0.058805959278685274 0.07869684971969973
leaf_count=55733 6196 1809 1483 103 2682 559 256
internal_value=0 0.71022 0.258286 0.905596 -0.758094 -0.814626 0.900935
internal_count=68821 9847 7782 1586 58974 56292 2065
shrinkage=0.05


Tree=15
num_leaves=8
num_cat=0
split_feature=6 6 8 3 1 6 0
split_gain=177.254 12.8294 9.63663 9.83216 8.38849 6.16895 10.5281
threshold=5.9500000000000011 6.3500000000000005 1.0000000180025095e-35 101.58333333333336 1.5000000000000002 8.1500000000000004 57.500000000000007
decision_type=10 10 2 10 2 10 2
left_child=2 4 3 -1 -2 -3 -7
right_child=1 5 -4 -5 -6 6 -8
leaf_value=-0.041772519222006581 0.021849148799291913 0.035154697801116491 0.0097063985545484902 0.054778556292670214 -0.026203922284246846 0.075411227702711359 -0.035227139069285776
leaf_count=55733 4865 2457 2682 559 2300 201 24
internal_value=0 0.656657 -0.74857 -0.806712 0.182551 0.80332 1.3002
internal_count=68821 9847 58974 56292 7165 2682 225
shrinkage=0.05


Tree=16
num_leaves=8
num_cat=0
split_feature=6 1 3 5 2 6 5
split_gain=161.463 11.4785 11.0591 14.2832 9.09478 8.03885 7.82591
threshold=5.9500000000000011 1.5000000000000002 73.833333333333357 2.9801960784313732 25.450000000000003 5.7500000000000009 2.5557777777777786
decision_type=10 2 10 8 10 8 8
left_child=4 -2 -3 -4 -1 -6 -7
right_child=1 2 3 -5 5 6 -8
leaf_value=-0.042942741723829975 0.03556512627829015 -0.030776194435257826 0.0018421531237949058 0.10676481634787519 -0.038420312250805388 -0.024360060794461028 0.037627350991984353
leaf_count=48179 7050 1652 995 150 5606 2424 2765
internal_value=0 0.606949 0.0320885 0.574029 -0.738819 -0.272447 0.175524
internal_count=68821 9847 2797 1145 58974 10795 5189
shrinkage=0.05


Tree=17
num_leaves=8
num_cat=0
split_feature=6 2 6 8 2 0 0
split_gain=147.452 10.6235 17.4974 9.54892 9.84023 8.03076 7.61978
threshold=5.9500000000000011 27.350000000000005 7.6500000000000012 1.0000000180025095e-35 33.45000000000001 59.500000000000007 34.500000000000007
decision_type=10 8 10 2 10 2 2
left_child=3 2 -2 4 -1 -4 -3
right_child=1 6 5 -5 -6 -7 -8
leaf_value=-0.04108681441135692 0.0090336747695135815 -0.036926218198429756 0.068469742114183121 0.010732600038635926 0.056037642743797113 -0.033238038168823966 0.044887414349876843
leaf_count=55878 7244 84 183 2682 414 21 2315
internal_value=0 0.562248 0.364326 -0.729008 -0.790847 1.18788 0.843122
internal_count=68821 9847 7448 58974 56292 204 2399
shrinkage=0.05


Tree=18
num_leaves=8
num_cat=0
split_feature=6 6 2 1 0 0 6
split_gain=134.733 9.60791 9.23143 8.7721 9.40078 10.955 7.78203
threshold=5.9500000000000011 6.4500000000000011 25.450000000000003 1.5000000000000002 58.500000000000007 59.500000000000007 5.7500000000000009
decision_type=10 10 10 2 2 2 8
left_child=2 3 -1 4 -2 -6 -4
right_child=1 -3 6 -5 5 -7 -8
leaf_value=-0.042327706858783495 0.010820458611032934 0.033056271892428407 -0.037620132101404205 -0.025738166432133516 0.16323764008670058 0.013105438309233131 0.0097884119363524438
leaf_count=48179 4861 2065 5606 2451 150 320 5189
internal_value=0 0.52173 -0.718802 0.175034 0.385491 1.64475 -0.242236
internal_count=68821 9847 58974 7782 5331 470 10795
shrinkage=0.05


Tree=19
num_leaves=8
num_cat=0
split_feature=6 8 4 2 6 4 4
split_gain=123.549 9.39954 10.1078 8.54647 14.1397 6.09591 6.89198
threshold=5.9500000000000011 1.0000000180025095e-35 158.33333333333334 27.350000000000005 7.6500000000000012 162.16666666666671 148.16666666666671
decision_type=10 2 10 8 10 10 10
left_child=1 2 -1 4 -2 6 -5
right_child=3 -3 -4 5 -6 -7 -8
leaf_value=-0.040368880010447479 0.007273983984489381 0.011565100349582491 0.059452392376607988 0.033451846302507679 0.051193914053838413 -0.021758995549046214 0.080559232209167275
leaf_count=55684 7244 2682 608 2097 204 100 202
internal_value=0 -0.70856 -0.774121 0.486128 0.310834 0.729844 0.787823
internal_count=68821 58974 56292 9847 7448 2399 2299
shrinkage=0.05


Tree=20
num_leaves=8
num_cat=0
split_feature=6 2 1 3 5 6 5
split_gain=113.289 9.38417 8.06403 9.30532 11.3819 7.54959 7.30435
threshold=5.9500000000000011 25.450000000000003 1.5000000000000002 73.833333333333357 2.9801960784313732 5.7500000000000009 2.5557777777777786
decision_type=10 10 2 10 8 8 8
left_child=1 -1 -2 -4 -5 -3 -7
right_child=2 5 3 4 -6 6 -8
leaf_value=-0.041682741888253515 0.026742552327780153 -0.036768515087864474 -0.030988405232447381 -0.001051030963211646 0.087785601815945385 -0.022675468926601355 0.038430408514326608
leaf_count=48179 7050 5606 1652 995 150 2424 2765
internal_value=0 -0.697907 0.453393 -0.0189279 0.453996 -0.210379 0.21874
internal_count=68821 58974 9847 2797 1145 10795 5189
shrinkage=0.05


Tree=21
num_leaves=8
num_cat=0
split_feature=6 2 6 6 5 2 3
split_gain=103.984 9.24447 7.41053 7.09977 6.50339 6.93137 5.74572
threshold=5.9500000000000011 25.450000000000003 6.3500000000000005 5.7500000000000009 2.5557777777777786 29.650000000000002 96.833333333333357
decision_type=10 10 10 8 8 10 8
left_child=1 -1 6 -3 -5 -6 -2
right_child=2 3 -4 4 5 -7 -8
leaf_value=-0.041323992212623527 -0.00068918150938694926 -0.036300798109591914 0.026219156481553429 -0.022115824161753388 0.0077311416427676069 0.094186281227121027 0.066420320001394625
leaf_count=48179 6892 5606 2682 2424 2165 600 273
internal_value=0 -0.687273 0.422931 -0.202951 0.205984 0.708132 0.0784429
internal_count=68821 58974 9847 10795 5189 2765 7165
shrinkage=0.05


Tree=22
num_leaves=8
num_cat=0
split_feature=6 2 5 3 2 6 0
split_gain=95.5168 9.1279 6.79196 6.862 6.76872 11.4143 6.44469
threshold=5.9500000000000011 25.450000000000003 4.4568322981366464 100.83333333333336 27.350000000000005 7.6500000000000012 58.500000000000007
decision_type=10 10 8 8 8 10 2
left_child=1 -1 3 -3 5 6 -2
right_child=4 2 -4 -5 -6 -7 -8
leaf_value=-0.040953929501025998 -0.000439532275661258 -0.021482715259126497 0.070123778410142973 0.074879897751219504 0.030206124955570204 0.042927352391028392 0.034618880119942318
leaf_count=48179 6499 10081 434 280 2399 204 745
internal_value=0 -0.676308 -0.194238 -0.31789 0.395365 0.242558 0.0954136
internal_count=68821 58974 10795 10361 9847 7448 7244
shrinkage=0.05


Tree=23
num_leaves=8
num_cat=0
split_feature=6 8 4 1 3 5 0
split_gain=87.7309 9.6347 9.77376 6.50511 8.16787 9.47496 5.6258
threshold=5.9500000000000011 1.0000000180025095e-35 158.33333333333334 1.5000000000000002 73.833333333333357 2.9801960784313732 33.500000000000007
decision_type=10 2 10 2 10 8 2
left_child=1 2 -1 6 -5 -6 -2
right_child=3 -3 -4 4 5 -7 -8
leaf_value=-0.038837987122744735 -0.039470968208588669 0.015520180497002267 0.059200165646679619 -0.030937829537571505 -0.0026908783711423394 0.075465900123514784 0.023154322972932528
leaf_count=55684 133 2682 608 1652 995 150 6917
internal_value=0 -0.664918 -0.738866 0.370108 -0.0488543 0.379072 0.440408
internal_count=68821 58974 56292 9847 2797 1145 7050
shrinkage=0.05


Tree=24
num_leaves=8
num_cat=0
split_feature=6 6 5 2 6 8 0
split_gain=80.5814 9.46174 12.3414 6.44328 5.82083 9.31486 7.29344
threshold=5.9500000000000011 5.8500000000000005 2.7698612862547294 29.650000000000002 6.9500000000000011 1.0000000180025095e-35 58.500000000000007
decision_type=10 8 10 10 10 2 2
left_child=1 -1 -3 -4 6 -6 -2
right_child=4 2 3 -5 5 -7 -8
leaf_value=-0.042777028041247112 0.0053259435448733466 -0.028418647443259365 0.0098326071085934573 0.099663996288748946 0.020830313240265508 0.071723603483359752 0.042939793470492975
leaf_count=39980 8151 15139 3496 359 809 67 820
internal_value=0 -0.653458 -0.273126 0.624305 0.346268 0.524096 0.197166
internal_count=68821 58974 18994 3855 9847 876 8971
shrinkage=0.05


end of trees

feature importances:
H25_a1c=65
H25_bmi=34
H25_age=19
H25_lhrate=14
H25_dl=14
H25_sex=10
H25_dbp=10
H25_sbp=9

parameters:
[boosting: gbdt]
[objective: binary]
[metric: binary]
[tree_learner: serial]
[device_type: cpu]
[data: ]
[valid: ]
[num_iterations: 100]
[learning_rate: 0.05]
[num_leaves: 8]
[num_threads: 0]
[max_depth: -1]
[min_data_in_leaf: 20]
[min_sum_hessian_in_leaf: 1]
[bagging_fraction: 0.4]
[bagging_freq: 0]
[bagging_seed: 3]
[feature_fraction: 0.9]
[feature_fraction_seed: 2]
[early_stopping_round: 0]
[max_delta_step: 0]
[lambda_l1: 0]
[lambda_l2: 1]
[min_gain_to_split: 0]
[drop_rate: 0.1]
[max_drop: 50]
[skip_drop: 0.5]
[xgboost_dart_mode: 0]
[uniform_drop: 0]
[drop_seed: 4]
[top_rate: 0.2]
[other_rate: 0.1]
[min_data_per_group: 100]
[max_cat_threshold: 32]
[cat_l2: 10]
[cat_smooth: 10]
[max_cat_to_onehot: 4]
[top_k: 20]
[monotone_constraints: ]
[feature_contri: ]
[forcedsplits_filename: ]
[refit_decay_rate: 0.9]
[verbosity: 0]
[max_bin: 255]
[min_data_in_bin: 3]
[bin_construct_sample_cnt: 200000]
[histogram_pool_size: -1]
[data_random_seed: 1]
[output_model: LightGBM_model.txt]
[snapshot_freq: -1]
[input_model: ]
[output_result: LightGBM_predict_result.txt]
[initscore_filename: ]
[valid_data_initscores: ]
[pre_partition: 0]
[enable_bundle: 1]
[max_conflict_rate: 0]
[is_enable_sparse: 1]
[sparse_threshold: 0.8]
[use_missing: 1]
[zero_as_missing: 0]
[two_round: 0]
[save_binary: 0]
[enable_load_from_binary_file: 1]
[header: 0]
[label_column: ]
[weight_column: ]
[group_column: ]
[ignore_column: ]
[categorical_feature: ]
[predict_raw_score: 0]
[predict_leaf_index: 0]
[predict_contrib: 0]
[num_iteration_predict: -1]
[pred_early_stop: 0]
[pred_early_stop_freq: 10]
[pred_early_stop_margin: 10]
[convert_model_language: ]
[convert_model: gbdt_prediction.cpp]
[num_class: 1]
[is_unbalance: 0]
[scale_pos_weight: 1]
[sigmoid: 1]
[boost_from_average: 1]
[reg_sqrt: 0]
[alpha: 0.9]
[fair_c: 1]
[poisson_max_delta_step: 0.7]
[tweedie_variance_power: 1.5]
[max_position: 20]
[label_gain: ]
[metric_freq: 1]
[is_provide_training_metric: 0]
[eval_at: ]
[num_machines: 1]
[local_listen_port: 12400]
[time_out: 120]
[machine_list_filename: ]
[machines: ]
[gpu_platform_id: -1]
[gpu_device_id: -1]
[gpu_use_dp: 0]

end of parameters

pandas_categorical:[]
