tree
version=v2
num_class=1
num_tree_per_iteration=1
label_index=0
max_feature_idx=8
objective=binary sigmoid:1
feature_names=H25_age H25_sex H25_bmi H25_dbp H25_sbp H25_lhrate H25_a1c H25_ht H25_dl
feature_infos=[18:74] [1:2] [0:56.200000000000003] [0:169] [0:238] [0.18181818181818185:8.8461538461538485] [3:15] [0:1] [0:1]
tree_sizes=717 715 724 727 728 727 730 726 725 724 732 727 728 734 732 724 729 732 732 732 733 736 734 736 738

Tree=0
num_leaves=8
num_cat=0
split_feature=6 6 6 3 0 2 2
split_gain=6048.83 366.205 55.1934 18.001 16.176 15.9513 11.4188
threshold=6.7500000000000009 6.3500000000000005 5.9500000000000011 91.833333333333357 52.500000000000007 32.550000000000004 22.250000000000004
decision_type=10 10 10 8 2 10 8
left_child=1 2 5 6 -5 -1 -4
right_child=-2 -3 3 4 -6 -7 -8
leaf_value=-5.2820255872833473 -3.8096823390507586 -4.9480334329831894 -5.2674916525960915 -5.0591746224831766 -5.2629970645508086 -5.1830789067506835 -5.2087863281662239
leaf_count=58357 1193 1492 2241 394 207 633 4303
internal_value=0 -0.582094 -0.741653 0.394104 2.35975 -0.880042 0.152071
internal_count=68820 67627 66135 7145 601 58990 6544
shrinkage=1


Tree=1
num_leaves=8
num_cat=0
split_feature=6 6 6 1 0 1 0
split_gain=1703.86 106.485 53.2153 43.7808 39.512 22.1909 14.1946
threshold=6.3500000000000005 6.9500000000000011 5.9500000000000011 1.5000000000000002 59.500000000000007 1.5000000000000002 39.500000000000007
decision_type=10 10 10 2 2 2 2
left_child=2 3 -1 -2 6 -4 -3
right_child=1 4 5 -5 -6 -7 -8
leaf_value=-0.043712094063803768 0.25065908416603555 0.11257269272693467 0.044139920490011621 0.044442889388220469 0.09882726874700723 -0.035131952995830308 0.44588460709166955
leaf_count=58990 1379 54 4820 423 79 2325 750
internal_value=0 6.44088 -0.731581 4.20593 8.15552 0.370709 8.61951
internal_count=68820 2685 66135 1802 883 7145 804
shrinkage=0.05


Tree=2
num_leaves=8
num_cat=0
split_feature=6 6 6 2 4 2 2
split_gain=1186.54 59.1212 30.7857 21.9497 17.7153 15.6456 14.6647
threshold=6.2500000000000009 7.2500000000000009 5.9500000000000011 27.350000000000005 154.33333333333334 32.550000000000004 24.150000000000002
decision_type=10 10 10 10 8 10 8
left_child=2 3 5 -2 -5 -1 -4
right_child=1 -3 6 4 -6 -7 -8
leaf_value=-0.044748862052380156 0.12701031266762719 0.29066300482670315 -0.023879138097818872 0.24441933267648785 0.019509734834728978 0.052922449223472251 0.039935135610101688
leaf_count=58357 1992 605 3392 873 94 633 2874
internal_value=0 4.30537 -0.760913 3.34152 4.52297 -0.868258 0.132916
internal_count=68820 3564 65256 2959 967 58990 6266
shrinkage=0.05


Tree=3
num_leaves=8
num_cat=0
split_feature=6 8 6 6 2 2 5
split_gain=914.011 33.0119 29.9772 28.7038 14.8193 13.2111 11.7188
threshold=6.2500000000000009 1.0000000180025095e-35 5.9500000000000011 7.2500000000000009 32.550000000000004 25.750000000000004 2.5138996138996146
decision_type=10 2 10 10 10 8 10
left_child=2 3 4 -2 -1 -4 -5
right_child=1 -3 5 6 -6 -7 -8
leaf_value=-0.044490159194803133 0.11573820300566143 0.2760510559530639 -0.015214789234121898 0.13073864288557438 0.048806809495428316 0.048753729429669046 0.23519255644207537
leaf_count=58357 2560 442 4370 248 633 1896 314
internal_value=0 3.35975 -0.751406 3.00972 -0.862055 0.125388 3.93747
internal_count=68820 3564 65256 3122 58990 6266 562
shrinkage=0.05


Tree=4
num_leaves=8
num_cat=0
split_feature=6 1 6 2 3 6 3
split_gain=738.674 42.4849 29.2021 14.0676 12.6613 12.5238 11.9061
threshold=6.2500000000000009 1.5000000000000002 5.9500000000000011 32.550000000000004 81.583333333333357 6.1500000000000012 73.833333333333357
decision_type=10 2 10 10 10 10 10
left_child=2 -2 3 -1 -4 -6 -3
right_child=1 6 4 -5 5 -7 -8
leaf_value=-0.044222247183769374 0.15329615170290892 -0.016091634475881432 -0.016193490922633162 0.045117570312561077 0.012680965223195523 0.12238118061767285 0.082455925178925041
leaf_count=58357 2800 362 4193 633 1600 473 402
internal_value=0 2.75228 -0.74166 -0.855644 0.11894 0.904122 0.859708
internal_count=68820 3564 65256 58990 6266 2073 764
shrinkage=0.05


Tree=5
num_leaves=8
num_cat=0
split_feature=6 1 6 2 2 6 6
split_gain=611.978 37.3915 16.8847 20.8983 16.5097 14.4513 13.3012
threshold=6.1500000000000012 1.5000000000000002 7.6500000000000012 29.550000000000004 32.550000000000004 6.6500000000000012 5.9500000000000011
decision_type=10 2 10 10 10 10 10
left_child=4 2 3 -2 6 -3 -1
right_child=1 5 -4 -5 -6 -7 -8
leaf_value=-0.043944855161588081 0.086298977661752319 -0.019236862915376685 0.16647027448121507 0.1626902147044427 0.047909696345416239 0.077708803515333102 -0.0062627744097259134
leaf_count=58357 2780 974 345 598 747 201 4818
internal_value=0 2.17876 2.4416 2.10559 -0.774344 0.603179 -0.806994
internal_count=68820 4898 3723 3378 63922 1175 63175
shrinkage=0.05


Tree=6
num_leaves=8
num_cat=0
split_feature=6 6 8 2 1 3 6
split_gain=521.503 27.9877 16.1838 15.533 15.2123 14.2331 13.1628
threshold=6.1500000000000012 6.5500000000000016 1.0000000180025095e-35 32.550000000000004 1.5000000000000002 91.833333333333357 5.9500000000000011
decision_type=10 10 2 10 2 10 10
left_child=3 4 5 6 -2 -3 -1
right_child=1 2 -4 -5 -6 -7 -8
leaf_value=-0.043657719818752883 0.068663991430339744 0.087060373843457856 0.1825181691929289 0.044138139919824695 -0.016117263438317174 0.15903994518386239 -0.0059977244153444978
leaf_count=58357 2295 1293 188 747 914 208 4818
internal_value=0 1.88043 2.22036 -0.765218 1.01845 1.99611 -0.798823
internal_count=68820 4898 1689 63922 3209 1501 63175
shrinkage=0.05


Tree=7
num_leaves=8
num_cat=0
split_feature=6 1 2 6 5 6 2
split_gain=450.884 21.2751 15.5906 16.2996 11.1672 10.2728 10.0538
threshold=6.1500000000000012 1.5000000000000002 25.150000000000002 5.8500000000000005 2.8952850877192988 6.3500000000000005 26.950000000000003
decision_type=10 2 8 8 10 10 10
left_child=2 5 -1 -4 -3 -2 -6
right_child=1 4 3 -5 6 -7 -8
leaf_value=-0.04462386835123839 0.044805809097439919 0.0015865697101539429 -0.039491417689930822 0.0117646681322311 -0.0066746588542548309 0.097648694528299718 0.16380899411884589
leaf_count=49714 1556 1009 7906 6302 94 2167 72
internal_value=0 1.64775 -0.755865 -0.305471 0.490193 1.81884 2.04258
internal_count=68820 4898 63922 14208 1175 3723 166
shrinkage=0.05


Tree=8
num_leaves=8
num_cat=0
split_feature=6 6 2 6 2 8 3
split_gain=393.219 17.1411 15.5304 15.4023 14.6787 10.7454 12.6594
threshold=6.1500000000000012 6.9500000000000011 25.150000000000002 5.8500000000000005 29.950000000000003 1.0000000180025095e-35 91.833333333333357
decision_type=10 10 8 8 10 2 10
left_child=2 4 -1 -4 -2 6 -3
right_child=1 5 3 -5 -6 -7 -8
leaf_value=-0.044364062839353235 0.038175461156282869 0.069262592095623049 -0.039069194699759807 0.011067484237982417 0.10209804165004131 0.16134401716051577 0.13757308317344577
leaf_count=49714 3456 701 7906 6302 559 63 119
internal_value=0 1.45689 -0.746351 -0.295293 1.03664 1.83386 1.64805
internal_count=68820 4898 63922 14208 4015 883 820
shrinkage=0.05


Tree=9
num_leaves=8
num_cat=0
split_feature=6 2 6 1 3 5 2
split_gain=346.979 15.4511 14.5518 14.2061 10.0066 11.0096 9.13653
threshold=6.1500000000000012 25.150000000000002 5.8500000000000005 1.5000000000000002 73.833333333333357 2.9954166666666668 34.650000000000013
decision_type=10 8 8 2 10 10 8
left_child=1 -1 -3 -2 -5 -6 -4
right_child=3 2 6 4 5 -7 -8
leaf_value=-0.044094914696348513 0.071548971938745418 -0.038636425352783194 0.001836370518541317 -0.025116344540523246 0.018022895692488716 0.14027905219444886 0.098377245593618046
leaf_count=49714 3723 7906 6028 629 459 87 274
internal_value=0 -0.736619 -0.285333 1.30463 0.389344 1.0209 0.20837
internal_count=68820 63922 14208 4898 1175 546 6302
shrinkage=0.05


Tree=10
num_leaves=8
num_cat=0
split_feature=6 2 6 6 8 1 0
split_gain=306.912 15.3904 13.8208 13.3327 9.23844 8.52648 9.82286
threshold=6.1500000000000012 25.150000000000002 5.8500000000000005 6.5500000000000016 1.0000000180025095e-35 1.5000000000000002 58.500000000000007
decision_type=10 8 8 10 2 2 2
left_child=1 -1 -3 5 -5 6 -2
right_child=3 2 -4 4 -6 -7 -8
leaf_value=-0.04381616046136233 0.031043560541016996 -0.038193191221236794 0.0099751714662493843 0.061396439745646139 0.11214348163989366 -0.017548908780885917 0.11935514747086647
leaf_count=49714 2070 7906 6302 1501 188 914 225
internal_value=0 -0.726573 -0.274574 1.17136 1.36801 0.636436 0.854739
internal_count=68820 63922 14208 4898 1689 3209 2295
shrinkage=0.05


Tree=11
num_leaves=8
num_cat=0
split_feature=6 2 6 6 2 0 2
split_gain=273.586 15.2723 13.0488 11.0713 11.2594 10.0159 7.95577
threshold=6.1500000000000012 25.150000000000002 5.8500000000000005 7.6500000000000012 25.650000000000002 60.500000000000007 34.650000000000013
decision_type=10 8 8 10 10 2 8
left_child=1 -1 -3 4 -2 -5 -4
right_child=3 2 6 5 -6 -7 -8
leaf_value=-0.043527557142789643 0.026009072388226931 -0.037739604156250155 0.0012487673893751151 0.084001034006643632 0.059391357298113102 -0.032088729698225966 0.088508399735185941
leaf_count=49714 2537 7906 6028 359 1980 22 274
internal_value=0 -0.716413 -0.265086 1.06071 0.886291 1.56471 0.188
internal_count=68820 63922 14208 4898 4517 381 6302
shrinkage=0.05


Tree=12
num_leaves=8
num_cat=0
split_feature=6 2 6 6 2 4 4
split_gain=244.494 15.1704 12.3784 9.73148 9.35969 7.69297 15.2106
threshold=6.1500000000000012 25.150000000000002 5.8500000000000005 6.9500000000000011 29.950000000000003 136.83333333333334 152.16666666666671
decision_type=10 8 8 10 10 10 10
left_child=1 -1 -3 4 -2 -6 -7
right_child=3 2 -4 -5 5 6 -8
leaf_value=-0.043228860767288421 0.023883715151086338 -0.03727579997610779 0.0090027241250099505 0.060635475998907201 0.030725184362018744 0.14841989470937339 -0.014393837586801248
leaf_count=49714 3456 7906 6302 883 317 167 75
internal_value=0 -0.705947 -0.254865 0.963477 0.677672 1.38047 2.15166
internal_count=68820 63922 14208 4898 4015 559 242
shrinkage=0.05


Tree=13
num_leaves=8
num_cat=0
split_feature=6 6 2 1 8 6 5
split_gain=220.811 21.4776 12.6575 11.1789 10.1983 7.67472 7.35652
threshold=5.9500000000000011 6.3500000000000005 31.650000000000002 1.5000000000000002 1.0000000180025095e-35 9.5500000000000025 2.3861642743221689
decision_type=10 10 10 2 2 10 10
left_child=2 3 -1 6 5 -3 -2
right_child=1 4 -4 -5 -6 -7 -8
leaf_value=-0.041789071059139517 0.047857493627603748 0.038032907785347694 0.034415603823801454 -0.033512058621529943 0.085078144078643683 0.084525803400493593 0.0016597993714516715
leaf_count=58083 2260 2252 907 2325 335 98 2560
internal_value=0 0.77118 -0.791457 0.169034 0.973523 0.852977 0.45145
internal_count=68820 9830 58990 7145 2685 2350 4820
shrinkage=0.05


Tree=14
num_leaves=8
num_cat=0
split_feature=6 6 2 3 0 8 5
split_gain=200.836 18.0105 12.0609 9.85724 10.3785 8.05601 7.31238
threshold=5.9500000000000011 6.3500000000000005 31.650000000000002 91.833333333333357 52.500000000000007 1.0000000180025095e-35 2.9595918367346945
decision_type=10 10 10 8 2 2 10
left_child=2 3 -1 -2 6 -3 -5
right_child=1 5 -4 4 -6 -7 -8
leaf_value=-0.041429967407344281 -0.00084064116289881178 0.039153916842626181 0.032041205114015439 0.14433564983980729 -0.029960290111328031 0.07582254458805962 -0.0024814056619011735
leaf_count=58083 6544 2350 907 270 207 335 124
internal_value=0 0.710323 -0.782877 0.159094 1.36729 0.889989 2.15162
internal_count=68820 9830 58990 7145 601 2685 394
shrinkage=0.05


Tree=15
num_leaves=8
num_cat=0
split_feature=6 1 2 6 5 3 0
split_gain=183.117 17.0441 11.6221 10.1617 7.50317 9.21986 6.46647
threshold=5.9500000000000011 1.5000000000000002 29.650000000000002 6.6500000000000012 2.7553287981859413 75.833333333333357 35.500000000000007
decision_type=10 2 10 10 10 10 2
left_child=2 6 -1 -3 -5 -6 -2
right_child=1 3 -4 4 5 -7 -8
leaf_value=-0.041782193198348083 -0.027260623413026149 -0.031220523400967773 0.01545019591338322 0.0020421807090713747 -0.010293276337533979 0.1433905515408668 0.040170343072689088
leaf_count=56929 170 2642 2061 153 26 22 6817
internal_value=0 0.656182 -0.774064 -0.098416 0.600528 1.73385 0.7754
internal_count=68820 9830 58990 2843 201 48 6987
shrinkage=0.05


Tree=16
num_leaves=8
num_cat=0
split_feature=6 1 2 6 7 5 0
split_gain=167.123 14.3515 11.2275 9.46958 8.7146 9.91531 9.8623
threshold=5.9500000000000011 1.5000000000000002 29.650000000000002 6.6500000000000012 1.0000000180025095e-35 2.6526175687666376 46.500000000000007
decision_type=10 2 10 10 2 8 2
left_child=2 4 -1 -3 -2 -6 -7
right_child=1 3 -4 -5 5 6 -8
leaf_value=-0.041423977192386358 0.031527445786068586 -0.030650571169313742 0.014548874645171095 0.028583512225310238 0.10470673586022777 0.079429794824989242 -0.024988021851224715
leaf_count=56929 6361 2642 2061 201 381 82 163
internal_value=0 0.606639 -0.765039 -0.0912296 0.712277 1.40995 0.465454
internal_count=68820 9830 58990 2843 6987 626 245
shrinkage=0.05


Tree=17
num_leaves=8
num_cat=0
split_feature=6 6 2 3 0 8 6
split_gain=152.901 13.0135 10.8505 7.93298 8.36031 6.28682 6.30218
threshold=5.9500000000000011 6.3500000000000005 31.650000000000002 91.833333333333357 52.500000000000007 1.0000000180025095e-35 9.5500000000000025
decision_type=10 10 10 10 2 2 10
left_child=2 3 -1 -2 -5 6 -3
right_child=1 5 -4 4 -6 -7 -8
leaf_value=-0.04029607701385797 -0.0027249692528320212 0.026995023325507392 0.027896739916272791 0.088447480892574259 -0.030371910442523322 0.061270435068806355 0.065838872315425429
leaf_count=58083 6544 2252 907 394 207 335 98
internal_value=0 0.562573 -0.755784 0.103881 1.12778 0.706208 0.616439
internal_count=68820 9830 58990 7145 601 2685 2350
shrinkage=0.05


Tree=18
num_leaves=8
num_cat=0
split_feature=6 1 2 6 7 4 3
split_gain=140.186 11.7733 10.6699 8.22256 6.9124 8.61192 7.39442
threshold=5.9500000000000011 1.5000000000000002 29.650000000000002 6.6500000000000012 1.0000000180025095e-35 150.25000000000003 91.833333333333357
decision_type=10 2 10 10 2 10 10
left_child=2 4 -1 -3 6 -6 -2
right_child=1 3 -4 -5 5 -7 -8
leaf_value=-0.040680583540866282 0.022554606619862201 -0.030265952898628951 0.013688101304791048 0.024460517243648811 0.075403759603310083 -0.014731748536295892 0.05382595822028205
leaf_count=56929 5693 2642 2061 201 545 81 668
internal_value=0 0.523428 -0.746276 -0.105759 0.615085 1.21058 0.543407
internal_count=68820 9830 58990 2843 6987 626 6361
shrinkage=0.05


Tree=19
num_leaves=8
num_cat=0
split_feature=6 6 2 1 6 4 3
split_gain=128.581 10.4472 10.2989 6.81321 6.09074 6.99505 5.54382
threshold=5.9500000000000011 6.3500000000000005 29.650000000000002 1.5000000000000002 5.7500000000000009 124.16666666666667 91.250000000000014
decision_type=10 10 10 2 8 10 8
left_child=2 3 -1 6 -4 -6 -2
right_child=1 -3 4 -5 5 -7 -8
leaf_value=-0.040288226489893414 0.004947414055750189 0.030565258309278694 -0.029987138115734748 -0.031530899639024945 0.1093021657330886 0.0014946968463154292 0.055265125067249191
leaf_count=56929 4305 2685 1018 2325 310 733 515
internal_value=0 0.487059 -0.736566 0.0796306 0.258163 0.887669 0.268219
internal_count=68820 9830 58990 7145 2061 1043 4820
shrinkage=0.05


Tree=20
num_leaves=8
num_cat=0
split_feature=6 2 1 3 5 6 0
split_gain=117.981 10.0247 9.3376 7.51304 8.01775 5.73964 6.12479
threshold=5.9500000000000011 29.650000000000002 1.5000000000000002 73.833333333333357 2.9954166666666668 7.6500000000000012 60.500000000000007
decision_type=10 10 2 10 10 10 2
left_child=1 -1 5 -4 -5 -2 -7
right_child=2 -3 3 4 -6 6 -8
leaf_value=-0.039884233723452928 0.021473264142775769 0.012526748576814529 -0.034878042871049612 -0.0020820157298019177 0.082120248632289672 0.046650549372306234 -0.035032969399122565
leaf_count=56929 6642 2061 1678 1020 145 325 20
internal_value=0 -0.726521 0.453762 -0.108252 0.354788 0.531872 0.852827
internal_count=68820 58990 9830 2843 1165 6987 345
shrinkage=0.05


Tree=21
num_leaves=8
num_cat=0
split_feature=6 2 6 6 5 1 0
split_gain=108.435 9.96965 8.44082 8.42726 9.14427 7.93219 8.94154
threshold=5.9500000000000011 25.150000000000002 6.5500000000000016 5.7500000000000009 2.4903810580836114 1.5000000000000002 58.500000000000007
decision_type=10 10 10 8 8 2 2
left_child=1 -1 5 -3 -5 6 -2
right_child=2 3 -4 4 -6 -7 -8
leaf_value=-0.043720400689536171 0.0081586567476026745 -0.038141583027098705 0.028394817811900848 -0.028101399959894399 0.038820483504157621 -0.027771317738420453 0.069748506405237151
leaf_count=46828 5068 6327 1689 2614 3221 2582 491
internal_value=0 -0.716368 0.423547 -0.243723 0.204522 0.14905 0.295088
internal_count=68820 58990 9830 12162 5835 8141 5559
shrinkage=0.05


Tree=22
num_leaves=8
num_cat=0
split_feature=6 2 6 5 6 1 0
split_gain=99.8121 9.86694 7.94566 8.18086 7.56257 6.98215 6.15261
threshold=5.9500000000000011 25.150000000000002 5.7500000000000009 2.4903810580836114 6.9500000000000011 1.5000000000000002 58.500000000000007
decision_type=10 10 8 8 10 2 2
left_child=1 -1 -3 -4 5 6 -2
right_child=4 2 3 -5 -6 -7 -8
leaf_value=-0.043434496255197734 0.01134251013276809 -0.037701701720004012 -0.027542943209846134 0.035726203625209021 0.029692319322288743 -0.017834825118208286 0.050198044990272764
leaf_count=46828 5622 6327 2614 3221 883 2748 577
internal_value=0 -0.706148 -0.235473 0.192314 0.395931 0.218219 0.320483
internal_count=68820 58990 12162 5835 9830 8947 6199
shrinkage=0.05


Tree=23
num_leaves=8
num_cat=0
split_feature=6 2 6 5 6 3 0
split_gain=91.9541 9.75258 7.48991 7.33966 6.84783 5.25363 6.62334
threshold=5.9500000000000011 25.150000000000002 5.7500000000000009 2.4903810580836114 6.3500000000000005 91.833333333333357 52.500000000000007
decision_type=10 10 8 8 10 8 2
left_child=1 -1 -3 -4 5 -2 -7
right_child=4 2 3 -5 -6 6 -8
leaf_value=-0.043138472426913044 -0.0043964891644621305 -0.037252565648566403 -0.026983884351084911 0.032965585494107059 0.023278700585568902 0.066348572520648116 -0.031895201557429705
leaf_count=46828 6544 6327 2614 3221 2685 394 207
internal_value=0 -0.695736 -0.227475 0.180865 0.370616 0.044806 0.807255
internal_count=68820 58990 12162 5835 9830 7145 601
shrinkage=0.05


Tree=24
num_leaves=8
num_cat=0
split_feature=6 2 6 5 8 3 3
split_gain=84.7506 9.62701 7.05865 6.60163 6.27223 6.39759 10.6732
threshold=5.9500000000000011 25.150000000000002 5.7500000000000009 2.4903810580836114 1.0000000180025095e-35 91.833333333333357 98.250000000000014
decision_type=10 10 8 8 2 10 10
left_child=1 -1 -3 -4 5 -2 -7
right_child=4 2 3 -5 -6 6 -8
leaf_value=-0.042832126514428019 0.0099354747758293675 -0.036794376638420695 -0.02642477185115262 0.030490524530523769 0.038320204290929201 0.054749120695297332 -0.00818904782284746
leaf_count=46828 7906 6327 2614 3221 1102 560 262
internal_value=0 -0.685139 -0.219724 0.170123 0.347108 0.278427 0.698733
internal_count=68820 58990 12162 5835 9830 8728 822
shrinkage=0.05


end of trees

feature importances:
H25_a1c=69
H25_bmi=35
H25_sex=16
H25_dbp=15
H25_age=13
H25_lhrate=12
H25_dl=8
H25_sbp=5
H25_ht=2

parameters:
[boosting: gbdt]
[objective: binary]
[metric: binary]
[tree_learner: serial]
[device_type: cpu]
[data: ]
[valid: ]
[num_iterations: 100]
[learning_rate: 0.05]
[num_leaves: 8]
[num_threads: 0]
[max_depth: -1]
[min_data_in_leaf: 20]
[min_sum_hessian_in_leaf: 1]
[bagging_fraction: 0.4]
[bagging_freq: 0]
[bagging_seed: 3]
[feature_fraction: 0.9]
[feature_fraction_seed: 2]
[early_stopping_round: 0]
[max_delta_step: 0]
[lambda_l1: 0]
[lambda_l2: 1]
[min_gain_to_split: 0]
[drop_rate: 0.1]
[max_drop: 50]
[skip_drop: 0.5]
[xgboost_dart_mode: 0]
[uniform_drop: 0]
[drop_seed: 4]
[top_rate: 0.2]
[other_rate: 0.1]
[min_data_per_group: 100]
[max_cat_threshold: 32]
[cat_l2: 10]
[cat_smooth: 10]
[max_cat_to_onehot: 4]
[top_k: 20]
[monotone_constraints: ]
[feature_contri: ]
[forcedsplits_filename: ]
[refit_decay_rate: 0.9]
[verbosity: 0]
[max_bin: 255]
[min_data_in_bin: 3]
[bin_construct_sample_cnt: 200000]
[histogram_pool_size: -1]
[data_random_seed: 1]
[output_model: LightGBM_model.txt]
[snapshot_freq: -1]
[input_model: ]
[output_result: LightGBM_predict_result.txt]
[initscore_filename: ]
[valid_data_initscores: ]
[pre_partition: 0]
[enable_bundle: 1]
[max_conflict_rate: 0]
[is_enable_sparse: 1]
[sparse_threshold: 0.8]
[use_missing: 1]
[zero_as_missing: 0]
[two_round: 0]
[save_binary: 0]
[enable_load_from_binary_file: 1]
[header: 0]
[label_column: ]
[weight_column: ]
[group_column: ]
[ignore_column: ]
[categorical_feature: ]
[predict_raw_score: 0]
[predict_leaf_index: 0]
[predict_contrib: 0]
[num_iteration_predict: -1]
[pred_early_stop: 0]
[pred_early_stop_freq: 10]
[pred_early_stop_margin: 10]
[convert_model_language: ]
[convert_model: gbdt_prediction.cpp]
[num_class: 1]
[is_unbalance: 0]
[scale_pos_weight: 1]
[sigmoid: 1]
[boost_from_average: 1]
[reg_sqrt: 0]
[alpha: 0.9]
[fair_c: 1]
[poisson_max_delta_step: 0.7]
[tweedie_variance_power: 1.5]
[max_position: 20]
[label_gain: ]
[metric_freq: 1]
[is_provide_training_metric: 0]
[eval_at: ]
[num_machines: 1]
[local_listen_port: 12400]
[time_out: 120]
[machine_list_filename: ]
[machines: ]
[gpu_platform_id: -1]
[gpu_device_id: -1]
[gpu_use_dp: 0]

end of parameters

pandas_categorical:[]
