tree
version=v2
num_class=1
num_tree_per_iteration=1
label_index=0
max_feature_idx=9
objective=binary sigmoid:1
feature_names=H25_age H25_sex H25_bmi H25_dbp H25_sbp H25_lhrate H25_a1c H25_ht H25_dl H25_is_medicine
feature_infos=[18:74] [1:2] [0:65.599999999999994] [0:169] [0:238] [0.18181818181818185:8.8461538461538485] [2.7999999999999998:14.800000000000001] [0:1] [0:1] [0:2]
tree_sizes=866 872 882 879 889 884 891 882 882 878 900 902 894 900 893 886 889 892 894 885 896 888 891 893 890 902 896 893 897 892 903 895 895 900 899 900 898 901 896 899 900 903 898 898 907 899 901 900 902 893

Tree=0
num_leaves=10
num_cat=0
split_feature=6 6 6 6 2 2 3 2 2
split_gain=18454.9 1421.42 754.536 250.34 203.263 149.135 111.367 65.6428 49.3435
threshold=6.3500000000000005 6.0500000000000007 6.5500000000000007 5.7500000000000009 29.550000000000004 25.450000000000003 74.833333333333357 35.95000000000001 30.750000000000004
decision_type=10 10 10 10 10 8 10 10 8
left_child=1 3 -2 7 6 -5 -3 -1 -7
right_child=2 4 -4 5 -6 8 -8 -9 -10
leaf_value=-3.7952292568361696 -3.1100399498584137 -3.6687047231810799 -2.5206841515094762 -3.7601803453507716 -3.2509822584763013 -3.6789954685640067 -3.4838713954164513 -3.6129265795225667 -3.5432010284125965
leaf_count=58633 519 655 1182 4365 287 1687 963 179 351
internal_value=0 -0.55722 21.4398 -0.724752 5.06336 0.526455 3.94079 -0.861269 1.99719
internal_count=68821 67120 1701 65215 1905 6403 1618 58812 2038
shrinkage=1


Tree=1
num_leaves=10
num_cat=0
split_feature=6 6 6 2 2 2 2 1 2
split_gain=6944.11 429.747 123.616 112.728 78.3231 56.8597 47.5554 42.5988 40.0336
threshold=6.1500000000000012 5.8500000000000005 6.2500000000000009 22.850000000000005 26.950000000000003 31.850000000000005 20.350000000000005 1.5000000000000002 35.95000000000001
decision_type=10 10 10 8 8 8 8 2 10
left_child=1 4 7 -3 -1 -5 -4 -2 -6
right_child=2 3 6 5 8 -7 -8 -9 -10
leaf_value=-0.04463448565539279 0.24808031792819568 -0.0071719616675158292 0.17580487745426623 0.085681495923855863 -0.010837571487321904 0.24353389974507131 0.37429907682877706 0.059723733412887475 0.1195511512564806
leaf_count=55373 437 1544 118 2528 6280 195 1968 178 200
internal_value=0 -0.657202 6.9153 1.30291 -0.809212 2.05086 7.31673 4.03081 -0.105997
internal_count=68821 66120 2701 4267 61853 2723 2086 615 6480
shrinkage=0.05


Tree=2
num_leaves=10
num_cat=0
split_feature=6 6 6 2 2 2 6 9 2
split_gain=4842.71 229.445 195.229 107.435 58.2391 51.8381 45 37.4281 32.7631
threshold=6.0500000000000007 5.7500000000000009 6.2500000000000009 25.350000000000005 20.850000000000005 35.95000000000001 7.0500000000000007 1.0000000180025095e-35 24.950000000000003
decision_type=10 10 10 8 10 10 10 2 10
left_child=1 5 4 -3 -2 8 -4 -5 -1
right_child=2 3 6 7 -6 -7 -8 -9 -10
leaf_value=-0.047337538066994658 -0.014068217066772701 -0.0089543264525435672 0.22701018515399235 0.054685904837415124 0.15327004527395663 0.10383165958492885 0.29697282267377417 0.15570159497313846 -0.027192515203115355
leaf_count=46071 212 4294 1496 1669 1308 179 590 440 12562
internal_value=0 -0.702344 4.51832 0.464697 2.6697 -0.845884 5.07132 1.57136 -0.859946
internal_count=68821 65215 3606 6403 1520 58812 2086 2109 58633
shrinkage=0.05


Tree=3
num_leaves=10
num_cat=0
split_feature=6 6 6 3 1 5 6 5 9
split_gain=3736.65 218.531 110.078 59.383 49.6773 28.6377 22.3294 22.7599 21.5307
threshold=6.0500000000000007 5.7500000000000009 6.2500000000000009 78.833333333333357 1.5000000000000002 4.1033653846153859 7.0500000000000007 1.1748015873015876 1.0000000180025095e-35
decision_type=10 10 10 10 2 10 10 10 2
left_child=1 5 4 8 -2 -1 7 -4 -3
right_child=2 3 6 -5 -6 -7 -8 -9 -10
leaf_value=-0.042906038688035136 0.14047686696674433 -0.015016482510207055 0.059842068968452206 0.056985009615083994 0.03087073755283741 0.017560228505211353 0.22458880778949861 0.18323595796788736 0.058704141101369768
leaf_count=57853 1054 3341 67 2656 466 959 590 1429 406
internal_value=0 -0.690793 3.56087 0.432 2.23823 -0.837743 3.92767 3.57062 -0.112785
internal_count=68821 65215 3606 6403 1520 58812 2086 1496 3747
shrinkage=0.05


Tree=4
num_leaves=10
num_cat=0
split_feature=6 6 2 6 2 2 3 2 5
split_gain=3020.3 208.225 83.8225 71.9376 51.7103 35.2707 31.6646 28.1965 26.6331
threshold=6.0500000000000007 5.7500000000000009 24.850000000000005 6.2500000000000009 32.350000000000001 20.850000000000005 91.833333333333357 24.950000000000003 4.1033653846153859
decision_type=10 10 8 10 10 10 10 10 10
left_child=1 4 -3 5 7 -2 -4 -1 -9
right_child=3 2 6 -5 -6 -7 -8 8 -10
leaf_value=-0.046910023902892263 -0.015990541331855481 -0.011970492720794491 0.046651399925075047 0.16074270130373119 0.048048733995600237 0.10854953097243591 0.14544963200104341 -0.030798251456689841 0.049478110451511209
leaf_count=46071 212 3989 2111 2086 663 1308 303 11599 479
internal_value=0 -0.679083 0.401957 2.94301 -0.829395 1.91949 1.23227 -0.854694 -0.544544
internal_count=68821 65215 6403 3606 58812 1520 2414 58149 12078
shrinkage=0.05


Tree=5
num_leaves=10
num_cat=0
split_feature=6 6 6 2 2 2 7 6 3
split_gain=2526.63 128.083 119.482 51.7166 50.9491 45.212 30.9531 38.0589 28.6668
threshold=5.9500000000000011 6.1500000000000012 5.7500000000000009 26.950000000000003 25.450000000000003 30.250000000000004 1.0000000180025095e-35 6.6500000000000012 81.583333333333357
decision_type=10 10 10 10 8 8 2 10 10
left_child=2 5 3 -1 -4 8 7 -3 -2
right_child=1 6 4 -5 -6 -7 -8 -9 -10
leaf_value=-0.044863897695900656 0.012914221767391168 0.10267220044348631 -0.014146723007294533 -0.0095921722774200413 0.051489124729054869 0.15055592114016644 0.19188478095207331 0.14484451754458116 0.082932069946830611
leaf_count=52938 1344 1503 3527 5874 1559 216 248 950 662
internal_value=0 2.34612 -0.714109 -0.820876 0.214308 1.13742 2.65805 2.53297 0.789866
internal_count=68821 4923 63898 58812 5086 2222 2701 2453 2006
shrinkage=0.05


Tree=6
num_leaves=10
num_cat=0
split_feature=2 0 2 9 0 2 8 2 5
split_gain=639.82 164.562 158.55 75.0663 65.0468 53.0489 36.63 32.7862 29.194
threshold=25.350000000000005 56.500000000000007 29.750000000000004 1.0000000180025095e-35 48.500000000000007 22.150000000000002 1.0000000180025095e-35 20.650000000000002 2.5036231884057973
decision_type=8 2 8 2 2 10 2 10 10
left_child=1 5 4 -4 -2 -1 -7 -3 -6
right_child=2 7 3 -5 8 6 -8 -9 -10
leaf_value=-0.039852300423460767 0.00956225095405361 -0.017379162263099351 0.071098452889274813 0.16036232807522877 0.030873983266122115 -0.020135003234552609 0.037247074112474549 0.050543083641928443 0.076869392011028215
leaf_count=28813 7684 1019 2483 635 2236 19862 1208 2944 1937
internal_value=0 -0.455647 0.94362 1.85428 0.571046 -0.585362 -0.324392 0.726703 1.08348
internal_count=68821 53846 14975 3118 11857 49883 21070 3963 4173
shrinkage=0.05


Tree=7
num_leaves=10
num_cat=0
split_feature=6 6 6 2 2 2 2 6 2
split_gain=2066.32 112.609 91.1053 47.4235 37.8917 29.7873 25.978 23.5594 34.8251
threshold=5.9500000000000011 5.7500000000000009 6.1500000000000012 26.950000000000003 25.450000000000003 22.050000000000004 35.95000000000001 6.7500000000000009 29.150000000000002
decision_type=10 10 10 10 8 8 8 10 10
left_child=1 3 5 -1 -3 -2 -5 8 -4
right_child=2 4 7 6 -6 -7 -8 -9 -10
leaf_value=-0.044403129889926389 -0.015161743261380948 -0.013032705085566594 0.081195444798680669 -0.016585227268780537 0.04233927536921888 0.063886705433029919 0.081924701576918862 0.12682435495370806 0.13552733599017619
leaf_count=52938 577 3527 1428 5695 1559 1645 179 869 404
internal_value=0 -0.699314 1.97533 -0.809183 0.190496 0.986746 -0.219676 2.22002 1.92848
internal_count=68821 63898 4923 58812 5086 2222 5874 2701 1832
shrinkage=0.05


Tree=8
num_leaves=10
num_cat=0
split_feature=6 6 6 2 2 1 2 6 9
split_gain=1793.78 108.455 71.6424 47.0848 33.0314 25.8833 22.6913 21.1296 19.6809
threshold=5.9500000000000011 5.7500000000000009 6.1500000000000012 26.950000000000003 25.450000000000003 1.5000000000000002 35.95000000000001 7.0500000000000007 1.5000000000000002
decision_type=10 10 10 10 8 2 8 10 2
left_child=1 3 5 -1 -3 -2 -5 8 -4
right_child=2 4 7 6 -6 -7 -8 -9 -10
leaf_value=-0.044081120463963022 0.062421765736252015 -0.012546987606585354 0.084264236224925293 -0.016020201981553451 0.038699017511493516 -2.4773822927974762e-05 0.073300577753952642 0.11760242767183618 0.15701291839813344
leaf_count=52938 1466 3527 2022 5695 1559 756 179 590 89
internal_value=0 -0.687888 1.75526 -0.800195 0.17924 0.895756 -0.21074 1.96265 1.76642
internal_count=68821 63898 4923 58812 5086 2222 5874 2701 2111
shrinkage=0.05


Tree=9
num_leaves=10
num_cat=0
split_feature=6 6 2 1 6 3 2 6 2
split_gain=1586.23 114.766 68.278 38.4482 33.9043 24.0519 22.2232 19.0148 24.9013
threshold=5.8500000000000005 6.1500000000000012 25.350000000000005 1.5000000000000002 5.5500000000000007 91.833333333333357 33.050000000000004 6.7500000000000009 27.250000000000004
decision_type=10 10 8 2 10 10 8 10 10
left_child=2 3 -1 6 -4 -6 -2 8 -3
right_child=1 7 4 -5 5 -7 -8 -9 -10
leaf_value=-0.043998426914235368 0.043819598180836028 0.059949679646577797 -0.026028181611754454 -0.0057440491037735776 0.0027351304539297173 0.082119883019333595 0.1380267294653427 0.10090519043661249 0.098649824380137835
leaf_count=49942 2630 1191 8682 1542 2818 411 95 869 641
internal_value=0 1.4492 -0.73828 0.676598 -0.264384 0.293221 1.02052 1.75485 1.5161
internal_count=68821 6968 61853 4267 11911 3229 2725 2701 1832
shrinkage=0.05


Tree=10
num_leaves=10
num_cat=0
split_feature=6 6 2 1 6 9 9 6 3
split_gain=1408.89 94.1494 67.7658 32.4199 24.3077 20.8367 18.9284 18.8461 17.8727
threshold=5.8500000000000005 6.1500000000000012 26.950000000000003 1.5000000000000002 5.5500000000000007 1.0000000180025095e-35 1.0000000180025095e-35 5.6500000000000012 81.833333333333357
decision_type=10 10 8 2 8 2 2 10 10
left_child=2 3 7 6 -4 -6 -2 -1 -5
right_child=1 -3 4 8 5 -7 -8 -9 -10
leaf_value=-0.044498147980174804 0.034459295030902115 0.079181913870094156 -0.026929665282454291 -0.023265154669631045 0.0021956935520448264 0.067747886723804288 0.087464676761886684 -0.021705281298383686 0.050995647050548945
leaf_count=49300 2237 2701 3127 1265 2778 575 488 6073 277
internal_value=0 1.31565 -0.727612 0.624227 -0.0745297 0.302458 0.927701 -0.833093 -0.109859
internal_count=68821 6968 61853 4267 6480 3353 2725 55373 1542
shrinkage=0.05


Tree=11
num_leaves=10
num_cat=0
split_feature=2 0 2 0 9 5 0 9 2
split_gain=402.436 90.7641 86.396 66.1887 37.0481 33.7219 29.0512 22.8655 20.0613
threshold=24.550000000000004 49.500000000000007 29.750000000000004 53.500000000000007 1.0000000180025095e-35 2.1968455042225536 56.500000000000007 1.0000000180025095e-35 21.850000000000005
decision_type=8 2 8 2 2 10 2 2 10
left_child=1 8 3 5 -4 -2 -3 -7 -1
right_child=2 6 4 -5 -6 7 -8 -9 -10
leaf_value=-0.043877859276465453 -0.014571315821390608 -0.012110675944506617 0.045059252455121712 0.051746769550785138 0.099497143723095094 0.011416638734902011 0.021575637413906831 0.054724354830530536 -0.024547879862279135
leaf_count=21277 5261 9956 2483 2622 635 7642 3538 1020 14387
internal_value=0 -0.477515 0.574471 0.351348 1.18631 0.143727 -0.0223322 0.358514 -0.712333
internal_count=68821 49158 19663 16545 3118 13923 13494 8662 35664
shrinkage=0.05


Tree=12
num_leaves=10
num_cat=0
split_feature=6 6 2 1 6 9 4 2 9
split_gain=1211.13 81.0315 63.9665 42.487 29.5805 22.5982 19.8377 18.3679 13.04
threshold=5.8500000000000005 6.3500000000000005 25.350000000000005 1.5000000000000002 5.5500000000000007 1.0000000180025095e-35 162.25000000000003 34.550000000000004 1.0000000180025095e-35
decision_type=10 10 8 2 8 2 8 10 2
left_child=2 3 -1 5 -4 -2 -5 8 -6
right_child=1 -3 4 6 7 -7 -8 -9 -10
leaf_value=-0.043149776851517205 0.037744232608218097 0.075177893015814401 -0.032017975065884177 -0.0059426512447030896 -0.0090322239346361816 0.080495167162199815 0.12346478291247505 0.07867505025741417 0.033182386566010386
leaf_count=49942 2777 1701 6024 1793 4819 660 37 178 890
internal_value=0 1.16593 -0.71294 0.716151 -0.257249 0.972503 0.00699763 0.0722494 -0.0241323
internal_count=68821 6968 61853 5267 11911 3437 1830 5887 5709
shrinkage=0.05


Tree=13
num_leaves=10
num_cat=0
split_feature=2 0 2 0 5 9 0 2 9
split_gain=333.427 83.6045 65.1051 51.7989 28.7664 26.3398 24.6649 20.2312 17.0709
threshold=24.550000000000004 49.500000000000007 29.750000000000004 53.500000000000007 2.1968455042225536 1.0000000180025095e-35 56.500000000000007 21.850000000000005 1.0000000180025095e-35
decision_type=8 2 8 2 10 2 2 10 2
left_child=1 7 3 4 -2 -4 -3 -1 -6
right_child=2 6 5 -5 8 -7 -8 -9 -10
leaf_value=-0.043287788012287193 -0.014223595751106731 -0.011379028245359333 0.03886895930451692 0.044725459996198036 0.010126194993281485 0.082880737915796046 0.019631215068655984 -0.023278548806020011 0.046435291924789707
leaf_count=21277 5261 9956 2483 2622 7642 635 3538 14387 1020
internal_value=0 -0.454949 0.504294 0.309427 0.123174 1.01633 -0.019532 -0.692014 0.31724
internal_count=68821 49158 19663 16545 13923 3118 13494 35664 8662
shrinkage=0.05


Tree=14
num_leaves=10
num_cat=0
split_feature=6 6 2 1 6 4 2 4 5
split_gain=1050.67 68.5459 59.8958 33.6443 27.0953 17.6703 16.1674 15.4853 16.3923
threshold=5.8500000000000005 6.3500000000000005 25.350000000000005 1.5000000000000002 5.5500000000000007 132.83333333333334 32.750000000000007 148.16666666666671 4.4568322981366464
decision_type=10 10 8 2 8 10 8 10 10
left_child=2 3 -1 6 -4 -5 -2 8 -6
right_child=1 -3 4 5 7 -7 -8 -9 -10
leaf_value=-0.04259942957842381 0.037982821709003377 0.067398815716105329 -0.031732608202372684 -0.017403659973500598 -0.0065024590864746785 0.039344878617200298 0.092826233166783692 0.059704978998266503 0.089536665605116958
leaf_count=49942 3294 1701 6024 1423 5378 407 143 366 143
internal_value=0 1.04433 -0.698046 0.638984 -0.262162 0.00385224 0.856628 0.0466629 -0.0570385
internal_count=68821 6968 61853 5267 11911 1830 3437 5887 5521
shrinkage=0.05


Tree=15
num_leaves=10
num_cat=0
split_feature=6 6 2 1 6 9 4 2 2
split_gain=946.654 59.4631 59.209 28.5264 25.5825 16.882 16.5605 14.9836 14.3308
threshold=5.8500000000000005 6.3500000000000005 25.350000000000005 1.5000000000000002 5.5500000000000007 1.5000000000000002 170.25000000000003 33.050000000000004 34.550000000000004
decision_type=10 10 8 2 8 2 8 8 10
left_child=2 3 -1 5 -4 7 -5 -2 -6
right_child=1 -3 4 6 8 -7 -8 -9 -10
leaf_value=-0.042228998888569388 0.030980998514202929 0.062126843052815996 -0.031112491620314806 -0.0049262814180068368 -0.0021375764793519769 0.10078809579359316 0.1266067546870725 0.087354191029064748 0.064868162812785221
leaf_count=49942 3196 1701 6024 1809 5709 124 21 117 178
internal_value=0 0.964139 -0.686682 0.591321 -0.252168 0.785641 0.00371435 0.706382 0.0451184
internal_count=68821 6968 61853 5267 11911 3437 1830 3313 5887
shrinkage=0.05


Tree=16
num_leaves=10
num_cat=0
split_feature=6 2 6 6 6 2 3 2 5
split_gain=855.759 58.4189 52.2239 24.436 19.3738 18.408 16.2665 13.4079 13.2824
threshold=5.8500000000000005 25.350000000000005 6.1500000000000012 5.5500000000000007 7.0500000000000007 22.050000000000004 91.833333333333357 34.150000000000013 3.7788888888888894
decision_type=10 8 10 10 10 8 10 10 10
left_child=1 -1 5 7 -4 -2 -5 8 -3
right_child=2 3 4 6 -6 -7 -8 -9 -10
leaf_value=-0.04184832756397705 -0.016293496861510968 -0.032379431624261538 0.046374058741776324 0.00017329336752124337 0.069916677974818348 0.028011162147629127 0.060650850872751641 0.035153981546493497 0.020778746229023811
leaf_count=49942 1204 7787 2111 2818 590 3063 411 247 648
internal_value=0 -0.675183 0.893605 -0.242641 1.07687 0.410171 0.204697 -0.479759 -0.55301
internal_count=68821 61853 6968 11911 2701 4267 3229 8682 8435
shrinkage=0.05


Tree=17
num_leaves=10
num_cat=0
split_feature=6 6 2 5 3 6 2 2 2
split_gain=775.263 76.329 41.7041 26.0593 25.8751 17.7463 16.3646 12.5229 12.291
threshold=5.7500000000000009 6.1500000000000012 24.950000000000003 4.1033653846153859 69.833333333333357 6.7500000000000009 32.350000000000001 20.250000000000004 26.450000000000003
decision_type=10 10 10 10 10 10 10 10 10
left_child=2 4 -1 6 -2 7 -4 -3 -7
right_child=1 5 3 -5 -6 8 -8 -9 -10
leaf_value=-0.043884875601928788 -0.017212417094771244 -0.0094553304046617812 -0.026259494227343923 0.052556526038747879 0.023139903080909834 0.07430701198947863 0.023053756879245779 0.043062220553369113 0.048007707630079714
leaf_count=46071 2186 142 11599 531 5122 436 611 1690 433
internal_value=0 0.753852 -0.726599 -0.353306 0.289131 0.998613 -0.437574 0.810455 1.22454
internal_count=68821 10009 58812 12741 7308 2701 12210 1832 869
shrinkage=0.05


Tree=18
num_leaves=10
num_cat=0
split_feature=6 6 2 5 2 6 2 2 4
split_gain=706.851 67.2997 41.5303 23.3958 21.1977 20.819 16.1517 15.1793 12.2972
threshold=5.7500000000000009 6.0500000000000007 24.950000000000003 4.1033653846153859 23.750000000000004 6.7500000000000009 20.250000000000004 32.350000000000001 136.83333333333334
decision_type=10 10 10 10 8 10 10 10 10
left_child=2 4 -1 7 -2 6 -3 -4 -8
right_child=1 5 3 -5 -6 -7 8 -9 -10
leaf_value=-0.043566422251022072 -0.014539011490379448 -0.015742097200532667 -0.025608456033277466 0.047821505880936116 0.021244126529245205 0.057170727014845296 0.031218373009106466 0.021509829788820132 0.053821140203018418
leaf_count=46071 3230 235 11599 531 3173 869 1802 611 700
internal_value=0 0.703147 -0.715899 -0.341614 0.181439 0.891679 0.720939 -0.424913 0.771671
internal_count=68821 10009 58812 12741 6403 3606 2737 12210 2502
shrinkage=0.05


Tree=19
num_leaves=10
num_cat=0
split_feature=6 6 2 1 5 6 2 2 3
split_gain=645.43 59.1465 41.3003 23.0295 21.0644 15.7803 14.082 14.0708 13.6634
threshold=5.7500000000000009 6.1500000000000012 24.950000000000003 1.5000000000000002 4.1033653846153859 7.0500000000000007 32.350000000000001 39.350000000000001 90.833333333333357
decision_type=10 10 10 2 10 10 10 8 10
left_child=2 3 -1 7 6 -3 -4 8 -2
right_child=1 5 4 -5 -6 -7 -8 -9 -10
leaf_value=-0.043238395202835206 0.013935288154861038 0.036964425387222048 -0.024958165685733832 -0.012755912830248441 0.04368876184628151 0.057522566927699886 0.020096401944374096 0.13024132397925775 0.052988358807025807
leaf_count=46071 4049 2111 11599 2704 531 590 611 24 531
internal_value=0 0.6572 -0.705009 0.25253 -0.330129 0.867693 -0.412372 0.440718 0.400892
internal_count=68821 10009 58812 7308 12741 2701 12210 4604 4580
shrinkage=0.05


Tree=20
num_leaves=10
num_cat=0
split_feature=6 6 2 5 3 6 3 2 5
split_gain=590.236 52.5577 41.0146 19.0101 18.2138 17.8233 14.4313 13.0645 12.3023
threshold=5.7500000000000009 6.0500000000000007 24.950000000000003 4.1033653846153859 69.833333333333357 6.6500000000000012 74.833333333333357 32.350000000000001 1.9712215320910977
decision_type=10 10 10 10 10 10 10 10 10
left_child=2 4 -1 7 -2 6 8 -4 -3
right_child=1 5 3 -5 -6 -7 -8 -9 -10
leaf_value=-0.042900521589050784 -0.021346380473099256 -0.013537996432371491 -0.024309363889823309 0.040054419205647035 0.016163352924041613 0.049103958163215916 0.037618218799181091 0.018799057085273786 0.026218416876549466
leaf_count=46071 1970 376 11599 531 4433 1008 1654 611 568
internal_value=0 0.615443 -0.693936 -0.318859 0.157632 0.778176 0.604949 -0.399962 0.256281
internal_count=68821 10009 58812 12741 6403 3606 2598 12210 944
shrinkage=0.05


Tree=21
num_leaves=10
num_cat=0
split_feature=6 6 2 1 5 6 4 2 9
split_gain=540.108 47.4612 40.6739 27.3442 17.1901 12.3752 12.236 12.2312 12.2561
threshold=5.7500000000000009 6.3500000000000005 24.950000000000003 1.5000000000000002 4.1033653846153859 5.5500000000000007 174.33333333333334 30.250000000000004 1.5000000000000002
decision_type=10 10 10 2 10 8 8 8 2
left_child=2 3 -1 7 5 -4 -5 8 -2
right_child=1 -3 4 6 -6 -7 -8 -9 -10
leaf_value=-0.042552544587853153 0.015612582720450977 0.041383755638901648 -0.031793814900358722 -0.011750062514640053 0.036837083849423691 -0.0060996791300382824 0.098714018395009595 0.04641075877140223 0.072029300654474313
leaf_count=46071 4680 1701 6759 2971 531 5451 21 491 145
internal_value=0 0.57695 -0.682684 0.311285 -0.30781 -0.387696 -0.172719 0.472477 0.367348
internal_count=68821 10009 58812 8308 12741 12210 2992 5316 4825
shrinkage=0.05


Tree=22
num_leaves=10
num_cat=0
split_feature=6 6 2 2 6 6 5 9 4
split_gain=494.858 42.5105 40.2748 16.3593 16.3582 16.2377 12.3232 12.0564 10.4205
threshold=5.7500000000000009 6.0500000000000007 24.950000000000003 23.750000000000004 7.0500000000000007 5.5500000000000007 4.1953870625662786 1.5000000000000002 148.16666666666671
decision_type=10 10 10 8 10 8 10 2 8
left_child=2 3 -1 -2 7 -4 8 -3 -7
right_child=1 4 5 -5 -6 6 -8 -9 -10
leaf_value=-0.04219422735094347 -0.014335844501706083 0.02664964825302777 -0.028971923418835328 0.016847565794255465 0.048772693444754003 -0.010403772721896964 0.060963674096038457 0.066105620494206263 0.049504906953283218
leaf_count=46071 3230 2891 7023 3173 590 5186 219 125 313
internal_value=0 0.541757 -0.671254 0.133531 0.685712 -0.29707 -0.00888456 0.576698 -0.108346
internal_count=68821 10009 58812 6403 3606 12741 5718 3016 5499
shrinkage=0.05


Tree=23
num_leaves=10
num_cat=0
split_feature=6 2 6 1 4 6 2 5 5
split_gain=453.565 39.8463 39.2196 29.1093 15.7386 15.3619 14.846 11.1258 10.7427
threshold=5.7500000000000009 24.950000000000003 6.4500000000000011 1.5000000000000002 132.83333333333334 5.5500000000000007 33.050000000000004 2.4294755877034366 4.1953870625662786
decision_type=10 10 10 2 10 8 8 10 10
left_child=1 -1 3 6 -5 -3 -2 -6 -7
right_child=2 5 -4 4 7 8 -8 -9 -10
leaf_value=-0.041825346988292711 0.019387034560087349 -0.028334136299719499 0.038537789371632693 -0.022269346236891641 -0.0039240276951135944 -0.0051609435976472202 0.06046341046712192 0.055092686321577468 0.055431148779729905
leaf_count=46071 5367 7023 1398 2405 449 5499 186 204 219
internal_value=0 -0.65963 0.50912 0.303357 -0.170052 -0.286341 0.452249 0.399239 -0.00768998
internal_count=68821 58812 10009 8611 3058 12741 5553 653 5718
shrinkage=0.05


Tree=24
num_leaves=10
num_cat=0
split_feature=6 2 6 1 2 6 9 4 0
split_gain=415.996 39.354 35.4213 20.2793 14.8614 12.7278 10.9409 10.4414 10.1601
threshold=5.7500000000000009 24.950000000000003 6.3500000000000005 1.5000000000000002 37.45000000000001 5.5500000000000007 1.0000000180025095e-35 174.33333333333334 55.500000000000007
decision_type=10 10 10 2 8 8 2 8 2
left_child=1 -1 3 -2 5 -3 -7 -5 -4
right_child=2 4 8 7 -6 6 -8 -9 -10
leaf_value=-0.041445708748345647 0.019321420735729206 -0.02932099554600083 0.029465702452782745 -0.0113729550082293 0.063738568342149152 -0.011281092655424813 0.031836308197535579 0.087514387606821509 0.048324282283989099
leaf_count=46071 5316 6973 1248 2971 105 4831 832 21 453
internal_value=0 -0.647863 0.478966 0.254058 -0.275972 -0.324001 -0.0665347 -0.167457 0.69284
internal_count=68821 58812 10009 8308 12741 12636 5663 2992 1701
shrinkage=0.05


Tree=25
num_leaves=10
num_cat=0
split_feature=6 6 6 9 5 6 3 4 3
split_gain=381.739 32.5275 26.4278 26.0158 18.9636 14.1364 13.701 11.1303 10.3209
threshold=5.7500000000000009 6.0500000000000007 5.5500000000000007 1.0000000180025095e-35 2.630032206119163 7.0500000000000007 69.833333333333357 134.83333333333334 93.833333333333357
decision_type=10 10 8 2 10 10 10 10 10
left_child=2 6 -1 4 8 -3 -2 -6 -4
right_child=1 5 3 -5 7 -7 -8 -9 -10
leaf_value=-0.040979072562294078 -0.020846238348249675 0.023827955135040116 -0.037094557806079918 0.025986817893712627 -0.013943740184842637 0.042132702189987409 0.01168396930698419 0.033729242657238583 0.030529227083963786
leaf_count=36114 1970 3016 15545 1917 3844 590 4433 971 421
internal_value=0 0.450971 -0.635962 -0.380269 -0.499554 0.574857 0.0987879 -0.0336742 -0.691481
internal_count=68821 10009 58812 22698 20781 3606 6403 4815 15966
shrinkage=0.05


Tree=26
num_leaves=10
num_cat=0
split_feature=6 2 6 3 5 5 2 2 3
split_gain=350.388 39.2711 30.0169 19.8384 16.7099 13.8643 12.0079 11.6366 9.38905
threshold=5.7500000000000009 24.950000000000003 6.6500000000000012 74.833333333333357 1.9851843722563658 4.1033653846153859 32.350000000000001 33.150000000000013 91.833333333333357
decision_type=10 10 10 10 10 10 10 8 10
left_child=1 -1 3 4 -2 6 -3 8 -5
right_child=2 5 -4 7 -6 -7 -8 -9 -10
leaf_value=-0.040707247891078657 -0.021533231150852306 -0.020947380105263945 0.035530025333201015 0.01372696431338292 0.011898966030669462 0.03335248404512766 0.021203884019732184 0.049607400244605193 0.036044747507770071
leaf_count=46071 1895 11599 1008 4158 1986 531 611 231 731
internal_value=0 -0.623901 0.424876 0.284419 -0.00871672 -0.248111 -0.327842 0.418012 0.357984
internal_count=68821 58812 10009 9001 3881 12741 12210 5120 4889
shrinkage=0.05


Tree=27
num_leaves=10
num_cat=0
split_feature=6 2 6 1 4 6 2 5 5
split_gain=321.764 38.6005 27.7199 21.2459 12.9833 12.872 11.3564 9.14937 8.80681
threshold=5.7500000000000009 24.950000000000003 6.4500000000000011 1.5000000000000002 132.83333333333334 5.5500000000000007 33.050000000000004 2.4294755877034366 3.025320512820513
decision_type=10 10 10 2 10 8 8 10 10
left_child=1 -1 3 6 -5 -3 -2 -6 -7
right_child=2 5 -4 4 7 8 -8 -9 -10
leaf_value=-0.040295858111181006 0.014901923153877112 -0.02574868626324265 0.030944334096999683 -0.021657665131666035 -0.0052920371258682979 -0.0098933674803177978 0.049418689778256836 0.046884774594834457 0.021821425013957112
leaf_count=46071 5367 7023 1398 2405 449 4148 186 204 1570
internal_value=0 -0.611746 0.400675 0.232354 -0.174963 -0.238671 0.353341 0.326858 0.0133825
internal_count=68821 58812 10009 8611 3058 12741 5553 653 5718
shrinkage=0.05


Tree=28
num_leaves=10
num_cat=0
split_feature=6 6 2 2 4 9 6 9 5
split_gain=297.105 34.8252 31.3974 19.4433 13.6851 11.7749 11.6362 10.0749 9.25574
threshold=5.6500000000000012 6.0500000000000007 26.950000000000003 23.750000000000004 155.16666666666671 1.0000000180025095e-35 7.0500000000000007 1.5000000000000002 2.0515030946065433
decision_type=10 10 10 8 10 2 10 2 10
left_child=2 3 -1 -2 5 -5 7 -3 -7
right_child=1 6 -4 4 -6 8 -8 -9 -10
leaf_value=-0.038408883222095708 -0.018287899772521873 0.018094643926511025 -0.0051291650704865825 -0.00021995160205147272 0.064518653225615827 -0.0082257736936265976 0.036495378468146426 0.052731605362675342 0.046729763423312226
leaf_count=49356 5677 2891 5242 3899 194 273 590 125 574
internal_value=0 0.350668 -0.646098 0.035436 0.231831 0.152618 0.487292 0.400168 0.635802
internal_count=68821 14223 54598 10617 4940 4746 3606 3016 847
shrinkage=0.05


Tree=29
num_leaves=10
num_cat=0
split_feature=6 6 2 2 2 6 3 9 6
split_gain=273.864 31.0376 30.597 17.6896 11.136 10.7544 9.91511 8.86295 8.08795
threshold=5.6500000000000012 6.0500000000000007 26.950000000000003 23.750000000000004 39.350000000000001 7.0500000000000007 78.833333333333357 1.5000000000000002 5.5500000000000007
decision_type=10 10 10 8 8 10 10 2 8
left_child=2 3 8 -2 6 7 -5 -3 -1
right_child=1 5 -4 4 -6 -7 -8 -9 -10
leaf_value=-0.043399953858748785 -0.017697746080159921 0.017039218763406409 -0.0048999890080608424 -0.0065303192448047569 0.092953205033555739 0.034655740567918626 0.018618438736202531 0.049224586062298202 -0.027431572453263109
leaf_count=33007 5677 2891 5242 2288 34 590 2618 125 16349
internal_value=0 0.331527 -0.634187 0.0337513 0.218512 0.459765 0.1767 0.376705 -0.758639
internal_count=68821 14223 54598 10617 4940 3606 4906 3016 49356
shrinkage=0.05


Tree=30
num_leaves=10
num_cat=0
split_feature=2 9 0 5 3 0 2 4 5
split_gain=98.5819 32.7375 39.2979 34.9661 21.5907 20.5967 15.8953 13.2046 11.3411
threshold=21.850000000000005 1.0000000180025095e-35 56.500000000000007 2.9071920757967273 78.833333333333357 49.500000000000007 37.650000000000013 166.33333333333334 2.1602469135802473
decision_type=8 2 2 10 10 2 8 8 8
left_child=5 2 3 4 -2 -1 8 -6 -3
right_child=1 6 -4 -5 7 -7 -8 -9 -10
leaf_value=-0.038676161888283239 -0.022233226040068391 0.0040005190380879773 0.027682673356784173 0.012446767600898353 -0.0024126488135667772 -0.0094945937835509697 0.096513958559759278 0.064816885916306091 0.030504889221898281
leaf_count=21277 15418 1926 2781 7840 9816 6890 50 141 2682
internal_value=0 0.126706 0.0386332 -0.0555742 -0.22292 -0.561238 0.498805 -0.00293707 0.437649
internal_count=68821 40654 35996 33215 25375 28167 4658 9957 4608
shrinkage=0.05


Tree=31
num_leaves=10
num_cat=0
split_feature=6 2 6 2 2 3 0 6 4
split_gain=245.082 29.021 26.9873 16.1467 12.4629 9.34621 8.51381 8.25271 11.4717
threshold=5.6500000000000012 26.950000000000003 6.1500000000000012 20.950000000000003 39.350000000000001 90.833333333333357 59.500000000000007 5.5500000000000007 143.83333333333334
decision_type=10 10 10 8 8 10 2 8 10
left_child=1 7 3 -2 5 -5 -4 -1 -9
right_child=2 -3 6 4 -6 -7 -8 8 -10
leaf_value=-0.042949457029889337 -0.028769474717186678 -0.0048912563998637255 0.020332887050813347 0.0023346980296715882 0.087192482083558356 0.027833427706620603 0.042681031388273338 -0.029897093006004134 0.037626356958204821
leaf_count=33007 2667 5242 2454 7919 37 899 247 15731 618
internal_value=0 -0.617505 0.307815 0.0753508 0.154558 0.125907 0.449903 -0.744657 -0.529271
internal_count=68821 54598 14223 11522 8855 8818 2701 49356 16349
shrinkage=0.05


Tree=32
num_leaves=10
num_cat=0
split_feature=6 2 6 2 2 4 1 6 4
split_gain=225.889 28.2064 24.5224 17.0841 13.9165 9.10817 9.42786 8.31316 10.644
threshold=5.6500000000000012 26.950000000000003 6.2500000000000009 20.850000000000005 39.250000000000007 148.16666666666671 1.5000000000000002 5.5500000000000007 143.83333333333334
decision_type=10 10 10 8 8 10 2 8 10
left_child=1 7 3 -2 5 6 -5 -1 -9
right_child=2 -3 -4 4 -6 -7 -8 8 -10
leaf_value=-0.042615115103826054 -0.027583684383662717 -0.0046716398771878579 0.022480624759841174 0.0086591807032678735 0.079382752269538642 0.031584311505586382 -0.013555478057940443 -0.029277703643408554 0.034876819156281096
leaf_count=33007 2642 5242 2086 6382 48 594 2471 15731 618
internal_value=0 -0.605307 0.291101 0.102555 0.171483 0.14225 0.086498 -0.734608 -0.516445
internal_count=68821 54598 14223 12137 9495 9447 8853 49356 16349
shrinkage=0.05


Tree=33
num_leaves=10
num_cat=0
split_feature=6 2 6 2 4 1 6 4 3
split_gain=208.194 27.3794 23.1568 17.2873 10.384 10.7102 8.36119 9.88479 13.8493
threshold=5.6500000000000012 26.950000000000003 6.6500000000000012 20.250000000000004 135.83333333333334 1.5000000000000002 5.5500000000000007 143.83333333333334 83.833333333333357
decision_type=10 10 10 8 10 2 8 10 10
left_child=1 6 3 -2 5 -5 -1 -8 -9
right_child=2 -3 -4 4 -6 -7 7 8 -10
leaf_value=-0.042270294072206727 -0.025962087482793668 -0.0044609478842761721 0.026481184086594479 0.0098113496152552916 0.020079164926514896 -0.011522435789633721 -0.028653949515419903 0.14114405660188739 -0.0098386056447367625
leaf_count=33007 2089 5242 1008 5832 2722 2572 15731 108 510
internal_value=0 -0.593003 0.275441 0.164657 0.208242 0.108828 -0.724348 -0.503618 0.647856
internal_count=68821 54598 14223 13215 11126 8404 49356 16349 618
shrinkage=0.05


Tree=34
num_leaves=10
num_cat=0
split_feature=6 2 6 4 5 2 6 2 6
split_gain=191.775 26.5333 21.211 12.9334 13.7148 11.893 9.3679 8.64045 9.54285
threshold=5.6500000000000012 26.950000000000003 6.0500000000000007 155.16666666666671 2.8272546419098146 28.450000000000003 7.0500000000000007 21.850000000000005 5.5500000000000007
decision_type=10 10 10 10 10 8 10 10 8
left_child=1 7 3 4 5 -2 -4 -1 -9
right_child=2 -3 6 -5 -6 -7 -8 8 -10
leaf_value=-0.045234031086580917 -0.01731513718988122 -0.0042588994586686196 0.01450283970354008 0.045899427152623365 0.015205207326023672 0.016632643148163279 0.029187689717843059 -0.037477717819010666 -0.013624007889214976
leaf_count=24175 7280 5242 3016 295 2403 639 590 16190 8991
internal_value=0 -0.580506 0.260654 0.0158284 -0.0415626 -0.209528 0.365248 -0.713794 -0.562717
internal_count=68821 54598 14223 10617 10322 7919 3606 49356 25181
shrinkage=0.05


Tree=35
num_leaves=10
num_cat=0
split_feature=6 2 6 3 5 8 2 2 2
split_gain=176.804 25.7515 19.4305 15.3333 12.6815 10.5576 9.92631 8.52882 7.82795
threshold=5.6500000000000012 23.850000000000005 6.6500000000000012 74.166666666666671 1.9851843722563658 1.0000000180025095e-35 35.95000000000001 33.150000000000013 29.150000000000002
decision_type=10 10 10 10 10 2 10 8 8
left_child=1 -1 3 4 -2 6 -3 -5 -6
right_child=2 5 -4 7 8 -7 -8 -9 -10
leaf_value=-0.040180273149452758 -0.022482947705058726 -0.020882369340307825 0.024001297493118093 0.01030807153162653 -0.0011673751708476824 0.022611200017916833 0.037310177708825998 0.035014932488605592 0.031985864345624025
leaf_count=37514 3023 15743 1008 6967 2690 1196 145 286 249
internal_value=0 -0.568093 0.246909 0.146259 -0.0969604 -0.286373 -0.364606 0.25442 0.102234
internal_count=68821 54598 14223 13215 5962 17084 15888 7253 2939
shrinkage=0.05


Tree=36
num_leaves=10
num_cat=0
split_feature=6 2 6 9 4 5 5 2 0
split_gain=162.903 25.2992 18.0287 11.2437 11.599 11.9107 10.4023 11.1179 10.383
threshold=5.6500000000000012 23.850000000000005 6.0500000000000007 1.0000000180025095e-35 169.33333333333334 2.744889445139759 3.7788888888888894 32.350000000000001 36.500000000000007
decision_type=10 10 10 2 8 10 8 10 2
left_child=1 -1 3 4 5 -2 7 -3 -9
right_child=2 6 -4 -5 -6 -7 -8 8 -10
leaf_value=-0.039761329649454162 -0.016229907203343243 -0.022924210243905865 0.016499500377799917 0.020581119400891607 0.083035041590517278 0.0093299564626412208 0.016786740621489805 -0.041305919238252893 0.046245999090927026
leaf_count=37514 6804 14993 3606 1414 54 2345 1582 132 377
internal_value=0 -0.555524 0.233914 0.00876042 -0.10231 -0.135055 -0.275962 -0.370718 0.436975
internal_count=68821 54598 14223 10617 9203 9149 17084 15502 509
shrinkage=0.05


Tree=37
num_leaves=10
num_cat=0
split_feature=6 6 6 1 9 4 5 3 5
split_gain=150.092 18.8331 16.9826 13.5508 13.3297 11.281 10.4092 9.80408 9.35588
threshold=5.6500000000000012 5.5500000000000007 6.6500000000000012 1.5000000000000002 1.0000000180025095e-35 130.83333333333334 2.3223072717331879 84.833333333333357 2.1779299847793001
decision_type=10 8 10 2 2 10 10 10 10
left_child=1 -1 3 -2 6 7 -3 -5 -7
right_child=2 4 -4 5 -6 8 -8 -9 -10
leaf_value=-0.03630247146476713 0.010506822796417492 -0.030996760819898963 0.021988368979665066 -0.023008256080711512 0.025495736369713685 -0.010889118469944664 -0.0022350352913863242 0.065968326757151849 0.030144146831758856
leaf_count=36114 8468 11512 1008 3581 1433 643 5539 88 435
internal_value=0 -0.542976 0.221517 0.128181 -0.262576 -0.152683 -0.377522 -0.392543 0.197866
internal_count=68821 54598 14223 13215 18484 4747 17051 3669 1078
shrinkage=0.05


Tree=38
num_leaves=10
num_cat=0
split_feature=6 2 6 1 4 5 2 0 2
split_gain=138.267 25.0677 15.6732 15.0584 10.2914 9.59619 10.3104 9.44131 8.87344
threshold=5.6500000000000012 23.850000000000005 6.4500000000000011 1.5000000000000002 132.83333333333334 3.7788888888888894 32.350000000000001 36.500000000000007 36.550000000000004
decision_type=10 10 10 2 10 8 10 2 8
left_child=1 -1 3 8 -5 6 -3 -8 -2
right_child=2 5 -4 4 -6 -7 7 -9 -10
leaf_value=-0.038981515055444282 0.0081285908619950966 -0.021626621578497904 0.018866637331150002 -0.022696605026877224 0.0089151671578775789 0.016813026843690279 -0.040739730590149008 0.043850239856445011 0.051968620098903184
leaf_count=37514 8101 14993 1398 3750 897 1582 132 377 77
internal_value=0 -0.530316 0.209953 0.0980326 -0.227406 -0.249548 -0.344073 0.429703 0.189591
internal_count=68821 54598 14223 12825 4647 17084 15502 509 8178
shrinkage=0.05


Tree=39
num_leaves=10
num_cat=0
split_feature=6 2 6 6 9 5 3 6 0
split_gain=127.365 24.4877 14.6889 9.39989 9.23259 8.29567 8.56362 8.02723 7.51857
threshold=5.6500000000000012 23.850000000000005 5.9500000000000011 5.4500000000000011 1.0000000180025095e-35 2.744889445139759 91.833333333333357 7.0500000000000007 55.500000000000007
decision_type=10 10 10 8 2 10 10 10 2
left_child=1 -1 4 -3 5 6 -2 -4 -9
right_child=2 3 7 -5 -6 -7 -8 8 -10
leaf_value=-0.038530460741515109 -0.021636291736818469 -0.026110723715770091 0.010532131514995768 -0.0021339817747692605 0.018888511765974871 0.0072514825477765681 0.025803272486234187 0.017343749370491345 0.044269116100253719
leaf_count=37514 5753 8265 4333 8819 1199 2032 316 451 139
internal_value=0 -0.51771 0.199057 -0.240263 -0.0416744 -0.153563 -0.331726 0.271603 0.478013
internal_count=68821 54598 14223 17084 9300 8101 6069 4923 590
shrinkage=0.05


Tree=40
num_leaves=10
num_cat=0
split_feature=6 2 6 2 2 2 6 2 4
split_gain=117.309 23.9203 13.4265 13.4694 9.82686 9.41537 9.7168 9.33283 8.20568
threshold=5.6500000000000012 26.950000000000003 6.7500000000000009 20.250000000000004 26.450000000000003 21.850000000000005 5.5500000000000007 29.250000000000004 137.83333333333334
decision_type=10 10 10 8 10 10 8 8 10
left_child=1 5 3 -2 -4 -1 -7 -5 -8
right_child=2 -3 4 7 -6 6 8 -9 -10
leaf_value=-0.043860751836871666 -0.024495722829810388 -0.0014003416873603809 0.030804345773081589 0.0037633009103743469 0.0093191843961234772 -0.034794182671748559 -0.016600844277137781 0.01805795761371631 0.032176757591871989
leaf_count=24175 2097 5242 436 9859 433 16190 7933 1398 1058
internal_value=0 -0.505051 0.188819 0.114566 0.404295 -0.651408 -0.485272 0.149874 -0.180565
internal_count=68821 54598 14223 13354 869 49356 25181 11257 8991
shrinkage=0.05


Tree=41
num_leaves=10
num_cat=0
split_feature=2 9 0 5 0 3 2 4 5
split_gain=49.35 20.2453 24.8688 21.1035 16.6039 14.2485 10.7135 9.52919 8.07414
threshold=21.850000000000005 1.0000000180025095e-35 56.500000000000007 2.9071920757967273 49.500000000000007 78.833333333333357 37.650000000000013 166.33333333333334 2.1602469135802473
decision_type=8 2 2 10 2 10 8 10 8
left_child=4 2 3 5 -1 -2 8 -7 -3
right_child=1 6 -4 -5 -6 7 -8 -9 -10
leaf_value=-0.034748049230494758 -0.020259413376309626 0.00077672603520483356 0.020745077343738923 0.0081498869540218531 -0.005679280979285036 -0.0035990298956171001 0.073927883176562612 0.051744812384312888 0.022878505157611712
leaf_count=21277 15418 1926 2781 7840 6890 9816 50 141 2682
internal_value=0 0.0821773 0.00933274 -0.0695117 -0.458222 -0.20866 0.367642 -0.0307411 0.31679
internal_count=68821 40654 35996 33215 28167 25375 4658 9957 4608
shrinkage=0.05


Tree=42
num_leaves=10
num_cat=0
split_feature=6 6 2 8 5 2 2 0 3
split_gain=105.888 27.2358 16.4907 10.1391 11.4261 10.0308 9.5787 9.55681 8.12661
threshold=5.5500000000000007 5.9500000000000011 20.950000000000003 1.0000000180025095e-35 2.630032206119163 27.250000000000004 37.45000000000001 50.500000000000007 91.833333333333357
decision_type=8 10 8 2 10 10 8 2 10
left_child=5 2 -2 4 8 -1 -6 -5 -4
right_child=1 -3 3 7 6 -7 -8 -9 -10
leaf_value=-0.039583930851206962 -0.033690817038856478 0.012091859373571795 -0.018823859587606961 0.04346996150334672 0.0038560246322733825 -0.0099247336690071949 0.074568002568973765 -0.0062636772839417048 0.018386934506383616
leaf_count=33340 7507 4923 11993 848 5923 2774 52 720 741
internal_value=0 0.122817 -0.110435 -0.0221432 -0.0962746 -0.68408 0.14097 0.450889 -0.28845
internal_count=68821 32707 27784 20277 18709 36114 5975 1568 12734
shrinkage=0.05


Tree=43
num_leaves=10
num_cat=0
split_feature=6 6 9 5 2 0 3 2 5
split_gain=98.5886 24.4699 17.2382 14.7187 9.93204 8.79183 8.6224 8.36242 7.15321
threshold=5.5500000000000007 5.9500000000000011 1.0000000180025095e-35 2.630032206119163 24.950000000000003 45.500000000000007 91.833333333333357 37.45000000000001 2.0515030946065433
decision_type=8 10 2 10 10 2 10 10 10
left_child=4 2 3 6 -1 -4 -2 -5 -7
right_child=1 -3 5 7 -6 8 -8 -9 -10
leaf_value=-0.042080208100900691 -0.023680754302630891 0.011440843550110134 0.047573631279463818 0.00064670528448874487 -0.017568301072293648 -0.022064003241659868 0.017216647025481098 0.067601785490934013 0.019906795967817779
leaf_count=29091 18279 4923 643 6109 7023 877 719 45 1112
internal_value=0 0.116599 -0.105516 -0.215161 -0.67293 0.368892 -0.404124 0.0742645 0.123406
internal_count=68821 32707 27784 25152 36114 2632 18998 6154 1989
shrinkage=0.05


Tree=44
num_leaves=10
num_cat=0
split_feature=2 9 0 5 0 2 4 3 5
split_gain=40.2367 15.8448 21.1812 17.4005 15.3985 9.39974 8.39801 8.18822 6.5696
threshold=21.850000000000005 1.0000000180025095e-35 56.500000000000007 2.630032206119163 51.500000000000007 37.650000000000013 151.25000000000003 75.833333333333357 2.1602469135802473
decision_type=8 2 2 10 2 8 10 10 8
left_child=4 2 3 7 -1 8 -5 -2 -3
right_child=1 5 -4 6 -6 -7 -8 -9 -10
leaf_value=-0.031134046535900368 -0.021819085394372335 0.00013764831989916541 0.018977445424486351 0.002611052452835755 -0.00094092678716243227 0.067278608666404102 0.033333961563593389 -0.005338679804748391 0.019961264327155111
leaf_count=23232 11183 1926 2781 10829 4935 50 419 10784 2682
internal_value=0 0.0725699 0.00712911 -0.0666451 -0.427279 0.322036 0.0984616 -0.230196 0.274715
internal_count=68821 40654 35996 33215 28167 4658 11248 21967 4608
shrinkage=0.05


Tree=45
num_leaves=10
num_cat=0
split_feature=6 6 9 5 2 4 5 0 6
split_gain=89.74 21.2167 14.4711 12.8932 9.69583 7.86341 7.91956 7.34111 7.25019
threshold=5.5500000000000007 5.9500000000000011 1.0000000180025095e-35 2.630032206119163 27.250000000000004 134.83333333333334 3.4673758865248234 45.500000000000007 7.0500000000000007
decision_type=8 10 2 10 10 10 10 2 10
left_child=4 2 3 -2 -1 -5 -7 -4 -3
right_child=1 8 7 5 -6 6 -8 -9 -10
leaf_value=-0.038568115310466923 -0.019185138979483693 0.0078341838799407277 0.042216733288670788 -0.0061709321487575077 -0.0088919431761715715 0.039790544461472399 -0.0088262181175331519 0.0051672252388159983 0.02054121314739257
leaf_count=33340 18998 4333 643 4816 2774 946 392 1989 590
internal_value=0 0.1094 -0.098746 -0.201845 -0.657876 0.0660817 0.448897 0.328451 0.213258
internal_count=68821 32707 27784 25152 36114 6154 1338 2632 4923
shrinkage=0.05


Tree=46
num_leaves=10
num_cat=0
split_feature=6 6 2 2 9 5 2 6 0
split_gain=83.5014 19.1097 14.0998 9.75671 9.43923 7.25449 6.87668 6.63237 6.56865
threshold=5.5500000000000007 5.9500000000000011 20.950000000000003 24.950000000000003 1.0000000180025095e-35 2.630032206119163 37.45000000000001 7.0500000000000007 45.500000000000007
decision_type=8 10 8 10 2 10 10 10 2
left_child=3 2 -2 -1 5 -4 -7 -3 -6
right_child=1 7 4 -5 8 6 -8 -9 -10
leaf_value=-0.041241248216383523 -0.03209795938302918 0.0074160060873549637 -0.013940433469020934 -0.016249347949092607 0.040426185280936028 0.0011522452777102069 0.06030208274451565 0.019577385815510044 0.0053227893763217685
leaf_count=29091 7507 4333 12240 7023 588 5668 45 590 1736
internal_value=0 0.103977 -0.0943178 -0.646327 -0.0151335 -0.110899 0.0814318 0.202195 0.329026
internal_count=68821 32707 27784 36114 20277 17953 5713 4923 2324
shrinkage=0.05


Tree=47
num_leaves=10
num_cat=0
split_feature=6 6 2 2 4 2 2 5 0
split_gain=77.6815 17.4087 12.9594 9.6596 7.19993 9.18383 7.96446 7.80129 10.994
threshold=5.5500000000000007 5.8500000000000005 21.650000000000002 24.950000000000003 137.83333333333334 28.250000000000004 23.450000000000003 2.6821789321789322 55.500000000000007
decision_type=8 10 8 10 10 8 8 8 2
left_child=3 2 -2 -1 5 7 -6 -4 -9
right_child=1 -3 4 -5 6 -7 -8 8 -10
leaf_value=-0.040862892396264235 -0.030568132683704244 0.0088243694578759926 -0.024806832001069482 -0.015699192660687016 0.070724524804163413 0.014396798218983471 0.0080170456629491231 -0.0069818824735390882 0.064659768459516764
leaf_count=29091 9212 6968 8065 7023 544 1526 1945 4114 333
internal_value=0 0.0988497 -0.129689 -0.63464 -0.0215446 -0.127905 0.307804 -0.268985 0.0255413
internal_count=68821 32707 25739 36114 16527 14038 2489 12512 4447
shrinkage=0.05


Tree=48
num_leaves=10
num_cat=0
split_feature=6 6 2 2 9 5 5 4 6
split_gain=72.2292 15.7443 12.6016 9.5487 8.26799 6.2198 6.19532 7.57046 6.12495
threshold=5.5500000000000007 5.9500000000000011 20.950000000000003 24.950000000000003 1.0000000180025095e-35 2.630032206119163 3.8350340136054428 116.16666666666667 7.0500000000000007
decision_type=8 10 8 10 2 10 10 10 10
left_child=3 2 -2 -1 5 -4 -5 -8 -3
right_child=1 8 4 6 -6 -7 7 -9 -10
leaf_value=-0.04047322703685978 -0.031055910911421621 0.0065541739653693079 -0.013157595105634088 -0.020783197204438816 0.015230238218585669 0.0035668361623236154 0.10440310416598891 -0.0039115344019872928 0.018246585006341371
leaf_count=29091 7507 4333 12240 6568 2324 5713 95 360 590
internal_value=0 0.0938607 -0.0872974 -0.622811 -0.0140711 -0.104847 -0.303193 0.550691 0.182398
internal_count=68821 32707 27784 36114 20277 17953 7023 455 4923
shrinkage=0.05


Tree=49
num_leaves=10
num_cat=0
split_feature=6 6 2 2 4 2 0 6 0
split_gain=67.0618 14.2772 11.5732 9.45331 6.46768 8.76364 6.65416 6.43666 9.87295
threshold=5.5500000000000007 5.8500000000000005 21.650000000000002 24.950000000000003 134.83333333333334 28.250000000000004 57.500000000000007 6.8500000000000005 55.500000000000007
decision_type=8 10 8 10 10 8 2 10 2
left_child=3 2 -2 -1 5 -4 -6 -3 -9
right_child=1 7 4 -5 6 -7 -8 8 -10
leaf_value=-0.04007217090179923 -0.02946165407136099 0.0052176433128391852 -0.014348671859371243 -0.014583135149442631 0.0061683189012120164 0.01452799259231808 0.056710756966823012 0.0094826207795875098 0.03671299618413839
leaf_count=29091 9212 6211 11626 7023 3240 1345 316 577 180
internal_value=0 0.0891588 -0.119484 -0.610652 -0.0192678 -0.142144 0.237599 0.15887 0.32029
internal_count=68821 32707 25739 36114 16527 12971 3556 6968 757
shrinkage=0.05


end of trees

feature importances:
H25_a1c=139
H25_bmi=133
H25_lhrate=46
H25_is_medicine=30
H25_sbp=29
H25_age=26
H25_dbp=26
H25_sex=17
H25_dl=3
H25_ht=1

parameters:
[boosting: gbdt]
[objective: binary]
[metric: binary]
[tree_learner: serial]
[device_type: cpu]
[data: ]
[valid: ]
[num_iterations: 100]
[learning_rate: 0.05]
[num_leaves: 10]
[num_threads: 0]
[max_depth: -1]
[min_data_in_leaf: 20]
[min_sum_hessian_in_leaf: 1]
[bagging_fraction: 0.4]
[bagging_freq: 0]
[bagging_seed: 3]
[feature_fraction: 0.9]
[feature_fraction_seed: 2]
[early_stopping_round: 0]
[max_delta_step: 0]
[lambda_l1: 0]
[lambda_l2: 1]
[min_gain_to_split: 0]
[drop_rate: 0.1]
[max_drop: 50]
[skip_drop: 0.5]
[xgboost_dart_mode: 0]
[uniform_drop: 0]
[drop_seed: 4]
[top_rate: 0.2]
[other_rate: 0.1]
[min_data_per_group: 100]
[max_cat_threshold: 32]
[cat_l2: 10]
[cat_smooth: 10]
[max_cat_to_onehot: 4]
[top_k: 20]
[monotone_constraints: ]
[feature_contri: ]
[forcedsplits_filename: ]
[refit_decay_rate: 0.9]
[verbosity: 0]
[max_bin: 255]
[min_data_in_bin: 3]
[bin_construct_sample_cnt: 200000]
[histogram_pool_size: -1]
[data_random_seed: 1]
[output_model: LightGBM_model.txt]
[snapshot_freq: -1]
[input_model: ]
[output_result: LightGBM_predict_result.txt]
[initscore_filename: ]
[valid_data_initscores: ]
[pre_partition: 0]
[enable_bundle: 1]
[max_conflict_rate: 0]
[is_enable_sparse: 1]
[sparse_threshold: 0.8]
[use_missing: 1]
[zero_as_missing: 0]
[two_round: 0]
[save_binary: 0]
[enable_load_from_binary_file: 1]
[header: 0]
[label_column: ]
[weight_column: ]
[group_column: ]
[ignore_column: ]
[categorical_feature: ]
[predict_raw_score: 0]
[predict_leaf_index: 0]
[predict_contrib: 0]
[num_iteration_predict: -1]
[pred_early_stop: 0]
[pred_early_stop_freq: 10]
[pred_early_stop_margin: 10]
[convert_model_language: ]
[convert_model: gbdt_prediction.cpp]
[num_class: 1]
[is_unbalance: 0]
[scale_pos_weight: 1]
[sigmoid: 1]
[boost_from_average: 1]
[reg_sqrt: 0]
[alpha: 0.9]
[fair_c: 1]
[poisson_max_delta_step: 0.7]
[tweedie_variance_power: 1.5]
[max_position: 20]
[label_gain: ]
[metric_freq: 1]
[is_provide_training_metric: 0]
[eval_at: ]
[num_machines: 1]
[local_listen_port: 12400]
[time_out: 120]
[machine_list_filename: ]
[machines: ]
[gpu_platform_id: -1]
[gpu_device_id: -1]
[gpu_use_dp: 0]

end of parameters

pandas_categorical:[]
