tree
version=v2
num_class=1
num_tree_per_iteration=1
label_index=0
max_feature_idx=9
objective=binary sigmoid:1
feature_names=H25_age H25_sex H25_bmi H25_dbp H25_sbp H25_lhrate H25_a1c H25_ht H25_dl H25_is_medicine
feature_infos=[18:74] [1:2] [0:65.599999999999994] [0:169] [0:238] [0.18181818181818185:8.8461538461538485] [2.7999999999999998:14.800000000000001] [0:1] [0:1] [0:2]
tree_sizes=866 877 882 884 883 882 895 877 879 888 893 904 886 907 891 889 885 894 891 892 894 894 897 894 897 902 905 902 898 898 896 898 900 898 900 894 903 895 900 895 900 905 895 897 897 905 899 898 897 903

Tree=0
num_leaves=10
num_cat=0
split_feature=6 6 6 6 2 2 2 2 2
split_gain=16725.3 1658.28 854.164 270.55 206.798 87.3123 75.3328 46.6007 37.6214
threshold=6.3500000000000005 6.0500000000000007 6.6500000000000012 5.8500000000000005 29.750000000000004 24.550000000000004 27.250000000000004 20.750000000000004 20.650000000000002
decision_type=10 10 10 10 10 8 10 8 8
left_child=1 3 8 6 7 -5 -1 -3 -2
right_child=2 4 -4 5 -6 -7 -8 -9 -10
leaf_value=-3.7952075475548206 -3.6046013212453976 -3.7335941593965387 -2.5460446233442724 -3.7476305803890297 -3.2112760900044379 -3.6343267807691646 -3.7574489553964523 -3.5093591183244985 -3.0872867129810708
leaf_count=55686 46 119 1070 1472 280 1524 6604 1395 626
internal_value=0 -0.536649 20.1627 -0.712306 5.71799 1.23483 -0.806775 4.49775 12.7896
internal_count=68822 67080 1742 65286 1794 2996 62290 1514 672
shrinkage=1


Tree=1
num_leaves=10
num_cat=0
split_feature=6 6 6 2 2 2 2 2 6
split_gain=6787.71 499.242 103.267 76.0171 74.3423 61.8772 35.4068 34.2946 31.4496
threshold=6.1500000000000012 5.8500000000000005 7.0500000000000007 28.550000000000004 27.250000000000004 28.450000000000003 37.45000000000001 20.850000000000005 5.7500000000000009
decision_type=10 10 10 8 10 8 10 10 10
left_child=1 4 5 7 -1 -2 8 -3 -6
right_child=2 3 -4 -5 6 -7 -8 -9 -10
leaf_value=-0.04398781805068358 0.26626717763651125 -0.035602938313040997 0.41892559655736411 0.16618560576943889 -0.017244466732937343 0.3819414127045449 0.13519496641861281 0.066522870698249109 0.068142263864651761
leaf_count=55686 1487 385 641 687 5974 585 148 2747 482
internal_value=0 -0.640379 6.93074 1.56153 -0.797361 6.10408 -0.125785 1.09178 -0.208866
internal_count=68822 66109 2713 3819 62290 2072 6604 3132 6456
shrinkage=0.05


Tree=2
num_leaves=10
num_cat=0
split_feature=6 6 6 2 2 2 4 9 6
split_gain=4829.57 243.734 167.471 76.2098 52.2535 38.2181 24.1001 23.5542 23.1845
threshold=6.0500000000000007 5.7500000000000009 6.2500000000000009 25.350000000000005 31.350000000000005 20.850000000000005 153.25000000000003 1.0000000180025095e-35 7.1500000000000012
decision_type=10 10 10 8 10 8 8 2 10
left_child=1 4 5 -3 -1 -2 -5 8 -4
right_child=2 3 7 6 -6 -7 -8 -9 -10
leaf_value=-0.042846861289578722 -0.025179122800515426 -0.0029580623243797293 0.21598600398310355 0.062640861016038427 0.028958688877484082 0.15489790685704874 0.19023013244178461 0.32106703944189491 0.27760971319770972
leaf_count=58547 111 3392 1250 2089 1130 1314 128 342 519
internal_value=0 -0.689566 4.58482 0.598323 -0.827251 2.88141 1.46842 5.12305 4.84198
internal_count=68822 65286 3536 5609 59677 1425 2217 2111 1769
shrinkage=0.05


Tree=3
num_leaves=10
num_cat=0
split_feature=6 6 6 9 5 3 4 9 0
split_gain=3713.32 230.544 93.3126 32.7614 22.8369 21.2811 18.0343 16.7234 15.9678
threshold=6.0500000000000007 5.7500000000000009 6.2500000000000009 1.0000000180025095e-35 4.0761973875181434 79.833333333333357 134.83333333333334 1.0000000180025095e-35 43.500000000000007
decision_type=10 10 10 2 10 10 10 2 2
left_child=1 4 6 5 -1 -3 7 -2 -5
right_child=2 3 -4 8 -6 -7 -8 -9 -10
leaf_value=-0.041948995125461998 0.075809346903087271 -0.0033633756821747395 0.197885173764769 0.17849406515861677 0.0057365596406250439 0.039730447687671977 0.16441106559689825 0.16436506221691405 0.059410408955801956
leaf_count=58422 832 2641 2111 113 1255 2104 418 175 751
internal_value=0 -0.677769 3.60191 0.553782 -0.81853 0.331572 2.39458 1.91678 1.65001
internal_count=68822 65286 3536 5609 59677 4745 1425 1007 864
shrinkage=0.05


Tree=4
num_leaves=10
num_cat=0
split_feature=6 6 6 2 2 2 2 3 2
split_gain=3013.3 132.461 122.892 53.1373 47.9291 44.6447 26.8267 25.9036 16.391
threshold=5.9500000000000011 6.2500000000000009 5.7500000000000009 29.150000000000002 30.250000000000004 25.450000000000003 20.850000000000005 94.250000000000014 24.950000000000003
decision_type=10 10 10 10 8 8 10 8 10
left_child=2 4 3 8 6 -4 -2 -5 -1
right_child=1 -3 5 7 -6 -7 -8 -9 -10
leaf_value=-0.046239567259364005 -0.028915324495943057 0.1610744983874402 -0.01213973440530431 -0.006366007189752579 0.1678527211098042 0.052737006173015681 0.07896362551793959 0.094564145494968221 -0.030989125634493565
leaf_count=44806 234 2111 2766 2510 318 1655 2061 292 12069
internal_value=0 2.77933 -0.713904 -0.809603 1.76357 0.309239 1.41732 0.113738 -0.859742
internal_count=68822 4724 64098 59677 2613 4421 2295 2802 56875
shrinkage=0.05


Tree=5
num_leaves=10
num_cat=0
split_feature=6 6 6 2 2 2 2 6 3
split_gain=2516.45 117.746 99.5753 52.5433 38.278 36.8599 29.3037 26.866 21.3425
threshold=5.9500000000000011 5.7500000000000009 6.4500000000000011 26.950000000000003 25.450000000000003 30.250000000000004 35.95000000000001 6.0500000000000007 81.583333333333357
decision_type=10 10 10 10 8 8 10 10 10
left_child=1 3 5 -1 -3 7 -5 8 -2
right_child=2 4 -4 6 -6 -7 -8 -9 -10
leaf_value=-0.044152915850539438 -0.0060931508056376116 -0.011678204716197745 0.14339476691074313 -0.01586572916450606 0.047716292967029755 0.13870874346868187 0.096184183576759452 0.087698313466044273 0.077369573318674958
leaf_count=52836 613 2766 1437 6629 1655 443 212 1795 436
internal_value=0 -0.702622 2.37036 -0.800493 0.289311 1.75506 -0.22088 1.49603 0.635358
internal_count=68822 64098 4724 59677 4421 3287 6841 2844 1049
shrinkage=0.05


Tree=6
num_leaves=10
num_cat=0
split_feature=2 2 0 0 9 5 4 0 5
split_gain=602.64 128.693 118.491 52.3423 47.5553 34.7569 31.9503 29.9089 25.1198
threshold=25.450000000000003 29.550000000000004 50.500000000000007 53.500000000000007 1.0000000180025095e-35 3.1908263305322135 148.16666666666671 40.500000000000007 2.9478221415607986
decision_type=10 10 2 2 2 10 10 2 10
left_child=2 3 -1 5 -3 7 8 -2 -4
right_child=1 4 6 -5 -6 -7 -8 -9 -10
leaf_value=-0.033256823918577365 -0.028048488321501665 0.06588224456982375 -0.006988154125703811 0.066485624156194412 0.13365592512755969 0.045668966748619672 0.066279176708107637 0.016886476738870577 0.03341551176497682
leaf_count=40181 2303 2922 9894 1799 724 2627 684 5945 1743
internal_value=0 0.877434 -0.458741 0.535374 1.63662 0.342964 0.0911542 0.124198 0.000542227
internal_count=68822 16320 52502 12674 3646 10875 12321 8248 11637
shrinkage=0.05


Tree=7
num_leaves=10
num_cat=0
split_feature=6 6 6 2 2 2 2 6 5
split_gain=2055.79 110.352 74.3789 48.1884 28.1991 23.3306 19.3103 16.3346 14.1963
threshold=5.9500000000000011 5.7500000000000009 6.4500000000000011 26.950000000000003 25.450000000000003 35.95000000000001 24.050000000000004 6.0500000000000007 1.7458972289480765
decision_type=10 10 10 10 8 8 8 10 8
left_child=1 3 6 -1 -3 -5 7 -2 -8
right_child=2 4 -4 5 -6 -7 8 -9 -10
leaf_value=-0.043654653066310584 -0.00315883929912585 -0.010528635275882057 0.11989119166893264 -0.016680037869992382 0.039616498254840884 0.076900670736454638 0.030406000680955 0.062760963710424569 0.090737514397448885
leaf_count=52836 496 2766 1437 6629 1655 212 226 686 1879
internal_value=0 -0.687716 1.99339 -0.7882 0.258607 -0.243866 1.4859 0.918141 1.70082
internal_count=68822 64098 4724 59677 4421 6841 3287 1182 2105
shrinkage=0.05


Tree=8
num_leaves=10
num_cat=0
split_feature=6 6 2 6 2 2 6 3 9
split_gain=1790.34 122.752 66.9702 26.0806 23.3633 22.2663 20.9368 19.3031 16.8533
threshold=5.8500000000000005 6.1500000000000012 27.250000000000004 5.5500000000000007 34.550000000000004 20.850000000000005 7.0500000000000007 90.833333333333357 1.5000000000000002
decision_type=10 10 10 8 8 8 10 10 2
left_child=2 5 -1 -4 -5 -2 8 -7 -3
right_child=1 6 3 4 -6 7 -8 -9 -10
leaf_value=-0.04163815941900529 -0.035062880552876895 0.08373902723050855 -0.028872277183991071 0.0054913581096849937 0.099360331715084016 0.037094823450888402 0.11636518034718855 0.092553245640619175 0.15670168087776248
leaf_count=55686 385 1991 3002 3385 217 2990 641 444 81
internal_value=0 1.62817 -0.734666 -0.0953505 0.279694 0.811523 1.96056 0.918017 1.75063
internal_count=68822 6532 62290 6604 3602 3819 2713 3434 2072
shrinkage=0.05


Tree=9
num_leaves=10
num_cat=0
split_feature=6 6 2 6 2 2 6 3 6
split_gain=1575.94 98.5496 65.6503 24.0883 19.3498 19.3386 18.2643 15.1951 14.9662
threshold=5.8500000000000005 6.1500000000000012 27.250000000000004 5.5500000000000007 20.850000000000005 34.550000000000004 7.0500000000000007 92.833333333333357 5.5500000000000007
decision_type=10 10 10 8 8 8 10 10 8
left_child=2 4 8 -4 -2 -5 -3 -6 -1
right_child=1 6 3 5 7 -7 -8 -9 -10
leaf_value=-0.047422999875033969 -0.034539341998995936 0.078102966635204135 -0.028228742357940803 0.0051928427483538663 0.035008001054106778 0.087511812601012706 0.10406125841220425 0.087616616495313368 -0.034150543585417158
leaf_count=29856 385 2072 3002 3385 3098 217 641 336 25830
internal_value=0 1.46399 -0.723864 -0.0908789 0.742977 0.26337 1.75041 0.837031 -0.824488
internal_count=68822 6532 62290 6604 3819 3602 2713 3434 55686
shrinkage=0.05


Tree=10
num_leaves=10
num_cat=0
split_feature=6 6 2 6 2 6 2 6 9
split_gain=1396.06 80.6389 64.2867 22.2438 16.9288 16.4653 16.1624 15.2804 13.4105
threshold=5.8500000000000005 6.1500000000000012 27.250000000000004 5.5500000000000007 20.850000000000005 7.0500000000000007 34.550000000000004 5.5500000000000007 1.0000000180025095e-35
decision_type=10 10 10 8 8 10 10 8 2
left_child=2 4 7 -4 -2 -3 -5 -1 -6
right_child=1 5 3 6 8 -7 -8 -9 -10
leaf_value=-0.047226212178406987 -0.034011641083613327 0.07021148242401247 -0.027583597491391994 0.0049119573477417163 0.029803327892626436 0.094069303540482443 0.07777301351903905 -0.033562908035232077 0.069055181885833219
leaf_count=29856 385 2072 3002 3385 2810 641 217 25830 624
internal_value=0 1.32572 -0.712902 -0.0866263 0.682556 1.57645 0.248131 -0.816025 0.766225
internal_count=68822 6532 62290 6604 3819 2713 3602 55686 3434
shrinkage=0.05


Tree=11
num_leaves=10
num_cat=0
split_feature=2 0 2 0 9 9 5 5 0
split_gain=369.072 90.5165 62.6972 33.6194 33.2508 27.5667 24.3492 22.1894 20.5952
threshold=25.250000000000004 49.500000000000007 29.750000000000004 53.500000000000007 1.0000000180025095e-35 1.0000000180025095e-35 2.7784992784992792 3.1908263305322135 40.500000000000007
decision_type=8 2 10 2 2 2 10 10 2
left_child=1 8 3 5 -4 7 -3 -2 -1
right_child=2 6 4 -5 -6 -7 -8 -9 -10
leaf_value=-0.045034357371698114 -0.0037706351729006535 -0.0070947496435685266 0.041457024091431011 0.04619586791894445 0.092483107141819842 0.04529703097048482 0.026313386558531805 0.02754975777049189 -0.025565754493189399
leaf_count=14745 8368 11356 2704 2053 675 1660 2638 2517 22106
internal_value=0 -0.429257 0.587679 0.372935 1.08413 0.224888 0.0106611 0.101145 -0.658155
internal_count=68822 50845 17977 14598 3379 12545 13994 10885 36851
shrinkage=0.05


Tree=12
num_leaves=10
num_cat=0
split_feature=6 6 2 6 6 2 2 9 4
split_gain=1201.83 67.8804 59.35 29.6824 19.4844 16.8649 16.3343 15.3698 12.044
threshold=5.8500000000000005 6.4500000000000011 25.250000000000004 5.5500000000000007 6.0500000000000007 34.550000000000004 24.550000000000004 1.5000000000000002 154.33333333333334
decision_type=10 10 10 8 10 10 8 2 10
left_child=2 4 -1 -4 6 8 -2 -6 -5
right_child=1 -3 3 5 7 -7 -8 -9 -10
leaf_value=-0.042705090870520768 -0.0030036879579864338 0.077001963417107647 -0.033774695240426963 -0.0072768117651702546 0.04724494359828816 0.064514320477658607 0.038445635500838272 0.113425778539179 0.06867297216065725
leaf_count=48051 1472 1437 6721 7110 2011 217 1524 88 191
internal_value=0 1.17656 -0.698123 -0.29668 0.820135 -0.00415714 0.466095 1.02774 -0.0891936
internal_count=68822 6532 62290 14239 5095 7518 2996 2099 7301
shrinkage=0.05


Tree=13
num_leaves=10
num_cat=0
split_feature=2 0 2 0 9 0 5 5 9
split_gain=301.538 82.6714 48.0342 24.7353 28.8054 20.7359 20.7094 20.3831 18.8632
threshold=25.250000000000004 49.500000000000007 30.250000000000004 53.500000000000007 1.0000000180025095e-35 40.500000000000007 2.7784992784992792 2.5131670131670139 1.0000000180025095e-35
decision_type=8 2 10 2 2 2 10 10 2
left_child=1 5 3 4 7 -1 -3 -2 -4
right_child=2 6 8 -5 -6 -7 -8 -9 -10
leaf_value=-0.044514929933433062 -0.010828611647739765 -0.0065786204997689245 0.038563594844189454 0.039364255473014781 0.043191128335883143 -0.024302354802191013 0.024076867012997515 0.015668695731581452 0.078743488247520643
leaf_count=14745 5454 11356 2216 2121 1750 22106 2638 5868 568
internal_value=0 -0.406231 0.511821 0.34326 0.219178 -0.635769 0.0125736 0.0928599 0.980184
internal_count=68822 50845 17977 15193 13072 36851 13994 11322 2784
shrinkage=0.05


Tree=14
num_leaves=10
num_cat=0
split_feature=6 6 2 6 6 2 2 5 3
split_gain=1043.09 58.5744 55.3753 27.4418 15.4714 13.5971 13.5492 11.3416 14.5812
threshold=5.8500000000000005 6.4500000000000011 25.250000000000004 5.5500000000000007 6.0500000000000007 22.650000000000002 34.550000000000004 3.0071428571428576 91.833333333333357
decision_type=10 10 10 8 10 8 10 10 10
left_child=2 4 -1 -4 5 -2 7 8 -5
right_child=1 -3 3 6 -6 -7 -8 -9 -10
leaf_value=-0.04212591448991343 -0.017492508339723666 0.069230617858790505 -0.033484084433212165 -0.022089547724234802 0.045486123551973172 0.029204050989197712 0.05411542099903989 0.014692138455766413 0.035460942479696063
leaf_count=48051 792 1437 6721 4511 2099 2204 217 2252 538
internal_value=0 1.0541 -0.68311 -0.299708 0.730575 0.418694 -0.0236579 -0.102051 -0.297218
internal_count=68822 6532 62290 14239 5095 2996 7518 7301 5049
shrinkage=0.05


Tree=15
num_leaves=10
num_cat=0
split_feature=6 2 6 6 3 4 5 9 5
split_gain=938.134 54.739 51.1155 26.0506 14.5705 12.6631 12.2058 12.0421 11.2369
threshold=5.8500000000000005 25.250000000000004 6.4500000000000011 5.5500000000000007 92.833333333333357 148.16666666666671 4.0761973875181434 1.5000000000000002 3.2446712018140595
decision_type=10 10 10 8 10 10 10 2 8
left_child=1 -1 4 -3 7 6 -5 8 -2
right_child=2 3 -4 5 -6 -7 -8 -9 -10
leaf_value=-0.04173966775299056 0.020407770015076009 -0.032887524451181753 0.063781375211244828 -0.0091752041978650119 0.063221033492159406 0.048144708532988946 0.047856017615204277 0.07744403871635773 0.045710597455152359
leaf_count=48051 3532 6721 1437 6706 498 424 388 144 921
internal_value=0 -0.671526 0.971584 -0.289093 0.673763 -0.0222671 -0.104665 0.585018 0.532828
internal_count=68822 62290 6532 14239 5095 7518 7094 4597 4453
shrinkage=0.05


Tree=16
num_leaves=10
num_cat=0
split_feature=6 6 2 6 3 6 3 2 0
split_gain=850.941 70.0879 40.2873 15.3092 14.4341 13.666 13.063 13.9688 11.1193
threshold=5.7500000000000009 6.1500000000000012 26.950000000000003 7.0500000000000007 91.833333333333357 5.4500000000000011 99.583333333333357 29.850000000000005 56.500000000000007
decision_type=10 10 10 10 10 8 8 10 2
left_child=2 4 8 -3 -2 -4 -7 -8 -1
right_child=1 3 5 -5 -6 6 7 -9 -10
leaf_value=-0.042417943552326504 0.013187233002156674 0.046265476979653303 -0.032776725384759842 0.06696775928098149 0.050230318525673869 -0.0042639137028459891 -0.031650333250590322 0.12722129675711472 -0.015099839184940043
leaf_count=49794 5775 2072 2584 641 657 4094 78 85 3042
internal_value=0 0.83289 -0.712572 1.06922 0.369477 -0.216688 0.00921718 1.49796 -0.814815
internal_count=68822 9145 59677 2713 6432 6841 4257 163 52836
shrinkage=0.05


Tree=17
num_leaves=10
num_cat=0
split_feature=6 6 2 5 6 2 0 2 6
split_gain=772.667 60.9767 40.1723 22.5034 18.0573 15.3541 12.761 11.9822 10.5856
threshold=5.7500000000000009 6.0500000000000007 24.950000000000003 4.0761973875181434 7.0500000000000007 31.350000000000005 51.500000000000007 24.550000000000004 5.5500000000000007
decision_type=10 10 10 10 10 10 2 8 8
left_child=2 7 -1 5 -3 8 -7 -2 -4
right_child=1 4 3 -5 -6 6 -8 -9 -10
leaf_value=-0.042892106965900761 -0.005346060782529919 0.041012350153167648 -0.038575023964283958 0.042599351442544175 0.062388592749467543 -0.00014172680951681977 0.10001133315871676 0.022460272200257987 -0.015592047606076019
leaf_count=44806 2859 2895 6774 679 641 956 97 2750 6365
internal_value=0 0.773851 -0.701545 -0.365549 0.951203 -0.439281 0.249104 0.249176 -0.534142
internal_count=68822 9145 59677 14871 3536 14192 1053 5609 13139
shrinkage=0.05


Tree=18
num_leaves=10
num_cat=0
split_feature=6 6 2 5 2 6 4 0 0
split_gain=702.693 53.8408 39.9469 20.3747 14.476 13.1614 12.4171 12.1739 10.9303
threshold=5.7500000000000009 6.1500000000000012 24.950000000000003 4.0761973875181434 31.350000000000005 7.1500000000000012 134.83333333333334 47.500000000000007 51.500000000000007
decision_type=10 10 10 10 10 10 10 2 2
left_child=2 6 -1 4 -4 7 -2 -3 -6
right_child=1 5 3 -5 8 -7 -8 -9 -10
leaf_value=-0.04253774513776197 0.0077554412552133731 0.052888410613135484 -0.026062526921399373 0.039066431981185375 -0.00013492772184171809 0.05945257447274388 0.032765018429022567 0.032066623781072161 0.089829175427385874
leaf_count=44806 4714 805 13139 679 956 572 1718 1336 97
internal_value=0 0.720465 -0.690325 -0.353606 -0.426534 0.922029 0.320214 0.803426 0.237567
internal_count=68822 9145 59677 14871 14192 2713 6432 2141 1053
shrinkage=0.05


Tree=19
num_leaves=10
num_cat=0
split_feature=6 6 2 5 2 2 6 2 3
split_gain=640.143 47.8329 39.6785 18.6281 16.2756 14.0054 11.2557 11.0761 10.7485
threshold=5.7500000000000009 6.2500000000000009 24.950000000000003 3.8393548387096779 31.350000000000005 34.050000000000004 5.5500000000000007 20.850000000000005 100.25000000000001
decision_type=10 10 10 10 10 8 8 10 8
left_child=2 5 -1 4 6 7 -4 -2 -6
right_child=1 -3 3 -5 8 -7 -8 -9 -10
leaf_value=-0.042173164058199174 -0.024502448998796753 0.044865313969484857 -0.039596541838490873 0.026303897819415514 0.0028228984177256851 0.060188454202884961 -0.014932306474435312 0.017547522942129898 0.098714921432158265
leaf_count=44806 784 2111 6600 1084 944 234 6182 6016 61
internal_value=0 0.672306 -0.67891 -0.341758 -0.430865 0.358976 -0.53493 0.299756 0.285242
internal_count=68822 9145 59677 14871 13787 7034 12782 6800 1005
shrinkage=0.05


Tree=20
num_leaves=10
num_cat=0
split_feature=6 6 2 6 9 6 5 0 5
split_gain=583.669 43.7611 39.3357 17.5618 13.9548 13.1591 12.5389 12.4696 12.0345
threshold=5.7500000000000009 6.4500000000000011 24.950000000000003 5.5500000000000007 1.0000000180025095e-35 5.9500000000000011 4.0761973875181434 56.500000000000007 1.9503086419753088
decision_type=10 10 10 8 2 10 10 2 10
left_child=2 4 -1 -4 5 -2 -5 8 -6
right_child=1 -3 3 6 7 -7 -8 -9 -10
leaf_value=-0.041798143686028445 -5.9380228591658886e-06 0.045363431712888341 -0.031502861684869765 -0.0083932904951398452 0.0043766220405081708 0.022265438006604795 0.050331178341760853 -0.01249266842419872 0.053761140829619816
leaf_count=44806 3770 1437 7596 6915 279 2629 360 187 843
internal_value=0 0.62797 -0.66736 -0.33025 0.400499 0.293914 -0.0792172 0.746307 0.883
internal_count=68822 9145 59677 14871 7708 6399 7275 1309 1122
shrinkage=0.05


Tree=21
num_leaves=10
num_cat=0
split_feature=6 6 2 6 4 5 6 2 3
split_gain=532.964 39.562 38.9367 16.7423 14.8138 14.0351 12.1013 10.6389 13.9313
threshold=5.7500000000000009 6.5500000000000007 24.950000000000003 5.4500000000000011 134.83333333333334 4.0761973875181434 5.9500000000000011 29.150000000000002 94.833333333333357
decision_type=10 10 10 8 10 10 10 10 8
left_child=2 4 -1 -4 6 7 -2 -5 -9
right_child=1 -3 3 5 -6 -7 -8 8 -10
leaf_value=-0.041412479367406094 -0.003049091941902872 0.043915820328929489 -0.034450579230680574 -0.019071017289483641 0.03235683254462797 0.046452252174916553 0.019656916091268326 -0.0014887718233306359 0.078127125907954217
leaf_count=44806 3281 1246 5921 6873 2220 438 2398 1470 169
internal_value=0 0.58788 -0.655641 -0.319015 0.392879 -0.121556 0.253744 -0.208585 0.225627
internal_count=68822 9145 59677 14871 7899 8950 5679 8512 1639
shrinkage=0.05


Tree=22
num_leaves=10
num_cat=0
split_feature=6 2 6 6 4 6 2 4 0
split_gain=487.095 38.4855 35.5545 16.0954 12.7226 10.6846 10.6399 9.59223 8.70388
threshold=5.7500000000000009 24.950000000000003 6.5500000000000007 5.5500000000000007 134.83333333333334 5.9500000000000011 35.550000000000004 166.33333333333334 56.500000000000007
decision_type=10 10 10 8 10 10 8 10 2
left_child=1 8 4 7 5 -2 -5 -3 -1
right_child=2 3 -4 6 -6 -7 -8 -9 -10
leaf_value=-0.042871749893648677 -0.0029068201512191614 -0.032527655065793609 0.04125246753136759 -0.0070342313914083078 0.029999240948821185 0.018402082587648683 0.054445708217988643 0.067876010942067758 -0.012902190148187047
leaf_count=42249 3281 7502 1246 7145 2220 2398 130 94 2557
internal_value=0 -0.643787 0.551075 -0.307945 0.367767 0.238795 -0.0694995 -0.606452 -0.82032
internal_count=68822 59677 9145 14871 7899 5679 7275 7596 44806
shrinkage=0.05


Tree=23
num_leaves=10
num_cat=0
split_feature=6 2 6 5 2 9 2 6 6
split_gain=445.512 38.0031 32.028 15.6771 14.7587 11.901 14.257 11.0455 10.3428
threshold=5.7500000000000009 24.950000000000003 6.5500000000000007 3.8393548387096779 31.350000000000005 1.0000000180025095e-35 38.150000000000013 6.0500000000000007 5.5500000000000007
decision_type=10 10 10 10 10 2 8 10 8
left_child=1 -1 5 4 8 7 -7 -2 -3
right_child=2 3 -4 -5 -6 6 -8 -9 -10
leaf_value=-0.04060932033928745 0.0021134563603395651 -0.037999329761302041 0.038808434607646769 0.024243361531755821 0.014775096233408062 0.027666787080118927 0.11428902225793723 0.020458688101175168 -0.013310777128576774
leaf_count=44806 4745 6600 1246 1084 1005 1297 37 1820 6182
internal_value=0 -0.631775 0.51721 -0.296969 -0.385701 0.344624 0.648002 0.253289 -0.492383
internal_count=68822 59677 9145 14871 13787 7899 1334 6565 12782
shrinkage=0.05


Tree=24
num_leaves=10
num_cat=0
split_feature=6 2 6 6 3 9 0 0 0
split_gain=407.991 37.428 28.8874 15.0413 12.3291 11.8886 10.5438 9.03228 8.79436
threshold=5.7500000000000009 24.950000000000003 6.3500000000000005 5.4500000000000011 96.583333333333357 1.0000000180025095e-35 56.500000000000007 56.500000000000007 47.500000000000007
decision_type=10 10 10 8 10 2 2 2 2
left_child=1 7 5 -3 -5 -2 -7 -1 -4
right_child=2 3 8 4 -6 6 -8 -9 -10
leaf_value=-0.042184873171480966 0.0089669447295193435 -0.032872185728455842 0.043563381823211539 -0.0090372827680166076 0.046757590027098742 0.037018561865449079 -0.01706146335501418 -0.010926718294891858 0.027532768780860396
leaf_count=42249 6166 5921 683 8526 424 1058 179 2557 1059
internal_value=0 -0.619685 0.486289 -0.286569 -0.101499 0.281191 0.611321 -0.803815 0.680426
internal_count=68822 59677 9145 14871 8950 7403 1237 44806 1742
shrinkage=0.05


Tree=25
num_leaves=10
num_cat=0
split_feature=6 6 6 5 9 0 4 4 6
split_gain=373.632 26.7036 26.5416 21.8346 15.4738 10.9939 10.445 9.21803 8.27657
threshold=5.7500000000000009 6.5500000000000007 5.5500000000000007 2.765165441176471 1.0000000180025095e-35 56.500000000000007 134.83333333333334 151.25000000000003 5.9500000000000011
decision_type=10 10 8 10 2 2 10 10 10
left_child=2 6 -1 4 5 -4 8 -5 -2
right_child=1 -3 3 7 -6 -7 -8 -9 -10
leaf_value=-0.040768277889120713 -0.0036675785391410472 0.034616478481330752 -0.035843904289927613 -0.0021231085037399199 0.011661062309751806 0.013725055555870287 0.025348427553780709 0.06757921302936519 0.014865855152123117
leaf_count=32858 3281 1246 18082 5886 1644 1025 2220 182 2398
internal_value=0 0.457268 -0.607451 -0.390584 -0.563313 -0.655131 0.302088 0.0396818 0.186793
internal_count=68822 9145 59677 26819 20751 19107 7899 6068 5679
shrinkage=0.05


Tree=26
num_leaves=10
num_cat=0
split_feature=6 2 6 9 5 3 0 0 9
split_gain=342.298 37.3222 24.1601 14.5375 13.0303 11.1276 9.54433 8.99351 8.80775
threshold=5.7500000000000009 24.950000000000003 6.5500000000000007 1.0000000180025095e-35 2.9850713012477721 100.83333333333336 54.500000000000007 56.500000000000007 1.0000000180025095e-35
decision_type=10 10 10 2 8 10 2 2 2
left_child=1 7 8 4 5 -3 -6 -1 -2
right_child=2 3 -4 -5 6 -7 -8 -9 -10
leaf_value=-0.041503012634584252 0.010289109538520733 -0.031711003864912803 0.0326754123811306 0.016876758708421539 -0.0058176674193203062 0.050244200342110128 0.068825886815930923 -0.0098964681002169479 0.026855488351541518
leaf_count=42249 6565 8657 1246 1977 3822 192 223 2557 1334
internal_value=0 -0.595048 0.430452 -0.258378 -0.372441 -0.575941 -0.0133899 -0.787788 0.283857
internal_count=68822 59677 9145 14871 12894 8849 4045 44806 7899
shrinkage=0.05


Tree=27
num_leaves=10
num_cat=0
split_feature=6 2 6 5 2 6 6 8 3
split_gain=313.673 36.6293 22.8518 13.9882 13.7222 11.9929 9.65534 8.04211 7.85181
threshold=5.7500000000000009 24.950000000000003 6.0500000000000007 3.8393548387096779 31.350000000000005 7.1500000000000012 5.5500000000000007 1.0000000180025095e-35 87.833333333333357
decision_type=10 10 10 10 10 10 8 2 10
left_child=1 -1 -2 4 6 7 -3 -4 -8
right_child=2 3 5 -5 -6 -7 8 -9 -10
leaf_value=-0.038939844534966545 0.0050869105877642306 -0.036334997843280821 0.018017367355183073 0.024376084058909099 0.016092400823046384 0.037890631977587887 -0.019011875617130101 0.037686495680406988 0.016462636578143102
leaf_count=44806 5609 6600 2575 1084 1005 572 5036 389 1146
internal_value=0 -0.582557 0.405442 -0.248495 -0.338217 0.505866 -0.448119 0.419245 -0.228965
internal_count=68822 59677 9145 14871 13787 3536 12782 2964 6182
shrinkage=0.05


Tree=28
num_leaves=10
num_cat=0
split_feature=6 6 2 2 6 6 4 3 4
split_gain=288.581 28.3543 26.4627 13.2212 11.0751 10.2588 10.9644 8.54058 8.12427
threshold=5.6500000000000012 6.0500000000000007 26.950000000000003 24.850000000000005 7.1500000000000012 5.5500000000000007 135.83333333333334 91.833333333333357 142.25000000000003
decision_type=10 10 10 8 10 8 10 10 10
left_child=2 3 5 -2 -3 -1 -7 8 -5
right_child=1 4 -4 7 -6 6 -8 -9 -10
leaf_value=-0.04337363006672193 -0.011802473904580158 0.019706077167465537 -0.0078125735304613326 0.010923896376870157 0.03593312777936352 -0.031794486726679574 0.0048079345482009228 0.038888294865027061 -0.034517156518547129
leaf_count=29480 5436 2964 6169 3162 572 17817 2493 506 223
internal_value=0 0.356769 -0.609854 0.0603834 0.476613 -0.726231 -0.536589 0.252409 0.135528
internal_count=68822 12863 55959 9327 3536 49790 20310 3891 3385
shrinkage=0.05


Tree=29
num_leaves=10
num_cat=0
split_feature=6 2 6 8 2 6 3 6 0
split_gain=265.37 26.2976 25.2761 12.703 12.3992 10.2869 9.47185 9.90137 11.058
threshold=5.6500000000000012 24.950000000000003 6.0500000000000007 1.0000000180025095e-35 28.550000000000004 7.0500000000000007 100.83333333333336 4.7500000000000009 53.500000000000007
decision_type=10 10 10 2 8 10 10 10 2
left_child=1 -1 4 6 -2 -4 7 8 -3
right_child=2 3 5 -5 -6 -7 -8 -9 -10
leaf_value=-0.038728544397566671 -0.0040179629070482359 -0.012343797702590078 0.01821480853108649 0.025008825802015456 0.022256907828826281 0.03326854755036366 0.037151423108746078 -0.031636509867595586 0.059596083943808692
leaf_count=42382 8057 3811 2895 1072 1270 641 325 8073 296
internal_value=0 -0.597562 0.336795 -0.290964 0.0570953 0.449297 -0.378603 -0.428653 -0.116761
internal_count=68822 55959 12863 13577 9327 3536 12505 12180 4107
shrinkage=0.05


Tree=30
num_leaves=10
num_cat=0
split_feature=2 0 9 4 0 2 5 5 0
split_gain=78.8726 34.1903 23.4509 19.0124 15.8249 13.9688 10.9977 9.26244 9.09006
threshold=24.050000000000004 42.500000000000007 1.0000000180025095e-35 131.83333333333334 55.500000000000007 38.250000000000007 4.4246212121212123 2.9191368788142982 41.500000000000007
decision_type=8 2 2 10 2 8 10 10 2
left_child=1 -1 3 6 -3 8 -2 -5 -4
right_child=2 4 5 7 -6 -7 -8 -9 -10
leaf_value=-0.038158340418661368 -0.005080568893677008 -0.014464579869790915 0.055669887486712123 0.0063638274629168176 0.01069624475953139 0.090057678582056003 0.036910689849472364 0.024780334923102817 0.017610853861583297
leaf_count=17484 14693 21372 447 5246 3524 124 322 2475 3135
internal_value=0 -0.33839 0.174693 0.0880109 -0.168896 0.51076 -0.0639464 0.282595 0.44149
internal_count=68822 42380 26442 22736 24896 3706 15015 7721 3582
shrinkage=0.05


Tree=31
num_leaves=10
num_cat=0
split_feature=6 2 6 8 2 6 0 4 2
split_gain=238.117 24.7484 22.2274 10.9656 10.2992 9.66628 9.19891 8.52974 8.32832
threshold=5.6500000000000012 24.950000000000003 6.0500000000000007 1.0000000180025095e-35 24.850000000000005 7.1500000000000012 54.500000000000007 137.83333333333334 35.550000000000004
decision_type=10 10 10 2 8 10 2 10 10
left_child=1 -1 4 6 -2 -4 8 -8 -3
right_child=2 3 5 -5 -6 -7 7 -9 -10
leaf_value=-0.038028101971179271 -0.010793116814569882 -0.024775093103166394 0.017142867329293383 0.021575225641402296 0.010816586249557334 0.0322372791358356 -0.0091214623870074021 0.070296919316430326 0.027979242614261702
leaf_count=42382 5436 11387 2964 1072 3891 572 646 284 188
internal_value=0 -0.581182 0.313541 -0.285175 0.051622 0.418454 -0.369404 0.413683 -0.441041
internal_count=68822 55959 12863 13577 9327 3536 12505 930 11575
shrinkage=0.05


Tree=32
num_leaves=10
num_cat=0
split_feature=6 2 6 2 4 5 5 8 6
split_gain=218.929 24.2811 19.9517 10.7743 11.991 10.7928 11.3291 10.0325 9.83551
threshold=5.6500000000000012 24.950000000000003 6.3500000000000005 28.450000000000003 148.16666666666671 2.3576759061833692 1.7029138513513515 1.0000000180025095e-35 5.8500000000000005
decision_type=10 10 10 8 10 10 8 2 10
left_child=1 -1 3 4 8 6 -5 -3 -2
right_child=2 7 -4 5 -6 -7 -8 -9 -10
leaf_value=-0.0375457312536909 -0.016431416522176265 -0.017867485373107627 0.022985363507644428 -0.0090783344161789008 0.037830192185594039 0.0095297948881565217 0.054742578185532347 0.020142867212513019 0.0048771409657047725
leaf_count=42382 5307 12505 1742 137 456 1192 407 1072 3622
internal_value=0 -0.568605 0.296345 0.145774 0.0398937 0.385568 0.817353 -0.274648 -0.0165856
internal_count=68822 55959 12863 11121 9385 1736 544 13577 8929
shrinkage=0.05


Tree=33
num_leaves=10
num_cat=0
split_feature=6 2 6 6 4 4 4 6 2
split_gain=201.33 23.7911 18.1953 11.4328 10.832 9.30372 8.79844 7.71745 12.3921
threshold=5.6500000000000012 26.950000000000003 6.5500000000000007 5.5500000000000007 135.83333333333334 134.83333333333334 110.50000000000001 5.8500000000000005 27.450000000000003
decision_type=10 10 10 8 10 10 10 10 8
left_child=1 3 5 -1 -5 7 -4 8 -2
right_child=2 -3 6 4 -6 -7 -8 -9 -10
leaf_value=-0.042102478437313483 -0.02406097030172066 -0.0061531799339264483 0.054380959072664214 -0.028889638700539028 0.0088884693358068523 0.017277651599534344 0.02128913450796021 0.0072833075675389873 0.021326178224100448
leaf_count=29480 4177 6169 91 17817 2493 3033 1155 3709 698
internal_value=0 -0.555976 0.280242 -0.680074 -0.468528 0.166217 0.476246 0.0659127 -0.222812
internal_count=68822 55959 12863 49790 20310 11617 1246 8584 4875
shrinkage=0.05


Tree=34
num_leaves=10
num_cat=0
split_feature=6 2 6 5 2 3 9 5 6
split_gain=185.178 23.5268 16.5541 9.59179 9.61715 8.36902 8.69924 10.0738 12.0117
threshold=5.6500000000000012 24.950000000000003 6.4500000000000011 3.8393548387096779 31.350000000000005 92.833333333333357 1.5000000000000002 2.8759615384615387 5.7500000000000009
decision_type=10 10 10 10 10 10 2 8 10
left_child=1 -1 5 4 -3 6 7 8 -2
right_child=2 3 -4 -5 -6 -7 -8 -9 -10
leaf_value=-0.03658128052863354 -0.036275242695445908 -0.021942535329446244 0.021744569081464837 0.020583484053226995 0.013241623595826613 0.024057652575331288 0.037061578874420444 0.013427778076586509 0.00058424703518524153
leaf_count=42382 2482 11730 1437 957 890 973 260 3045 4666
internal_value=0 -0.543354 0.265105 -0.252173 -0.335274 0.145936 0.0940846 0.061947 -0.059245
internal_count=68822 55959 12863 13577 12620 11426 10453 10193 7148
shrinkage=0.05


Tree=35
num_leaves=10
num_cat=0
split_feature=6 2 6 6 2 9 6 4 5
split_gain=170.266 23.0099 15.5748 12.1574 10.873 7.78624 7.75315 10.063 10.7448
threshold=5.6500000000000012 24.550000000000004 7.0500000000000007 5.4500000000000011 32.95000000000001 1.5000000000000002 5.9500000000000011 147.25000000000003 2.848155467720686
decision_type=10 10 10 8 8 2 10 10 10
left_child=1 -1 4 -3 5 6 7 8 -2
right_child=2 3 -4 -5 -6 -7 -8 -9 -10
leaf_value=-0.03672923528494073 -0.018050067069517374 -0.030443344423415782 0.026533274358024512 -0.0034411564595913124 0.029303650945866008 0.033721028711064145 0.0094040298647124661 0.034817963622607938 0.010269632263942972
leaf_count=40201 5171 6938 641 8820 523 312 3690 434 2092
internal_value=0 -0.530674 0.250843 -0.260505 0.182925 0.142062 0.117649 -0.0718565 -0.153961
internal_count=68822 55959 12863 15758 12222 11699 11387 7697 7263
shrinkage=0.05


Tree=36
num_leaves=10
num_cat=0
split_feature=6 2 6 6 2 5 0 8 2
split_gain=156.609 22.6721 14.1793 12.7354 9.61967 8.59356 8.20362 7.17196 7.18894
threshold=5.6500000000000012 23.650000000000002 7.0500000000000007 5.4500000000000011 32.95000000000001 3.7564271588661837 56.500000000000007 1.0000000180025095e-35 32.350000000000001
decision_type=10 10 10 8 8 10 2 2 10
left_child=1 6 4 -3 -2 7 -1 8 -5
right_child=2 3 -4 5 -6 -7 -8 -9 -10
leaf_value=-0.040806635709700168 0.0067265579981185724 -0.030605634802617188 0.02524325552809913 -0.018392188988884724 0.027477178120258423 0.028107898680742111 0.00064265687134991195 0.023959705238931709 0.024216645836971005
leaf_count=32719 11699 9630 641 9758 523 887 1761 882 322
internal_value=0 -0.517986 0.237587 -0.289941 0.173075 -0.104298 -0.762605 -0.197221 -0.283223
internal_count=68822 55959 12863 21479 12222 11849 34480 10962 10080
shrinkage=0.05


Tree=37
num_leaves=10
num_cat=0
split_feature=6 6 0 6 9 5 5 0 4
split_gain=143.974 21.1395 16.931 13.5345 13.3848 9.95189 9.07854 8.79671 8.55692
threshold=5.6500000000000012 5.5500000000000007 56.500000000000007 6.0500000000000007 1.0000000180025095e-35 2.6605458221024265 2.1804417122040078 42.500000000000007 163.33333333333334
decision_type=10 8 2 10 2 10 10 2 10
left_child=1 8 4 -2 6 -4 -3 -6 -1
right_child=3 2 5 -5 7 -7 -8 -9 -10
leaf_value=-0.037519321941467204 0.0011421625241813402 -0.034393229720159312 0.0085801740982405315 0.015278701471604756 0.072558215145931845 0.101452959759392 -0.01017832232295982 0.00110357375210622 0.039717792297966376
leaf_count=32566 9327 11910 874 3536 301 282 8303 1431 292
internal_value=0 -0.50531 -0.263007 0.224883 -0.341079 0.847338 -0.445571 0.361681 -0.725336
internal_count=68822 55959 23101 12863 21945 1156 20213 1732 32858
shrinkage=0.05


Tree=38
num_leaves=10
num_cat=0
split_feature=6 2 6 5 6 0 9 2 0
split_gain=132.199 22.3104 12.6418 11.7923 9.77439 9.42917 8.51979 10.1414 8.35719
threshold=5.6500000000000012 23.650000000000002 7.0500000000000007 3.7564271588661837 5.5500000000000007 56.500000000000007 1.0000000180025095e-35 38.150000000000013 52.500000000000007
decision_type=10 10 10 8 8 2 2 8 2
left_child=1 8 6 4 -3 -6 -2 -8 -1
right_child=2 3 -4 -5 5 -7 7 -9 -10
leaf_value=-0.041892257342335266 0.0046276832538240326 -0.030102537045014865 0.023286525690822808 0.016601053012390784 -0.010994989087482983 0.049433145224155657 0.015049421445094496 0.074786702392942286 -0.012199903584749372
leaf_count=29856 10328 11335 641 2019 7696 429 1842 52 4624
internal_value=0 -0.492426 0.21279 -0.264305 -0.359015 -0.132295 0.152519 0.363862 -0.745282
internal_count=68822 55959 12863 21479 19460 8125 12222 1894 34480
shrinkage=0.05


Tree=39
num_leaves=10
num_cat=0
split_feature=6 2 6 6 0 6 9 0 0
split_gain=121.522 21.7499 11.9666 11.2142 8.27773 9.70893 7.32936 7.20751 16.4969
threshold=5.6500000000000012 23.650000000000002 6.3500000000000005 5.4500000000000011 52.500000000000007 4.7500000000000009 1.5000000000000002 47.500000000000007 51.500000000000007
decision_type=10 10 10 8 2 10 2 2 2
left_child=1 4 6 -3 -1 -6 -2 -4 -9
right_child=2 3 7 -5 5 -7 -8 8 -10
leaf_value=-0.04152958483803313 0.0028534261921103685 -0.028712206113939116 0.024698799703094545 -0.0040938058593841904 0.028961016030822209 -0.031002415696245907 0.031366393222045097 -0.0078595852127859543 0.020026029729906053
leaf_count=29856 10812 9630 683 11849 1379 3245 309 350 709
internal_value=0 -0.479765 0.201607 -0.2545 -0.735416 -0.234993 0.0879904 0.3278 0.216652
internal_count=68822 55959 12863 21479 34480 4624 11121 1742 1059
shrinkage=0.05


Tree=40
num_leaves=10
num_cat=0
split_feature=6 2 6 5 2 0 6 4 6
split_gain=111.699 21.1619 11.0775 10.8554 9.8937 8.63526 8.53647 8.38 13.4356
threshold=5.6500000000000012 23.650000000000002 6.1500000000000012 3.7564271588661837 30.250000000000004 52.500000000000007 5.5500000000000007 137.83333333333334 5.5500000000000007
decision_type=10 10 10 8 10 2 8 10 8
left_child=1 7 -2 4 6 -6 -3 -1 -9
right_child=2 3 -4 -5 5 -7 -8 8 -10
leaf_value=-0.039704336322081576 0.0021142433877192422 -0.034744398100167363 0.013995658268054604 0.016191679714945603 -0.00066712464511325476 0.080012769345204501 -0.010282193106300932 -0.03592989275858418 0.054899888971367619
leaf_count=31672 10150 10570 2713 2019 1266 117 7507 1874 934
internal_value=0 -0.467184 0.191069 -0.245061 -0.338781 0.19514 -0.444632 -0.725341 -0.0140371
internal_count=68822 55959 12863 21479 19460 1383 18077 34480 2808
shrinkage=0.05


Tree=41
num_leaves=10
num_cat=0
split_feature=2 9 4 0 0 5 2 5 4
split_gain=34.3931 19.2205 17.7337 13.2446 11.7672 15.4509 10.6384 8.43986 7.56474
threshold=21.850000000000005 1.0000000180025095e-35 131.83333333333334 54.500000000000007 35.500000000000007 4.4246212121212123 38.45000000000001 2.9191368788142982 159.25000000000003
decision_type=8 2 10 2 2 8 8 10 10
left_child=3 2 4 -1 -2 -6 -3 8 -4
right_child=1 6 7 -5 5 -7 -8 -9 -10
leaf_value=-0.027507145579702404 -0.034982640311437448 0.014425748706623779 -0.00076865425782301653 0.0057659047706019092 -0.0062267941818615188 0.03973632812074826 0.071896706563325155 0.018179574319371516 0.035270841940495262
leaf_count=20992 3813 5052 8098 2090 24623 565 121 3098 370
internal_value=0 0.0602559 -0.00708578 -0.412327 -0.12872 -0.0863721 0.338998 0.169293 0.0403252
internal_count=68822 45740 40567 23082 29001 25188 5173 11566 8468
shrinkage=0.05


Tree=42
num_leaves=10
num_cat=0
split_feature=6 2 6 6 0 6 4 3 2
split_gain=99.9898 19.9831 10.7539 10.1076 8.36219 9.12387 8.06183 9.88852 7.33435
threshold=5.6500000000000012 23.650000000000002 7.0500000000000007 5.4500000000000011 52.500000000000007 4.7500000000000009 136.83333333333334 69.250000000000014 32.95000000000001
decision_type=10 10 10 8 2 10 10 8 8
left_child=1 4 8 -3 -1 6 7 -6 -2
right_child=2 3 -4 -5 5 -7 -8 -9 -10
leaf_value=-0.040630510919288793 0.0045165957883953889 -0.02749535212267722 0.020637122396774569 -0.0036715647263561415 0.08618707477137677 -0.029687552683454493 0.10557569438183563 -0.028686134468795862 0.022343775598007532
leaf_count=29856 11699 9630 641 11849 245 3245 199 935 523
internal_value=0 -0.450568 0.178511 -0.235667 -0.710289 -0.199113 0.581273 0.0515119 0.123713
internal_count=68822 55959 12863 21479 34480 4624 1379 1180 12222
shrinkage=0.05


Tree=43
num_leaves=10
num_cat=0
split_feature=6 6 0 9 2 6 2 3 0
split_gain=91.7655 19.477 13.4671 11.407 10.0122 9.9247 8.5497 8.25048 8.32085
threshold=5.6500000000000012 5.5500000000000007 56.500000000000007 1.0000000180025095e-35 26.450000000000003 6.5500000000000007 21.850000000000005 72.833333333333357 47.500000000000007
decision_type=10 8 2 2 10 10 10 10 2
left_child=1 4 3 6 -1 -2 -3 8 -7
right_child=5 2 -4 -5 -6 7 -8 -9 -10
leaf_value=-0.040258299402992873 0.0044059463298045691 -0.040452291764815587 0.038040624908826183 0.018296644816642449 -0.011834599201945782 0.05797325354738378 -0.011994667466033339 0.011828308773535197 0.016921353830513932
leaf_count=28695 11617 7664 1156 1732 4163 85 12549 1026 135
internal_value=0 -0.43794 -0.201426 -0.279097 -0.672793 0.169214 -0.385059 0.314642 0.671616
internal_count=68822 55959 23101 21945 32858 12863 20213 1246 220
shrinkage=0.05


Tree=44
num_leaves=10
num_cat=0
split_feature=2 9 5 0 3 0 3 5 0
split_gain=29.2074 18.7105 17.8784 19.9397 10.6214 9.20096 7.98544 7.66601 7.17539
threshold=20.850000000000005 1.0000000180025095e-35 2.9052111410601982 56.500000000000007 89.833333333333357 41.500000000000007 70.833333333333357 3.0412414965986398 35.500000000000007
decision_type=8 2 10 2 10 2 10 8 2
left_child=-1 2 3 4 8 6 -3 -8 -2
right_child=1 5 -4 -5 -6 -7 7 -9 -10
leaf_value=-0.025994722747531847 -0.03711742747054974 0.12176178546516957 0.0080483497867124328 0.014785194546940234 0.008147009382115579 0.011741773941321729 0.0010247692637391753 0.06316248112124595 -0.011863684046164493
leaf_count=15016 4634 116 11104 2582 2708 4945 334 190 27193
internal_value=0 0.0384986 -0.0249399 -0.133701 -0.216693 0.309236 0.921322 0.635971 -0.276225
internal_count=68822 53806 48221 37117 34535 5585 640 524 31827
shrinkage=0.05


Tree=45
num_leaves=10
num_cat=0
split_feature=6 6 5 9 2 4 2 6 0
split_gain=83.4913 24.4014 13.1816 10.0978 9.74117 6.87197 7.18769 6.01248 5.38347
threshold=5.5500000000000007 5.9500000000000011 2.765165441176471 1.0000000180025095e-35 26.450000000000003 139.83333333333334 34.650000000000013 7.2500000000000009 56.500000000000007
decision_type=8 10 10 2 10 10 10 10 2
left_child=4 2 3 5 -1 6 -2 -3 -4
right_child=1 7 8 -5 -6 -7 -8 -9 -10
leaf_value=-0.039729382005243535 -0.023035748674878304 0.0082652006464737169 0.0038029988713671318 0.0098465591615946868 -0.011415075245197675 0.0064378158739168663 0.051656363522740202 0.020379003734617717 0.039662477266454742
leaf_count=28695 20009 4208 7034 2086 4163 1564 49 516 498
internal_value=0 0.0990129 -0.112382 -0.259132 -0.658663 -0.356751 -0.432282 0.212083 0.139196
internal_count=68822 35964 31240 23708 32858 21622 20058 4724 7532
shrinkage=0.05


Tree=46
num_leaves=10
num_cat=0
split_feature=6 6 2 2 9 0 5 4 2
split_gain=77.7331 21.9624 12.656 9.66761 8.89697 8.76861 12.5808 8.25949 7.44418
threshold=5.5500000000000007 5.9500000000000011 21.050000000000004 25.350000000000005 1.0000000180025095e-35 56.500000000000007 2.97700845665962 166.33333333333334 37.45000000000001
decision_type=8 10 8 10 2 2 10 8 10
left_child=3 2 -2 -1 5 8 -7 -5 -4
right_child=1 -3 4 7 -6 6 -8 -9 -10
leaf_value=-0.041034750468266379 -0.031756134724665035 0.01004877538602237 -0.010689557287418343 -0.018642927320742735 0.014954037624617098 0.00057253188373659967 0.079477851374171862 0.077909911769328988 0.045568619153303069
leaf_count=26398 7107 4724 19881 6377 2767 1142 263 83 80
internal_value=0 0.0941433 -0.107283 -0.647142 -0.0394202 -0.122581 0.428314 -0.299379 -0.184832
internal_count=68822 35964 31240 32858 24133 21366 1405 6460 19961
shrinkage=0.05


Tree=47
num_leaves=10
num_cat=0
split_feature=6 6 2 2 4 4 5 2 4
split_gain=72.2841 19.7432 11.9211 9.57899 8.61538 7.5496 7.32556 7.13035 7.90953
threshold=5.5500000000000007 5.9500000000000011 21.050000000000004 25.350000000000005 148.16666666666671 166.33333333333334 2.7403703703703708 34.150000000000013 126.25000000000001
decision_type=8 10 8 10 10 8 10 10 10
left_child=3 2 -2 -1 6 -5 7 -4 -9
right_child=1 -3 4 5 -6 -7 -8 8 -10
leaf_value=-0.040648809265431129 -0.031167419407109421 0.0095121369370227919 -0.01309279486471045 -0.018056951990656846 0.024849226314655339 0.072403585743189267 0.0050523062736301414 0.11159267299994254 -0.0023583366071990219
leaf_count=26398 7107 4724 16158 6377 894 83 6980 29 72
internal_value=0 0.0894346 -0.102378 -0.63533 -0.0372545 -0.288059 -0.0883512 -0.222501 0.819935
internal_count=68822 35964 31240 32858 24133 6460 23239 16259 101
shrinkage=0.05


Tree=48
num_leaves=10
num_cat=0
split_feature=6 6 5 2 4 2 4 5 1
split_gain=67.1943 17.7811 10.4331 10.2571 10.3201 9.47506 8.28478 8.14793 7.65347
threshold=5.5500000000000007 5.8500000000000005 2.7403703703703708 28.250000000000004 137.83333333333334 25.350000000000005 126.25000000000001 2.3391343825665865 1.5000000000000002
decision_type=8 10 10 10 10 10 10 8 2
left_child=5 2 3 4 -2 -1 7 8 -5
right_child=1 -3 -4 6 -6 -7 -8 -9 -10
leaf_value=-0.040251549981660743 -0.025537580073746669 0.0082583452084309342 0.0059621963045808496 0.10313436747953371 0.011708021242793548 -0.013851332858992255 -0.0059238373233051582 -0.0091184265781760303 -0.025734864565099821
leaf_count=26398 18974 6532 7124 229 2064 6460 802 184 55
internal_value=0 0.0849769 -0.132059 -0.282074 -0.396705 -0.62338 0.230434 0.956392 1.60819
internal_count=68822 35964 29432 22308 21038 32858 1270 468 284
shrinkage=0.05


Tree=49
num_leaves=10
num_cat=0
split_feature=6 6 2 2 9 4 0 5 2
split_gain=62.4733 16.2471 10.8601 9.34356 7.81019 7.93859 7.80256 11.1197 6.99662
threshold=5.5500000000000007 5.9500000000000011 21.050000000000004 26.450000000000003 1.0000000180025095e-35 169.33333333333334 56.500000000000007 2.97700845665962 28.650000000000002
decision_type=8 10 8 10 2 10 2 10 10
left_child=3 2 -2 -1 5 6 -4 -8 -9
right_child=1 -3 4 -5 -6 -7 7 8 -10
leaf_value=-0.037998787780946869 -0.030236794350822122 0.00856832786383902 -0.0096151896778854801 -0.0092215501761221362 0.014047607065170954 0.072826057777604064 -0.00097451593833665438 0.092523029606639412 -0.027061458557825768
leaf_count=28695 7107 4724 19918 4163 2767 53 1133 239 23
internal_value=0 0.0806601 -0.0945837 -0.611439 -0.0334556 -0.112593 -0.132301 0.38645 1.43439
internal_count=68822 35964 31240 32858 24133 21366 21313 1395 262
shrinkage=0.05


end of trees

feature importances:
H25_a1c=154
H25_bmi=116
H25_age=47
H25_lhrate=43
H25_sbp=33
H25_is_medicine=30
H25_dbp=21
H25_dl=5
H25_sex=1

parameters:
[boosting: gbdt]
[objective: binary]
[metric: binary]
[tree_learner: serial]
[device_type: cpu]
[data: ]
[valid: ]
[num_iterations: 100]
[learning_rate: 0.05]
[num_leaves: 10]
[num_threads: 0]
[max_depth: -1]
[min_data_in_leaf: 20]
[min_sum_hessian_in_leaf: 1]
[bagging_fraction: 0.4]
[bagging_freq: 0]
[bagging_seed: 3]
[feature_fraction: 0.9]
[feature_fraction_seed: 2]
[early_stopping_round: 0]
[max_delta_step: 0]
[lambda_l1: 0]
[lambda_l2: 1]
[min_gain_to_split: 0]
[drop_rate: 0.1]
[max_drop: 50]
[skip_drop: 0.5]
[xgboost_dart_mode: 0]
[uniform_drop: 0]
[drop_seed: 4]
[top_rate: 0.2]
[other_rate: 0.1]
[min_data_per_group: 100]
[max_cat_threshold: 32]
[cat_l2: 10]
[cat_smooth: 10]
[max_cat_to_onehot: 4]
[top_k: 20]
[monotone_constraints: ]
[feature_contri: ]
[forcedsplits_filename: ]
[refit_decay_rate: 0.9]
[verbosity: 0]
[max_bin: 255]
[min_data_in_bin: 3]
[bin_construct_sample_cnt: 200000]
[histogram_pool_size: -1]
[data_random_seed: 1]
[output_model: LightGBM_model.txt]
[snapshot_freq: -1]
[input_model: ]
[output_result: LightGBM_predict_result.txt]
[initscore_filename: ]
[valid_data_initscores: ]
[pre_partition: 0]
[enable_bundle: 1]
[max_conflict_rate: 0]
[is_enable_sparse: 1]
[sparse_threshold: 0.8]
[use_missing: 1]
[zero_as_missing: 0]
[two_round: 0]
[save_binary: 0]
[enable_load_from_binary_file: 1]
[header: 0]
[label_column: ]
[weight_column: ]
[group_column: ]
[ignore_column: ]
[categorical_feature: ]
[predict_raw_score: 0]
[predict_leaf_index: 0]
[predict_contrib: 0]
[num_iteration_predict: -1]
[pred_early_stop: 0]
[pred_early_stop_freq: 10]
[pred_early_stop_margin: 10]
[convert_model_language: ]
[convert_model: gbdt_prediction.cpp]
[num_class: 1]
[is_unbalance: 0]
[scale_pos_weight: 1]
[sigmoid: 1]
[boost_from_average: 1]
[reg_sqrt: 0]
[alpha: 0.9]
[fair_c: 1]
[poisson_max_delta_step: 0.7]
[tweedie_variance_power: 1.5]
[max_position: 20]
[label_gain: ]
[metric_freq: 1]
[is_provide_training_metric: 0]
[eval_at: ]
[num_machines: 1]
[local_listen_port: 12400]
[time_out: 120]
[machine_list_filename: ]
[machines: ]
[gpu_platform_id: -1]
[gpu_device_id: -1]
[gpu_use_dp: 0]

end of parameters

pandas_categorical:[]
