tree
version=v2
num_class=1
num_tree_per_iteration=1
label_index=0
max_feature_idx=9
objective=binary sigmoid:1
feature_names=H25_age H25_sex H25_bmi H25_dbp H25_sbp H25_lhrate H25_a1c H25_ht H25_dl H25_is_medicine
feature_infos=[18:74] [1:2] [2.7999999999999998:65.599999999999994] [31:145] [71:228] [0.27205882352941169:8.8461538461538485] [2.7999999999999998:14.800000000000001] [0:1] [0:1] [0:2]
tree_sizes=867 873 879 877 878 889 892 882 886 886 888 899 890 906 886 890 894 890 893 890 893 892 892 890 891 894 889 897 901 894 908 893 898 895 906 898 897 902 900 895 897 912 900 896 908 899 902 903 902 895

Tree=0
num_leaves=10
num_cat=0
split_feature=6 6 6 2 6 2 2 2 2
split_gain=18621.9 1672.71 796.84 345.427 220.299 100.903 87.9715 86.8127 68.0374
threshold=6.3500000000000005 6.0500000000000007 6.5500000000000007 27.350000000000005 5.8500000000000005 25.150000000000002 26.950000000000003 20.550000000000004 20.550000000000004
decision_type=10 10 10 10 10 8 10 8 8
left_child=1 4 7 8 6 -6 -1 -2 -3
right_child=2 3 -4 -5 5 -7 -8 -9 -10
leaf_value=-3.7960934661331041 -3.6543919161911846 -3.7362892654456892 -2.4791871892521433 -3.2341893806508644 -3.7482561334347184 -3.6261910456181585 -3.7544199154252973 -3.0600248848348821 -3.5317458324814268
leaf_count=55960 46 225 1125 493 2006 1169 6290 439 1067
internal_value=0 -0.544585 22.1357 5.75506 -0.720264 0.985834 -0.807925 12.9604 3.71642
internal_count=68820 67210 1610 1785 65425 3175 62250 485 1292
shrinkage=1


Tree=1
num_leaves=10
num_cat=0
split_feature=6 6 2 2 1 6 1 2 1
split_gain=7041.7 395.746 122.211 86.5373 75.2537 82.3609 47.0089 45.9352 45.328
threshold=6.1500000000000012 5.8500000000000005 27.550000000000004 26.950000000000003 1.5000000000000002 6.4500000000000011 1.5000000000000002 35.95000000000001 1.5000000000000002
decision_type=10 10 8 10 2 10 2 8 2
left_child=1 3 8 -1 -2 -6 -4 -5 -3
right_child=4 2 6 7 5 -7 -8 -9 -10
leaf_value=-0.044265066387888789 0.37299177965764319 0.064030037140637527 0.20475219686431259 -0.0087109093404616894 0.12807731995001581 0.32722896774726762 0.035150415178449128 0.13281309672878081 -0.013867360953551454
leaf_count=55960 1999 1843 595 6067 349 236 217 223 1331
internal_value=0 -0.65664 1.27241 -0.798546 7.02294 5.03889 3.26751 -0.0558203 0.644229
internal_count=68820 66236 3986 62250 2584 585 812 6290 3174
shrinkage=0.05


Tree=2
num_leaves=10
num_cat=0
split_feature=6 6 6 2 4 2 2 2 3
split_gain=4884.23 200.563 181.683 102.558 62.4365 59.4023 33.7791 33.2853 29.2535
threshold=6.0500000000000007 5.7500000000000009 6.2500000000000009 25.350000000000005 133.83333333333334 26.650000000000002 35.95000000000001 20.850000000000005 90.833333333333357
decision_type=10 10 10 8 10 10 8 10 10
left_child=1 5 4 -3 7 -1 -7 -2 -5
right_child=2 3 -4 8 -6 6 -8 -9 -10
leaf_value=-0.045250504650542908 -0.017777615785288688 -0.010036908369038483 0.25721774786905305 0.061870021114966214 0.22537518977375406 -0.016026993316346615 0.1040153763522616 0.11848317921972923 0.17439322240840383
leaf_count=52912 192 4009 1982 1688 396 6367 202 825 247
internal_value=0 -0.697721 4.59126 0.448272 2.81826 -0.825002 -0.222094 1.97017 1.59107
internal_count=68820 65425 3395 5944 1413 59481 6569 1017 1935
shrinkage=0.05


Tree=3
num_leaves=10
num_cat=0
split_feature=6 6 6 1 1 9 6 5 4
split_gain=3757.5 191.022 99.3154 65.568 54.6003 34.6248 30.0141 27.2459 23.6493
threshold=6.0500000000000007 5.7500000000000009 6.2500000000000009 1.5000000000000002 1.5000000000000002 1.0000000180025095e-35 7.0500000000000007 3.0064102564102568 132.83333333333334
decision_type=10 10 10 2 2 2 10 10 10
left_child=1 7 3 -2 5 -3 8 -1 -4
right_child=2 4 6 -5 -6 -7 -8 -9 -10
leaf_value=-0.043649147784865013 0.14991988024495156 0.02954672253833129 0.15404555124650413 0.024991584775378113 -0.018361165853401938 0.11051778549787426 0.23013498587640374 -0.020341372708231692 0.2100774877335887
leaf_count=52329 963 2893 842 450 2436 615 572 7152 568
internal_value=0 -0.686063 3.60901 2.35875 0.417533 0.908984 3.97029 -0.816221 3.57359
internal_count=68820 65425 3395 1413 5944 3508 1982 59481 1410
shrinkage=0.05


Tree=4
num_leaves=10
num_cat=0
split_feature=6 6 2 6 2 6 2 2 2
split_gain=3064.18 159.533 110.94 79.8581 68.7776 30.2147 75.0019 26.4344 26.2444
threshold=5.9500000000000011 6.1500000000000012 25.450000000000003 5.6500000000000012 30.250000000000004 6.7500000000000009 29.750000000000004 20.250000000000004 21.150000000000002
decision_type=10 10 10 10 8 10 10 8 10
left_child=2 4 -1 -4 8 6 7 -3 -2
right_child=1 5 3 -5 -6 -7 -8 -9 -10
leaf_value=-0.043573617785423104 -0.027465120635011338 0.020566914383299204 -0.021429107229251589 0.046158854130219078 0.19054244270451684 0.17975025064015404 0.21124756015505339 0.12377946850009791 0.061164439953335981
leaf_count=52426 402 151 9501 2260 216 819 330 1284 1431
internal_value=0 2.79625 -0.723364 -0.124591 1.36599 3.16792 2.78186 2.33805 0.913646
internal_count=68820 4633 64187 11761 2049 2584 1765 1435 1833
shrinkage=0.05


Tree=5
num_leaves=10
num_cat=0
split_feature=6 6 2 6 2 6 9 9 6
split_gain=2568.93 112.833 109.168 50.6036 48.3712 38.7271 35.9029 24.1644 32.2547
threshold=5.9500000000000011 6.1500000000000012 26.650000000000002 5.6500000000000012 30.250000000000004 5.7500000000000009 1.0000000180025095e-35 1.0000000180025095e-35 7.1500000000000012
decision_type=10 10 10 10 8 10 2 2 10
left_child=2 4 5 -4 -2 -1 -5 8 -3
right_child=1 7 3 6 -6 -7 -8 -9 -10
leaf_value=-0.044359454411740495 0.041565823040832325 0.11110606431516629 -0.013813401730533538 0.022231703363609162 0.15519248371121874 -0.0081205095014853634 0.13007082521446373 0.16937504943800408 0.15573238282488788
leaf_count=52912 1833 1635 5992 1211 216 3732 340 498 451
internal_value=0 2.39484 -0.712242 0.0437333 1.22114 -0.831587 0.991937 2.68482 2.51429
internal_count=68820 4633 64187 7543 2049 56644 1551 2584 2086
shrinkage=0.05


Tree=6
num_leaves=10
num_cat=0
split_feature=2 0 2 2 9 0 0 1 0
split_gain=678.094 228.315 99.6282 89.5458 51.2591 42.2952 36.7534 35.6641 25.1811
threshold=26.850000000000005 55.500000000000007 30.250000000000004 23.850000000000005 1.0000000180025095e-35 48.500000000000007 45.500000000000007 1.5000000000000002 49.500000000000007
decision_type=10 2 10 8 2 2 2 2 2
left_child=1 3 5 8 -4 -2 -5 -3 -1
right_child=2 7 4 6 -6 -7 -8 -9 -10
leaf_value=-0.0401736461910156 0.022215540238033446 0.053456079297240777 0.079885706923772309 -0.020908488074248797 0.15873619302080377 0.068842527800241221 0.013712069443777739 -0.0029837277613220005 -0.018020359068781501
leaf_count=33026 4051 3816 1926 7479 536 2046 6329 1584 8027
internal_value=0 -0.365873 1.27799 -0.526938 2.02077 0.845752 -0.0678374 0.79001 -0.708472
internal_count=68820 60261 8559 54861 2462 6097 13808 5400 41053
shrinkage=0.05


Tree=7
num_leaves=10
num_cat=0
split_feature=6 2 6 6 4 6 6 2 1
split_gain=2087.22 100.471 79.4028 61.315 36.44 26.0195 23.9016 29.3514 23.4896
threshold=5.9500000000000011 25.450000000000003 6.1500000000000012 5.6500000000000012 132.83333333333334 5.7500000000000009 6.7500000000000009 27.250000000000004 1.5000000000000002
decision_type=10 10 10 10 10 10 10 10 2
left_child=1 5 4 -3 8 -1 7 -4 -2
right_child=2 3 6 -5 -6 -7 -8 -9 -10
leaf_value=-0.045068473617549752 0.050329413263143344 -0.020969486079955173 0.077929798257521832 0.035959072623460722 0.10052216999255321 -0.012688926179581048 0.12794361632902815 0.12304405256972782 -0.022145190043125772
leaf_count=49102 856 9501 1166 2260 597 3324 819 599 596
internal_value=0 -0.696976 2.00568 -0.138116 1.05361 -0.852836 2.23183 1.94324 0.529428
internal_count=68820 64187 4633 11761 2049 52426 2584 1765 1452
shrinkage=0.05


Tree=8
num_leaves=10
num_cat=0
split_feature=6 2 6 6 1 9 6 2 2
split_gain=1811.9 98.5418 63.885 55.6215 46.9615 32.1768 25.9419 23.9432 19.4308
threshold=5.9500000000000011 25.450000000000003 6.2500000000000009 5.5500000000000007 1.5000000000000002 1.0000000180025095e-35 5.7500000000000009 30.250000000000004 34.150000000000013
decision_type=10 10 10 10 2 2 10 8 10
left_child=1 6 4 8 7 -5 -1 -2 -3
right_child=2 3 -4 5 -6 -7 -8 -9 -10
leaf_value=-0.044771447616095902 0.06152389146486105 -0.027008603010135621 0.10206174330025378 0.009552970926015843 0.0036769263821928365 0.083234545990973907 -0.012212864286042825 0.12905528122815185 0.052264807850971054
leaf_count=49102 1507 8225 1982 2624 926 627 3324 218 285
internal_value=0 -0.685496 1.78302 -0.132327 1.15005 0.52853 -0.845185 1.51534 -0.46568
internal_count=68820 64187 4633 11761 2651 3251 52426 1725 8510
shrinkage=0.05


Tree=9
num_leaves=10
num_cat=0
split_feature=6 2 6 6 3 1 3 6 2
split_gain=1586.05 96.5697 54.4741 50.4695 43.3129 33.7064 27.3725 25.839 17.7343
threshold=5.9500000000000011 25.450000000000003 6.3500000000000005 5.5500000000000007 92.833333333333357 1.5000000000000002 91.833333333333357 5.7500000000000009 31.350000000000005
decision_type=10 10 10 10 10 2 10 10 10
left_child=1 7 4 8 5 -2 -5 -1 -3
right_child=2 3 -4 6 -6 -7 -8 -9 -10
leaf_value=-0.0444662997109114 0.060719328836544732 -0.028398868590294793 0.093778939712829149 0.012610962376867003 0.13121373289881169 0.0048664539839045722 0.091806470761233175 -0.011749402420238879 0.02357718267916217
leaf_count=49102 1799 7749 1610 2844 223 1001 407 3324 761
internal_value=0 -0.673856 1.5995 -0.126582 1.12139 0.930387 0.490489 -0.837339 -0.45267
internal_count=68820 64187 4633 11761 3023 2800 3251 52426 8510
shrinkage=0.05


Tree=10
num_leaves=10
num_cat=0
split_feature=6 2 6 6 2 2 6 2 1
split_gain=1398.92 94.5286 46.7339 46.2387 40.8579 27.3097 25.7108 19.3922 17.7276
threshold=5.9500000000000011 25.450000000000003 6.7500000000000009 5.6500000000000012 29.750000000000004 20.250000000000004 5.7500000000000009 31.350000000000005 1.5000000000000002
decision_type=10 10 10 10 8 10 10 10 2
left_child=1 6 4 7 5 -2 -1 -3 -5
right_child=2 3 -4 8 -6 -7 -8 -9 -10
leaf_value=-0.044152695168671069 -0.012983086177570212 -0.025275644970776445 0.093845759600413789 0.043267562333960924 0.09407234272168602 0.053807689866762203 -0.011298597171174228 0.024561147999316756 -0.01611684356659451
leaf_count=49102 428 8604 819 1693 571 2815 3324 897 567
internal_value=0 -0.662068 1.4471 -0.12107 1.19369 0.976344 -0.829293 -0.384817 0.581996
internal_count=68820 64187 4633 11761 3814 3243 52426 9501 2260
shrinkage=0.05


Tree=11
num_leaves=10
num_cat=0
split_feature=2 0 2 0 9 2 9 5 0
split_gain=384.488 142.535 83.5648 45.7977 34.8009 30.2902 29.0002 27.3534 24.0845
threshold=24.950000000000003 51.500000000000007 29.650000000000002 53.500000000000007 1.0000000180025095e-35 20.850000000000005 1.0000000180025095e-35 2.1209508881922678 56.500000000000007
decision_type=10 2 10 2 2 8 2 10 2
left_child=1 7 3 6 -4 -3 -2 -1 -7
right_child=2 5 4 -5 -6 8 -8 -9 -10
leaf_value=-0.040552927770031 0.0020744343840163608 -0.018490729265834144 0.045929127403008863 0.048748436931005168 0.097709534072473223 0.0049824426989826002 0.044398099362211452 -0.019104665369819619 0.041642003488391449
leaf_count=29072 9807 3268 2412 2108 642 4441 1493 12966 2611
internal_value=0 -0.428976 0.618947 0.365488 1.20309 0.227629 0.175567 -0.66613 0.434846
internal_count=68820 52358 16462 13408 3054 10320 11300 42038 7052
shrinkage=0.05


Tree=12
num_leaves=10
num_cat=0
split_feature=6 6 2 6 2 1 6 4 3
split_gain=1202.95 82.1836 69.4974 30.7639 30.0772 29.868 18.2224 17.1154 17.0795
threshold=5.8500000000000005 6.1500000000000012 25.350000000000005 5.5500000000000007 35.95000000000001 1.5000000000000002 6.7500000000000009 149.16666666666671 90.833333333333357
decision_type=10 10 10 8 8 2 10 10 10
left_child=2 5 -1 -4 7 8 -3 -5 -2
right_child=1 6 3 4 -6 -7 -8 -9 -10
leaf_value=-0.042695014577741774 0.031857303496204047 0.060787168839899479 -0.033120346583863321 -0.0055055434973428803 0.11686339380210982 -0.0095039121693840864 0.083849936938611147 0.068328334204544081 0.089517256100592038
leaf_count=50677 2156 1765 5068 6073 134 1548 819 298 282
internal_value=0 1.18554 -0.699335 -0.224245 0.0749134 0.533011 1.42701 -0.0198045 0.818799
internal_count=68820 6570 62250 11573 6505 3986 2584 6371 2438
shrinkage=0.05


Tree=13
num_leaves=10
num_cat=0
split_feature=2 0 2 0 9 9 2 5 5
split_gain=318.259 115.181 72.4943 47.3892 34.649 26.7567 22.5088 21.9629 20.2016
threshold=24.550000000000004 51.500000000000007 29.650000000000002 53.500000000000007 1.0000000180025095e-35 1.0000000180025095e-35 20.850000000000005 2.1209508881922678 3.3047162859248345
decision_type=8 2 10 2 2 2 10 10 10
left_child=1 7 3 4 8 -4 -3 -1 -2
right_child=2 6 5 -5 -6 -7 -8 -9 -10
leaf_value=-0.040480304683349094 -0.0082453038001552986 -0.017572839228624938 0.039363730894411336 0.042438451267259786 0.040918952381690729 0.083071439442036155 0.017989076241947587 -0.019779427989607926 0.023802131056853165
leaf_count=28063 10013 3268 2412 2531 1770 642 6441 11709 1971
internal_value=0 -0.442503 0.497113 0.287138 0.105813 1.03291 0.167972 -0.674062 -0.0316088
internal_count=68820 49481 19339 16285 13754 3054 9709 39772 11984
shrinkage=0.05


Tree=14
num_leaves=10
num_cat=0
split_feature=6 6 2 6 1 2 6 0 3
split_gain=1041.3 67.89 65.0092 28.2262 24.2446 23.6748 17.5795 13.9147 13.7808
threshold=5.8500000000000005 6.1500000000000012 25.350000000000005 5.5500000000000007 1.5000000000000002 35.550000000000004 6.7500000000000009 55.500000000000007 81.833333333333357
decision_type=10 10 10 8 2 8 10 2 10
left_child=2 4 -1 -4 -2 7 -3 -5 -6
right_child=1 6 3 5 8 -7 -8 -9 -10
leaf_value=-0.042118458922747112 0.036177778299949823 0.053796984701567511 -0.032811950103596929 -0.0071881262599802964 -0.024959556026684954 0.092815139615722034 0.075776134195683797 0.046667216515054288 0.042129481655926469
leaf_count=50677 2438 1765 5068 5862 1274 152 819 491 274
internal_value=0 1.06175 -0.683887 -0.229819 0.477633 0.0505691 1.2755 -0.040703 -0.18229
internal_count=68820 6570 62250 11573 3986 6505 2584 6353 1548
shrinkage=0.05


Tree=15
num_leaves=10
num_cat=0
split_feature=6 2 6 6 1 2 6 9 4
split_gain=937.904 64.0673 58.3972 26.6176 20.9184 20.1662 16.2367 14.6296 14.1716
threshold=5.8500000000000005 25.350000000000005 6.1500000000000012 5.5500000000000007 1.5000000000000002 35.95000000000001 6.7500000000000009 1.5000000000000002 149.16666666666671
decision_type=10 10 10 8 2 10 10 2 10
left_child=1 -1 4 -3 -2 8 7 -4 -5
right_child=2 3 6 5 -6 -7 -8 -9 -10
leaf_value=-0.041732238271619392 0.033293483016971402 -0.032204298789723758 0.045741673265259547 -0.0059900918746319852 -0.0087355014580755633 0.085958939333240322 0.070167543578673622 0.09802406615458277 0.05860550724734144
leaf_count=50677 2438 5068 1675 6073 1548 134 819 90 298
internal_value=0 -0.672302 0.981074 -0.220758 0.444315 0.0486097 1.17578 0.988315 -0.0353086
internal_count=68820 62250 6570 11573 3986 6505 2584 1765 6371
shrinkage=0.05


Tree=16
num_leaves=10
num_cat=0
split_feature=6 2 6 3 6 1 2 8 5
split_gain=847.205 63.0603 51.442 30.6636 25.0845 24.5487 17.2787 15.5092 13.3526
threshold=5.8500000000000005 25.350000000000005 6.3500000000000005 92.833333333333357 5.5500000000000007 1.5000000000000002 35.550000000000004 1.0000000180025095e-35 3.0064102564102568
decision_type=10 10 10 10 8 2 8 2 10
left_child=1 -1 3 5 -3 7 8 -2 -6
right_child=2 4 -4 -5 6 -7 -8 -9 -10
leaf_value=-0.04133556684260091 0.024154870664579678 -0.031590603181482088 0.058667428980530005 0.076901445581867831 -0.012250854687286476 -0.006504274056227422 0.074202351040609196 0.063911947491844492 0.021418883763323817
leaf_count=50677 2439 5068 1610 356 4487 1760 152 405 1866
internal_value=0 -0.66056 0.909747 0.567416 -0.211918 0.439863 0.0468328 0.630534 -0.0366177
internal_count=68820 62250 6570 4960 11573 4604 6505 2844 6353
shrinkage=0.05


Tree=17
num_leaves=10
num_cat=0
split_feature=6 2 6 6 2 2 6 9 5
split_gain=766.777 62.0854 45.9984 24.7441 18.2645 15.6071 15.0905 14.6132 14.7597
threshold=5.8500000000000005 24.950000000000003 6.1500000000000012 5.5500000000000007 21.150000000000002 37.45000000000001 7.1500000000000012 1.0000000180025095e-35 4.0083333333333337
decision_type=10 10 10 8 8 8 10 2 10
left_child=1 -1 4 -3 -2 7 -4 -5 -9
right_child=2 3 6 5 -6 -7 -8 8 -10
leaf_value=-0.041567008190984057 -0.026108809703384417 -0.031628615350730881 0.044683708597637886 -0.010200237202470583 0.025266085201200435 0.083070569527700644 0.066315959601527072 0.016354628182544399 0.13460555816783934
leaf_count=48809 874 5924 2083 6198 3112 89 501 1151 79
internal_value=0 -0.648689 0.845616 -0.233639 0.37898 0.0119878 1.01408 -0.0478882 0.560359
internal_count=68820 62250 6570 13441 3986 7517 2584 7428 1230
shrinkage=0.05


Tree=18
num_leaves=10
num_cat=0
split_feature=6 2 6 3 6 1 0 5 3
split_gain=694.981 61.1185 41.6375 24.6364 23.3968 20.2572 14.922 14.2092 13.8019
threshold=5.8500000000000005 24.950000000000003 6.3500000000000005 92.833333333333357 5.5500000000000007 1.5000000000000002 57.500000000000007 4.0944940476190483 91.833333333333357
decision_type=10 10 10 10 8 2 2 10 10
left_child=1 -1 3 5 -3 -2 7 8 -6
right_child=2 4 -4 -5 6 -7 -8 -9 -10
leaf_value=-0.041168896857733436 0.027002958999396684 -0.031011282620547937 0.051030620055556988 0.066118803094358095 -0.013273542121656618 -0.0071624346071069451 0.060164956215630262 0.056674217467683211 0.033355476489404318
leaf_count=48809 2844 5924 1610 356 6132 1760 358 343 684
internal_value=0 -0.636617 0.78762 0.487014 -0.224197 0.373319 0.0125593 -0.0667805 -0.145716
internal_count=68820 62250 6570 4960 13441 4604 7517 7159 6816
shrinkage=0.05


Tree=19
num_leaves=10
num_cat=0
split_feature=6 6 2 5 3 2 6 3 4
split_gain=635.496 56.5784 48.1884 22.8908 20.5813 17.4213 14.1388 13.8551 12.3054
threshold=5.7500000000000009 6.1500000000000012 24.950000000000003 4.0083333333333337 69.833333333333357 31.350000000000005 6.7500000000000009 100.25000000000001 162.83333333333334
decision_type=10 10 10 10 10 10 10 8 10
left_child=2 4 -1 5 -2 -4 8 -7 -3
right_child=1 6 3 -5 -6 7 -8 -9 -10
leaf_value=-0.042338843162847202 -0.016134406774458553 0.033535938973833376 -0.023619083526434062 0.049291874039772476 0.021051400457942286 0.0070831044557059094 0.054439392622151445 0.12424688320823798 0.088167573219042727
leaf_count=46940 2076 1706 11000 607 4679 882 819 52 59
internal_value=0 0.681027 -0.675354 -0.281997 0.259374 -0.362973 0.883466 0.397827 0.721657
internal_count=68820 9339 59481 12541 6755 11934 2584 934 1765
shrinkage=0.05


Tree=20
num_leaves=10
num_cat=0
split_feature=6 6 2 5 1 2 4 3 6
split_gain=580.023 49.9987 47.6701 20.4521 18.8673 16.2466 14.2378 13.5171 13.2889
threshold=5.7500000000000009 6.1500000000000012 24.950000000000003 4.0083333333333337 1.5000000000000002 31.350000000000005 134.83333333333334 73.833333333333357 7.1500000000000012
decision_type=10 10 10 10 2 10 10 10 10
left_child=2 4 -1 5 6 -4 -2 -6 -3
right_child=1 8 3 -5 7 -7 -8 -9 -10
leaf_value=-0.041969781366827996 0.010455738407297299 0.03594025573975531 -0.022972750575613154 0.044956630972698114 -0.034012175558891265 0.018849720648782875 0.042180468433272042 0.013451702304764501 0.055669131681645528
leaf_count=46940 2993 2083 11000 607 1681 934 1049 1032 501
internal_value=0 0.637843 -0.663701 -0.271353 0.243467 -0.350856 0.420199 -0.2397 0.826413
internal_count=68820 9339 59481 12541 6755 11934 4042 2713 2584
shrinkage=0.05


Tree=21
num_leaves=10
num_cat=0
split_feature=6 2 6 6 1 5 2 6 2
split_gain=529.849 47.0703 44.2111 19.4119 16.7667 16.2628 15.3737 12.8073 12.7554
threshold=5.7500000000000009 24.650000000000002 6.1500000000000012 5.5500000000000007 1.5000000000000002 3.0259784075573548 34.150000000000013 6.7500000000000009 30.550000000000004
decision_type=10 10 10 8 2 10 10 10 8
left_child=1 -1 4 -3 8 6 -5 -4 -2
right_child=2 3 7 5 -6 -7 -8 -9 -10
leaf_value=-0.04206960778236913 0.013398337916953475 -0.031310381253329328 0.031217708103277775 -0.01835610626271398 -0.011546344826520756 0.024243994288972993 0.064536281459011025 0.048384102540279389 0.051558138521149925
leaf_count=45479 3714 6614 1765 5287 2713 1982 119 819 328
internal_value=0 -0.651942 0.598019 -0.280759 0.228814 -0.0349145 -0.265269 0.773824 0.392195
internal_count=68820 59481 9339 14002 6755 7388 5406 2584 4042
shrinkage=0.05


Tree=22
num_leaves=10
num_cat=0
split_feature=6 2 6 1 6 2 5 2 3
split_gain=484.579 46.4475 39.4833 20.5 18.3902 14.7606 14.5624 13.7221 13.0918
threshold=5.7500000000000009 24.650000000000002 6.3500000000000005 1.5000000000000002 5.5500000000000007 30.250000000000004 3.0259784075573548 34.150000000000013 73.833333333333357
decision_type=10 10 10 2 8 8 10 10 10
left_child=1 -1 3 5 -3 -2 7 -6 -5
right_child=2 4 -4 8 6 -7 -8 -9 -10
leaf_value=-0.041694858123977226 0.016576541801066977 -0.030693081405885593 0.039724683800780883 -0.026292378509581049 -0.017764455771131653 0.046805199703309625 0.022534534788786056 0.058842154335522173 0.013586071470947201
leaf_count=45479 4251 6614 1610 1822 5287 482 1982 119 1174
internal_value=0 -0.64006 0.561672 0.314942 -0.270574 0.452862 -0.0329797 -0.255144 -0.124292
internal_count=68820 59481 9339 7729 14002 4733 7388 5406 2996
shrinkage=0.05


Tree=23
num_leaves=10
num_cat=0
split_feature=6 2 6 9 5 3 6 9 3
split_gain=443.371 45.7665 35.9976 17.9761 16.1972 14.6059 11.7547 11.5622 9.02272
threshold=5.7500000000000009 24.650000000000002 6.1500000000000012 1.0000000180025095e-35 3.0064102564102568 69.833333333333357 7.1500000000000012 1.5000000000000002 91.833333333333357
decision_type=10 10 10 2 8 10 10 2 10
left_child=1 -1 5 4 -3 -2 7 -4 -7
right_child=2 3 6 -5 -6 8 -8 -9 -10
leaf_value=-0.041309339158954336 -0.01517059266766378 -0.029668180380739602 0.027005523206265116 0.018381048753455986 0.001813508315877085 0.011348862788024166 0.04759042457285053 0.06660826187246309 0.042002811101436943
leaf_count=45479 2076 8618 1984 1918 3466 4168 501 99 511
internal_value=0 -0.628045 0.527887 -0.260642 -0.388069 0.198285 0.684708 0.5873 0.325791
internal_count=68820 59481 9339 14002 12084 6755 2584 2083 4679
shrinkage=0.05


Tree=24
num_leaves=10
num_cat=0
split_feature=6 2 6 6 1 5 2 4 4
split_gain=406.063 45.0297 32.5925 17.4104 17.332 12.698 12.3889 12.3417 11.4275
threshold=5.7500000000000009 24.650000000000002 6.3500000000000005 5.5500000000000007 1.5000000000000002 4.1867732558139545 30.250000000000004 149.16666666666671 175.25000000000003
decision_type=10 10 10 8 2 10 8 10 8
left_child=1 -1 4 -3 6 7 -2 -5 -6
right_child=2 3 -4 5 8 -7 -8 -9 -10
leaf_value=-0.040912878965655181 0.014461693037880169 -0.029741888106029093 0.035349682452338847 -0.0091184489041929839 -0.0097320478312471256 0.059620399874582279 0.041612025120009097 0.052890470559988571 0.096340219251527248
leaf_count=45479 4251 6614 1610 6818 2976 269 482 301 20
internal_value=0 -0.615889 0.49687 -0.25102 0.275757 -0.0206863 0.399398 -0.0987875 -0.128776
internal_count=68820 59481 9339 14002 7729 7388 4733 7119 2996
shrinkage=0.05


Tree=25
num_leaves=10
num_cat=0
split_feature=6 9 6 5 6 6 9 6 3
split_gain=372.026 31.013 30.1639 25.853 14.0806 13.2131 13.8989 11.5503 10.8468
threshold=5.7500000000000009 1.0000000180025095e-35 6.0500000000000007 2.8991525423728817 5.5500000000000007 6.7500000000000009 1.5000000000000002 5.5500000000000007 69.833333333333357
decision_type=10 2 10 10 8 10 2 8 10
left_child=1 3 8 -1 -3 6 -4 -5 -2
right_child=2 4 5 7 -6 -7 -8 -9 -10
leaf_value=-0.039125896326264203 -0.018423230783555365 -0.026701217535622702 0.020277089890736677 -0.03086690954756487 0.022925959693895923 0.039398107792744226 0.06209752263247971 0.0039583900698120476 0.011772254149042123
leaf_count=47611 1880 1987 2453 3591 2394 819 123 3898 4064
internal_value=0 -0.603584 0.468112 -0.679273 0.0844333 0.585573 0.460658 -0.208827 0.106568
internal_count=68820 59481 9339 55100 4381 3395 2576 7489 5944
shrinkage=0.05


Tree=26
num_leaves=10
num_cat=0
split_feature=6 2 6 6 6 9 2 5 0
split_gain=341.034 44.6297 26.9014 15.9077 12.2573 12.1581 10.9158 10.8724 10.7503
threshold=5.7500000000000009 24.650000000000002 6.0500000000000007 5.5500000000000007 6.7500000000000009 1.5000000000000002 23.050000000000004 2.5371752349364294 53.500000000000007
decision_type=10 10 10 8 10 2 8 10 2
left_child=1 -1 6 -3 5 -4 -2 -5 -7
right_child=2 3 4 7 -6 8 -8 -9 -10
leaf_value=-0.040148340645565078 -0.014635777625686314 -0.028346023260161026 0.019049635126660813 -0.015525602597739413 0.037332667147685149 0.091088046331282618 0.012835443314202192 0.013237205663529037 0.018886574957686642
leaf_count=45479 2649 6614 2453 3910 819 61 3295 3478 62
internal_value=0 -0.591211 0.441421 -0.224633 0.551727 0.432553 0.100644 -0.00614026 1.15447
internal_count=68820 59481 9339 14002 3395 2576 5944 7388 123
shrinkage=0.05


Tree=27
num_leaves=10
num_cat=0
split_feature=6 6 2 2 6 6 2 4 9
split_gain=313.523 33.9981 31.278 19.0111 11.8193 11.3584 11.0322 10.5083 9.65221
threshold=5.6500000000000012 6.0500000000000007 26.950000000000003 25.150000000000002 5.5500000000000007 6.7500000000000009 20.250000000000004 135.83333333333334 1.5000000000000002
decision_type=10 10 10 8 8 10 8 10 2
left_child=2 3 4 -2 -1 6 -3 -6 -8
right_child=1 5 -4 -5 7 -7 8 -9 -10
leaf_value=-0.044358325270596549 -0.012940820582053128 -0.020355455386117251 -0.0051190444089678567 0.016243278561797241 -0.031739115793656472 0.035406159258083082 0.019865962394693695 0.0037094565696205099 0.054168723084925756
leaf_count=29789 6682 242 5293 3029 18197 819 2212 2435 122
internal_value=0 0.386021 -0.622627 0.0564539 -0.739751 0.520405 0.406702 -0.541027 0.445669
internal_count=68820 13106 55714 9711 50421 3395 2576 20632 2334
shrinkage=0.05


Tree=28
num_leaves=10
num_cat=0
split_feature=6 2 6 9 3 5 2 5 6
split_gain=288.411 30.8912 30.374 17.7693 14.1471 15.7836 13.0113 15.2053 10.829
threshold=5.6500000000000012 23.650000000000002 6.0500000000000007 1.0000000180025095e-35 83.833333333333357 2.7456086286594767 31.350000000000005 3.8651247401247408 7.1500000000000012
decision_type=10 10 10 2 10 10 10 10 10
left_child=1 -1 3 4 5 -2 7 -3 -4
right_child=2 6 8 -5 -6 -7 -8 -9 -10
leaf_value=-0.041698619379726132 -0.026299009973135237 -0.024555857479686652 0.020651696225530446 0.029542827745571151 0.016660420316416746 0.011724588471125605 0.01816897473704079 0.027644759864751914 0.037532342082537945
leaf_count=37447 5094 16499 2894 1359 1762 1496 897 871 501
internal_value=0 -0.610463 0.364798 0.0534305 -0.0936173 -0.279792 -0.331125 -0.413963 0.491199
internal_count=68820 55714 13106 9711 8352 6590 18267 17370 3395
shrinkage=0.05


Tree=29
num_leaves=10
num_cat=0
split_feature=6 2 6 2 6 6 2 3 5
split_gain=265.243 30.5094 27.1181 16.0704 12.8053 10.1253 9.77074 8.56558 9.03959
threshold=5.6500000000000012 23.650000000000002 6.0500000000000007 25.150000000000002 5.5500000000000007 6.7500000000000009 20.250000000000004 87.833333333333357 4.4459064327485391
decision_type=10 10 10 8 8 10 8 10 10
left_child=1 -1 3 -2 -3 6 -4 8 -6
right_child=2 4 5 -5 7 -7 -8 -9 -10
leaf_value=-0.041320784844267072 -0.012232408154726067 -0.02934556470013874 -0.020365106625705343 0.014594022683151851 -0.01478877385709329 0.032054795790644228 0.019701228637637992 0.020653802791132797 0.062582360465213024
leaf_count=37447 6682 9492 242 3029 7202 819 2334 1448 125
internal_value=0 -0.598174 0.344691 0.0505602 -0.319894 0.463514 0.358072 -0.100855 -0.235869
internal_count=68820 55714 13106 9711 18267 3395 2576 8775 7327
shrinkage=0.05


Tree=30
num_leaves=10
num_cat=0
split_feature=2 4 0 9 0 5 5 0 8
split_gain=82.5038 39.5876 26.6205 23.3686 29.3564 18.2354 15.0052 12.736 13.9464
threshold=21.850000000000005 131.83333333333334 49.500000000000007 1.0000000180025095e-35 56.500000000000007 2.8991525423728817 2.6434624697336564 55.500000000000007 1.0000000180025095e-35
decision_type=8 10 2 2 2 10 10 2 2
left_child=2 3 -1 4 5 -2 7 8 -3
right_child=1 6 -4 -5 -6 -7 -8 -9 -10
leaf_value=-0.036926323572175825 -0.019633878009681943 -0.0048915330338342488 -0.0042983927297216241 0.020530559847893922 0.022417239710909205 0.0024544797505966546 0.028309961358605876 0.029783473948007684 0.033492764848247487
leaf_count=21803 18847 5633 6867 2608 1655 5443 4179 1154 631
internal_value=0 0.118411 -0.50403 -0.0497293 -0.137534 -0.240444 0.358936 0.177944 0.0368273
internal_count=68820 40150 28670 28553 25945 24290 11597 7418 6264
shrinkage=0.05


Tree=31
num_leaves=10
num_cat=0
split_feature=6 2 6 1 4 6 2 0 4
split_gain=236.579 29.2315 24.3172 18.2674 12.0823 12.0576 11.1015 10.2803 9.94705
threshold=5.6500000000000012 23.650000000000002 6.3500000000000005 1.5000000000000002 170.25000000000003 5.5500000000000007 30.250000000000004 60.500000000000007 148.16666666666671
decision_type=10 10 10 2 10 8 8 2 10
left_child=1 -1 3 6 -5 -3 8 -4 -2
right_child=2 5 7 4 -6 -7 -8 -9 -10
leaf_value=-0.040718586896112137 0.0058881467963202462 -0.028696131678898631 0.022692655986359628 -0.014602890543521627 0.077585387116931179 -0.0049029392463134109 0.032368757102233248 0.053331869926702392 0.043638447662363772
leaf_count=37447 5983 9492 1483 4546 45 8775 615 127 307
internal_value=0 -0.580935 0.319881 0.151713 -0.225404 -0.309436 0.269091 0.505613 0.174717
internal_count=68820 55714 13106 11496 4591 18267 6905 1610 6290
shrinkage=0.05


Tree=32
num_leaves=10
num_cat=0
split_feature=6 2 6 4 5 2 5 6 0
split_gain=217.74 28.7661 22.0376 14.6376 16.9344 11.8449 13.4603 10.1303 9.38376
threshold=5.6500000000000012 23.650000000000002 6.1500000000000012 148.16666666666671 2.9813067784765903 31.350000000000005 3.8651247401247408 5.5500000000000007 34.500000000000007
decision_type=10 10 10 10 10 10 10 8 2
left_child=1 -1 3 4 -2 6 7 -3 -7
right_child=2 5 -4 -5 -6 8 -8 -9 -10
leaf_value=-0.040312375497652458 -0.0076017985493062662 -0.036123767161410643 0.021491893049626981 0.039180883918347412 0.020578376509782861 -0.030872724744040528 0.025691408415054434 -0.011812539544141069 0.036783087814008512
leaf_count=37447 8110 8645 2584 524 1888 251 871 7854 646
internal_value=0 -0.568432 0.302888 0.081142 0.00842829 -0.29871 -0.381781 -0.459451 0.361424
internal_count=68820 55714 13106 10522 9998 18267 17370 16499 897
shrinkage=0.05


Tree=33
num_leaves=10
num_cat=0
split_feature=6 2 6 4 1 2 5 6 3
split_gain=200.281 28.2492 20.5919 16.3592 17.5919 10.8615 12.397 9.83008 8.16986
threshold=5.6500000000000012 23.650000000000002 6.6500000000000012 132.83333333333334 1.5000000000000002 31.350000000000005 3.8651247401247408 5.5500000000000007 99.583333333333357
decision_type=10 10 10 10 2 10 10 8 8
left_child=1 -1 3 4 -2 6 7 -3 -7
right_child=2 5 -4 -5 -6 8 -8 -9 -10
leaf_value=-0.039894805573846351 0.0086152856341346444 -0.035594923272004031 0.02656899128039017 0.019696198719246952 -0.017832758324170011 0.0057133863083432754 0.023916788386199622 -0.011359701749028832 0.092665069739458594
leaf_count=37447 5112 8645 964 3222 3808 841 871 7854 56
internal_value=0 -0.555933 0.286467 0.179222 0.0403651 -0.288334 -0.369895 -0.446855 0.337269
internal_count=68820 55714 13106 12142 8920 18267 17370 16499 897
shrinkage=0.05


Tree=34
num_leaves=10
num_cat=0
split_feature=6 2 6 9 4 1 2 6 8
split_gain=184.162 27.7295 19.0578 14.8998 12.4987 14.3432 10.7469 10.2809 7.49677
threshold=5.6500000000000012 23.650000000000002 6.3500000000000005 1.0000000180025095e-35 170.25000000000003 1.5000000000000002 26.650000000000002 5.5500000000000007 1.0000000180025095e-35
decision_type=10 10 10 2 8 2 8 8 2
left_child=1 -1 3 4 5 -2 -5 -3 -9
right_child=2 7 -4 6 -6 -7 -8 8 -10
leaf_value=-0.039465813402957434 0.0056221547680360895 -0.026799631416665772 0.021771076262196157 0.0028836746001998305 0.082802734616490431 -0.019370779668761003 0.035844142765529982 -0.0089002166251484823 0.028896039462725526
leaf_count=37447 5682 9492 1610 1111 51 4024 628 8010 765
internal_value=0 -0.543278 0.271153 0.123969 0.0157409 -0.00835558 0.453237 -0.277846 -0.0849829
internal_count=68820 55714 13106 11496 9757 9706 1739 18267 8775
shrinkage=0.05


Tree=35
num_leaves=10
num_cat=0
split_feature=6 2 6 2 4 2 5 5 6
split_gain=169.421 27.1658 17.5799 14.6189 11.4892 10.1641 11.5248 8.64845 9.89496
threshold=5.6500000000000012 23.650000000000002 6.6500000000000012 20.250000000000004 148.16666666666671 31.350000000000005 3.6695402298850577 2.6306020066889637 5.8500000000000005
decision_type=10 10 10 8 10 10 8 8 10
left_child=1 -1 3 -2 7 6 -3 8 -5
right_child=2 5 -4 4 -6 -7 -8 -9 -10
leaf_value=-0.039025365056269905 -0.023686363561307554 -0.022581880677938718 0.024184483990916453 -0.018772203459611628 0.031899607846926477 0.016795575867460655 0.013295200933143923 0.015074150108125109 0.0060627726156411467
leaf_count=37447 2066 15595 964 3326 619 897 1775 3370 2761
internal_value=0 -0.530606 0.256946 0.158717 0.200124 -0.26776 -0.349088 0.149367 0.0278678
internal_count=68820 55714 13106 12142 10076 18267 17370 9457 6087
shrinkage=0.05


Tree=36
num_leaves=10
num_cat=0
split_feature=6 2 6 2 2 6 2 9 0
split_gain=155.795 26.5709 16.196 16.4755 10.6525 9.73339 9.01325 8.41003 8.39316
threshold=5.6500000000000012 23.650000000000002 6.7500000000000009 29.250000000000004 20.250000000000004 5.5500000000000007 23.650000000000002 1.0000000180025095e-35 55.500000000000007
decision_type=10 10 10 8 10 8 10 2 2
left_child=1 -1 3 4 -2 -3 -4 -5 -7
right_child=2 5 6 7 -6 8 -8 -9 -10
leaf_value=-0.038573460476504562 -0.023064378515690275 -0.02578376624346362 0.042333886201104572 0.013227541865940773 0.0054332819189494954 -0.0074637633087380351 0.017984691506097338 0.038317941569841689 0.040824501899256564
leaf_count=37447 2075 9492 207 960 8881 8189 612 371 586
internal_value=0 -0.517925 0.243449 0.159334 0.0633888 -0.257907 0.486861 0.449816 -0.0702543
internal_count=68820 55714 13106 12287 10956 18267 819 1331 8775
shrinkage=0.05


Tree=37
num_leaves=10
num_cat=0
split_feature=6 6 5 0 6 9 3 5 6
split_gain=143.265 22.6305 15.9931 18.0034 15.3087 11.3087 9.43472 11.419 7.71942
threshold=5.6500000000000012 5.5500000000000007 2.5371752349364294 53.500000000000007 6.0500000000000007 1.0000000180025095e-35 83.833333333333357 2.7456086286594767 7.1500000000000012
decision_type=10 8 10 2 10 2 10 10 10
left_child=1 -1 -3 -4 5 6 7 -2 -6
right_child=4 2 3 -5 8 -7 -8 -9 -10
leaf_value=-0.036991009070144687 -0.024611985603945129 -0.024128361096970287 -0.0036744747131162549 0.071813883692057032 0.012820573545271866 0.020832596116492127 0.011148460136201308 0.0074093685218504972 0.027012539325172537
leaf_count=32467 5094 17123 5470 654 2894 1359 1762 1496 501
internal_value=0 -0.505199 -0.259498 0.107122 0.230788 0.0132307 -0.107565 -0.266313 0.319126
internal_count=68820 55714 23247 6124 13106 9711 8352 6590 3395
shrinkage=0.05


Tree=38
num_leaves=10
num_cat=0
split_feature=6 2 6 9 2 8 0 6 4
split_gain=131.673 26.1705 13.9261 10.5245 9.51382 11.3351 8.32434 7.93232 9.61784
threshold=5.6500000000000012 23.650000000000002 5.9500000000000011 1.0000000180025095e-35 31.350000000000005 1.0000000180025095e-35 34.500000000000007 7.1500000000000012 126.83333333333336
decision_type=10 10 10 2 10 2 2 10 10
left_child=1 -1 3 -2 5 -3 -6 -4 -9
right_child=2 4 7 -5 6 -7 -8 8 -10
leaf_value=-0.037742091756355914 -0.008348287302865692 -0.020115416648322809 0.011564572537645857 0.021170112302474415 -0.029915600930163162 0.021266256308536707 0.034640801909370529 0.04312784466170122 0.014298498721122283
leaf_count=37447 7336 16072 4132 1137 251 1298 646 194 307
internal_value=0 -0.492431 0.218772 -0.0340703 -0.232482 -0.314573 0.353483 0.287695 0.51514
internal_count=68820 55714 13106 8473 18267 17370 897 4633 501
shrinkage=0.05


Tree=39
num_leaves=10
num_cat=0
split_feature=6 2 1 3 6 5 2 0 2
split_gain=121.044 25.4675 13.2937 12.0608 10.6893 9.53363 13.2616 8.42555 8.30939
threshold=5.6500000000000012 23.650000000000002 1.5000000000000002 73.833333333333357 6.5500000000000007 3.0259784075573548 34.150000000000013 31.500000000000004 34.850000000000001
decision_type=10 10 2 10 10 8 8 2 8
left_child=1 -1 8 4 -4 6 -3 -7 -2
right_child=2 5 3 -5 -6 7 -8 -9 -10
leaf_value=-0.037258639402557026 0.012167869004706934 -0.022710706650183831 -0.028014794963952719 0.0098647356183485316 0.016425079704992449 -0.039874935409530549 0.045261254386593418 0.012025258219469634 0.036652946314530206
leaf_count=37447 7935 13449 2976 1847 70 647 199 3972 278
internal_value=0 -0.479789 0.207442 -0.0489059 -0.349202 -0.223591 -0.377508 0.0956963 0.27217
internal_count=68820 55714 13106 4893 3046 18267 13648 4619 8213
shrinkage=0.05


Tree=40
num_leaves=10
num_cat=0
split_feature=6 2 6 1 3 0 5 2 0
split_gain=111.194 24.7403 12.7191 13.1488 12.0099 9.19647 8.80436 12.0665 7.8386
threshold=5.6500000000000012 23.650000000000002 6.4500000000000011 1.5000000000000002 72.833333333333357 60.500000000000007 3.0259784075573548 34.150000000000013 31.500000000000004
decision_type=10 10 10 2 10 2 8 10 2
left_child=1 -1 3 -2 -5 -4 7 -3 -8
right_child=2 6 5 4 -6 -7 8 -9 -10
leaf_value=-0.036764050445283775 0.0090640923345768742 -0.022077872256810738 0.014990094321454667 -0.029679399180102567 0.0040296342826752086 0.046070651614555591 -0.039457956306863905 0.04172912685836673 0.011302416175773367
leaf_count=37447 7126 13449 1218 2825 1832 105 647 199 3972
internal_value=0 -0.467208 0.196421 0.0945485 -0.215815 0.35231 -0.215009 -0.365514 0.0898548
internal_count=68820 55714 13106 11783 4657 1323 18267 13648 4619
shrinkage=0.05


Tree=41
num_leaves=10
num_cat=0
split_feature=2 9 0 5 3 2 0 4 0
split_gain=44.3045 25.8449 38.7467 21.9094 10.6332 10.2866 10.1964 10.1904 8.82986
threshold=20.850000000000005 1.0000000180025095e-35 56.500000000000007 2.6306020066889637 89.833333333333357 28.350000000000005 52.500000000000007 132.83333333333334 40.500000000000007
decision_type=8 2 2 10 10 8 2 10 2
left_child=6 2 3 4 8 -3 -1 -5 -2
right_child=1 5 -4 7 -6 -7 -8 -9 -10
leaf_value=-0.034892550793349922 -0.032702515593456431 0.0089997525205759345 0.022696153810119052 -0.0032694352599841729 0.0083748962905028004 0.031580447093725809 -0.0034865663258757565 0.015242868794808071 -0.012921810109246815
leaf_count=17633 9189 4144 3220 8834 1742 1083 2730 2945 17300
internal_value=0 0.0599625 -0.0200787 -0.119815 -0.288881 0.374785 -0.541668 0.0714332 -0.353327
internal_count=68820 48457 43230 40010 28231 5227 20363 11779 26489
shrinkage=0.05


Tree=42
num_leaves=10
num_cat=0
split_feature=6 6 5 2 8 2 0 5 2
split_gain=99.7346 30.2104 15.5134 11.3484 9.57133 13.0674 11.4732 16.9544 9.55118
threshold=5.5500000000000007 5.9500000000000011 2.1209508881922678 27.250000000000004 1.0000000180025095e-35 37.45000000000001 55.500000000000007 2.9813067784765903 28.150000000000002
decision_type=8 10 10 10 2 8 2 10 10
left_child=3 2 -2 -1 5 6 -4 -8 -9
right_child=1 -3 4 -5 -6 -7 7 8 -10
leaf_value=-0.040559959219804979 -0.018775623007333816 0.012181897010776833 -0.0094432698923932346 -0.0055642438969969905 0.029071795822970127 0.064214821733024494 -0.0030551603413646964 0.1115603206921546 -0.014356236699828351
leaf_count=30094 17817 4633 11344 2373 1158 143 908 313 37
internal_value=0 0.113013 -0.121922 -0.70193 0.051613 -0.0342669 -0.088371 0.556714 1.69841
internal_count=68820 36353 31720 32467 13903 12745 12602 1258 350
shrinkage=0.05


Tree=43
num_leaves=10
num_cat=0
split_feature=6 6 9 0 5 2 2 5 6
split_gain=93.0062 27.137 19.5227 15.8957 23.6249 11.1247 10.3179 7.81471 7.15246
threshold=5.5500000000000007 5.9500000000000011 1.0000000180025095e-35 56.500000000000007 2.9813067784765903 27.250000000000004 37.45000000000001 2.041960093896714 7.1500000000000012
decision_type=8 10 2 2 10 10 10 8 10
left_child=5 2 3 6 -5 -1 -2 -4 -3
right_child=1 8 7 4 -6 -7 -8 -9 -10
leaf_value=-0.040154673630944507 -0.01718460894350806 0.0089101427454414042 -0.0073059169965594365 -0.0017020642602349871 0.10221585610470761 -0.0053241649073688547 0.04723168251536642 0.0294752190209355 0.022404986066224902
leaf_count=30094 26639 4132 1224 1656 270 2373 78 1853 501
internal_value=0 0.107418 -0.116361 -0.231364 0.455261 -0.691123 -0.312381 0.366765 0.230585
internal_count=68820 36353 31720 28643 1926 32467 26717 3077 4633
shrinkage=0.05


Tree=44
num_leaves=10
num_cat=0
split_feature=2 9 0 5 3 0 4 2 0
split_gain=37.5086 20.637 31.4587 18.7514 9.39325 9.38396 8.76181 8.76127 8.01632
threshold=20.850000000000005 1.0000000180025095e-35 56.500000000000007 2.6306020066889637 89.833333333333357 52.500000000000007 132.83333333333334 28.350000000000005 40.500000000000007
decision_type=8 2 2 10 10 2 10 8 2
left_child=5 2 3 4 8 -1 -5 -3 -2
right_child=1 7 -4 6 -6 -7 -8 -9 -10
leaf_value=-0.03365573594468213 -0.031487050015090411 0.0076813282152781758 0.02021245369699419 -0.0031157700037194431 0.0079462216795359777 -0.0030726609597282908 0.014079239846285641 0.028334504934846939 -0.012127396076137069
leaf_count=17633 9189 4144 3220 8834 1742 2730 2945 1083 17300
internal_value=0 0.0542875 -0.0185865 -0.110623 -0.270462 -0.514205 0.0659647 0.33254 -0.332867
internal_count=68820 48457 43230 40010 28231 20363 11779 5227 26489
shrinkage=0.05


Tree=45
num_leaves=10
num_cat=0
split_feature=6 6 9 0 5 2 2 5 6
split_gain=84.4938 23.327 16.2969 13.4927 19.2036 10.866 9.21369 6.66127 6.6268
threshold=5.5500000000000007 5.9500000000000011 1.0000000180025095e-35 56.500000000000007 2.9813067784765903 26.450000000000003 37.45000000000001 2.041960093896714 7.1500000000000012
decision_type=8 10 2 2 10 10 10 8 10
left_child=5 2 3 6 -5 -1 -2 -4 -3
right_child=1 8 7 4 -6 -7 -8 -9 -10
leaf_value=-0.040512794544586325 -0.016247786016835502 0.0082080417850058911 -0.0074839796647977481 -0.0023949290849652055 0.087724002459196593 -0.0087299431790338472 0.043647582958325555 0.026213809022689379 0.021215432108366707
leaf_count=29193 26639 4132 1224 1656 270 3274 78 1853 501
internal_value=0 0.100658 -0.108283 -0.216391 0.403486 -0.675907 -0.294039 0.324965 0.214269
internal_count=68820 36353 31720 28643 1926 32467 26717 3077 4633
shrinkage=0.05


Tree=46
num_leaves=10
num_cat=0
split_feature=6 6 9 0 5 2 2 6 4
split_gain=78.7453 20.9975 14.7133 12.3245 16.0688 10.6744 8.35045 6.07656 9.4111
threshold=5.5500000000000007 5.9500000000000011 1.0000000180025095e-35 56.500000000000007 2.9813067784765903 26.450000000000003 25.450000000000003 7.1500000000000012 126.83333333333336
decision_type=8 10 2 2 10 10 10 10 10
left_child=5 2 3 6 -5 -1 -2 -3 -9
right_child=1 7 -4 4 -6 -7 -8 8 -10
leaf_value=-0.040108677482991628 -0.022629285992557438 0.0077714010358541129 0.015220702515702095 -0.002285152081624147 0.078042664509105311 -0.0083764777368300763 -0.0040110165874190917 0.03755210038652914 0.0088929098706976208
leaf_count=29193 21401 4132 3077 1656 270 3274 5316 194 307
internal_value=0 0.0957803 -0.103307 -0.207628 0.37893 -0.66467 -0.283408 0.203186 0.404823
internal_count=68820 36353 31720 28643 1926 32467 26717 4633 501
shrinkage=0.05


Tree=47
num_leaves=10
num_cat=0
split_feature=6 6 9 0 5 2 2 2 3
split_gain=73.3559 18.9282 13.2999 11.2617 13.5553 10.4726 8.26304 6.23762 5.85185
threshold=5.5500000000000007 5.9500000000000011 1.0000000180025095e-35 56.500000000000007 2.9813067784765903 26.450000000000003 37.45000000000001 20.950000000000003 53.250000000000007
decision_type=8 10 2 2 10 10 10 8 10
left_child=5 2 3 6 -5 -1 7 -2 -3
right_child=1 8 -4 4 -6 -7 -8 -9 -10
leaf_value=-0.039693134483393545 -0.033572532544434812 0.070834941172234739 0.014272029188053576 -0.0021801952993524974 0.069946964975209164 -0.008034656990599142 0.040779559160693507 -0.011487397202647376 0.0092463939326412285
leaf_count=29193 7707 67 3077 1656 270 3274 78 18932 4566
internal_value=0 0.0911097 -0.0986684 -0.19931 0.356142 -0.653264 -0.273195 -0.303784 0.192748
internal_count=68820 36353 31720 28643 1926 32467 26717 26639 4633
shrinkage=0.05


Tree=48
num_leaves=10
num_cat=0
split_feature=6 6 2 2 9 0 5 5 2
split_gain=68.3097 17.0434 12.1803 10.261 9.03269 8.16444 9.84801 6.76798 6.48231
threshold=5.5500000000000007 5.9500000000000011 20.950000000000003 26.450000000000003 1.0000000180025095e-35 56.500000000000007 2.9813067784765903 1.9182000669120109 37.45000000000001
decision_type=8 10 8 10 2 2 10 8 10
left_child=3 2 -2 -1 5 8 7 -7 -4
right_child=1 -3 4 -5 -6 6 -8 -9 -10
leaf_value=-0.039266131701038903 -0.029061888584756074 0.0091338831057975727 -0.011039323199836436 -0.0077043113146877118 0.014769415256633028 0.038703623214040278 0.061832843210197212 -0.0205366464918483 0.037906095514033233
leaf_count=29193 8554 4633 18932 3274 2709 448 249 750 78
internal_value=0 0.0866316 -0.0941834 -0.641698 -0.020724 -0.116519 0.381577 -0.0164169 -0.187544
internal_count=68820 36353 31720 32467 23166 20457 1447 1198 19010
shrinkage=0.05


Tree=49
num_leaves=10
num_cat=0
split_feature=6 6 2 4 3 2 5 3 9
split_gain=63.5779 15.3475 14.254 10.7899 11.9502 10.0599 8.07088 7.6528 6.53838
threshold=5.5500000000000007 6.0500000000000007 21.450000000000003 148.16666666666671 83.833333333333357 27.250000000000004 2.55829054666264 53.250000000000007 1.5000000000000002
decision_type=8 10 8 10 10 10 10 10 2
left_child=5 2 -2 6 -5 -1 -4 -3 -9
right_child=1 7 3 4 -6 -7 -8 8 -10
leaf_value=-0.037817080987050507 -0.025734146117962677 0.082874387102683383 -0.010175188244534162 0.12855768018841518 0.018339101646425972 -0.0036389899764361724 0.0058466588830931379 0.0076226112079644569 0.032078465622523047
leaf_count=30094 10682 32 13734 65 778 2373 7699 3222 141
internal_value=0 0.0823352 -0.0676909 0.0114634 0.578127 -0.629983 -0.0439035 0.186595 0.177259
internal_count=68820 36353 32958 22276 843 32467 21433 3395 3363
shrinkage=0.05


end of trees

feature importances:
H25_a1c=147
H25_bmi=118
H25_lhrate=42
H25_age=35
H25_is_medicine=31
H25_dbp=26
H25_sex=24
H25_sbp=22
H25_dl=5

parameters:
[boosting: gbdt]
[objective: binary]
[metric: binary]
[tree_learner: serial]
[device_type: cpu]
[data: ]
[valid: ]
[num_iterations: 100]
[learning_rate: 0.05]
[num_leaves: 10]
[num_threads: 0]
[max_depth: -1]
[min_data_in_leaf: 20]
[min_sum_hessian_in_leaf: 1]
[bagging_fraction: 0.4]
[bagging_freq: 0]
[bagging_seed: 3]
[feature_fraction: 0.9]
[feature_fraction_seed: 2]
[early_stopping_round: 0]
[max_delta_step: 0]
[lambda_l1: 0]
[lambda_l2: 1]
[min_gain_to_split: 0]
[drop_rate: 0.1]
[max_drop: 50]
[skip_drop: 0.5]
[xgboost_dart_mode: 0]
[uniform_drop: 0]
[drop_seed: 4]
[top_rate: 0.2]
[other_rate: 0.1]
[min_data_per_group: 100]
[max_cat_threshold: 32]
[cat_l2: 10]
[cat_smooth: 10]
[max_cat_to_onehot: 4]
[top_k: 20]
[monotone_constraints: ]
[feature_contri: ]
[forcedsplits_filename: ]
[refit_decay_rate: 0.9]
[verbosity: 0]
[max_bin: 255]
[min_data_in_bin: 3]
[bin_construct_sample_cnt: 200000]
[histogram_pool_size: -1]
[data_random_seed: 1]
[output_model: LightGBM_model.txt]
[snapshot_freq: -1]
[input_model: ]
[output_result: LightGBM_predict_result.txt]
[initscore_filename: ]
[valid_data_initscores: ]
[pre_partition: 0]
[enable_bundle: 1]
[max_conflict_rate: 0]
[is_enable_sparse: 1]
[sparse_threshold: 0.8]
[use_missing: 1]
[zero_as_missing: 0]
[two_round: 0]
[save_binary: 0]
[enable_load_from_binary_file: 1]
[header: 0]
[label_column: ]
[weight_column: ]
[group_column: ]
[ignore_column: ]
[categorical_feature: ]
[predict_raw_score: 0]
[predict_leaf_index: 0]
[predict_contrib: 0]
[num_iteration_predict: -1]
[pred_early_stop: 0]
[pred_early_stop_freq: 10]
[pred_early_stop_margin: 10]
[convert_model_language: ]
[convert_model: gbdt_prediction.cpp]
[num_class: 1]
[is_unbalance: 0]
[scale_pos_weight: 1]
[sigmoid: 1]
[boost_from_average: 1]
[reg_sqrt: 0]
[alpha: 0.9]
[fair_c: 1]
[poisson_max_delta_step: 0.7]
[tweedie_variance_power: 1.5]
[max_position: 20]
[label_gain: ]
[metric_freq: 1]
[is_provide_training_metric: 0]
[eval_at: ]
[num_machines: 1]
[local_listen_port: 12400]
[time_out: 120]
[machine_list_filename: ]
[machines: ]
[gpu_platform_id: -1]
[gpu_device_id: -1]
[gpu_use_dp: 0]

end of parameters

pandas_categorical:[]
