tree
version=v2
num_class=1
num_tree_per_iteration=1
label_index=0
max_feature_idx=9
objective=binary sigmoid:1
feature_names=H25_age H25_sex H25_bmi H25_dbp H25_sbp H25_lhrate H25_a1c H25_ht H25_dl H25_is_medicine
feature_infos=[18:74] [1:2] [0:65.599999999999994] [0:169] [0:238] [0.18181818181818185:8.8461538461538485] [2.7999999999999998:14.199999999999999] [0:1] [0:1] [0:2]
tree_sizes=866 877 883 877 885 881 897 884 884 885 884 899 886 899 887 898 891 891 893 891 893 893 888 887 889 902 896 892 898 892 902 896 898 892 891 896 898 902 890 900 892 911 895 901 911 901 895 893 906 900

Tree=0
num_leaves=10
num_cat=0
split_feature=6 6 6 6 2 2 2 2 2
split_gain=18202.2 1705.29 874.467 239.015 188.529 134.536 85.0409 78.9517 59.5061
threshold=6.3500000000000005 6.0500000000000007 6.6500000000000012 5.7500000000000009 27.350000000000005 25.450000000000003 20.650000000000002 20.750000000000004 31.250000000000004
decision_type=10 10 10 10 10 10 8 8 10
left_child=1 3 6 8 7 -5 -2 -3 -1
right_child=2 4 -4 5 -6 -7 -8 -9 -10
leaf_value=-3.7954198590335735 -3.6006269814367156 -3.7291218197896439 -2.4407805418176216 -3.7588105681348742 -3.3012543480387735 -3.6544462115208676 -3.0055314365985306 -3.5082145981227053 -3.717427891031138
leaf_count=58023 55 229 961 4329 556 1972 599 1016 1081
internal_value=0 -0.539243 21.8512 -0.71744 5.79307 0.516219 14.1752 4.09678 -0.849249
internal_count=68821 67206 1615 65405 1801 6301 654 1245 59104
shrinkage=1


Tree=1
num_leaves=10
num_cat=0
split_feature=6 6 2 2 6 1 1 6 6
split_gain=6890.12 457.067 113.055 94.9175 83.6004 59.9323 48.988 47.5444 38.223
threshold=6.1500000000000012 5.8500000000000005 22.850000000000005 27.250000000000004 6.2500000000000009 1.5000000000000002 1.5000000000000002 5.5500000000000007 5.9500000000000011
decision_type=10 10 8 10 10 2 2 8 10
left_child=1 3 -3 -1 5 -2 8 -5 -4
right_child=4 2 6 7 -6 -7 -8 -9 -10
leaf_value=-0.044260799703736607 0.27994716887610221 -0.0026886085556108294 0.076762751753069375 -0.028715015054292293 0.36759323819123574 0.062939465797830316 0.03339018902176099 0.032336879599937411 0.17223156519668864
leaf_count=56407 404 1537 886 2919 1983 181 696 2772 1036
internal_value=0 -0.645083 1.39797 -0.799758 6.99666 4.44849 2.16135 0.0277171 2.67013
internal_count=68821 66253 4155 62098 2568 585 2618 5691 1922
shrinkage=0.05


Tree=2
num_leaves=10
num_cat=0
split_feature=6 6 6 2 2 2 9 2 3
split_gain=4857.78 218.155 152.098 98.3518 60.3447 51.1258 42.5885 37.3474 34.6066
threshold=6.0500000000000007 5.7500000000000009 6.2500000000000009 28.550000000000004 26.650000000000002 20.850000000000005 1.0000000180025095e-35 35.95000000000001 72.833333333333357
decision_type=10 10 10 10 10 8 2 8 10
left_child=1 4 5 8 -1 -2 -5 -6 -3
right_child=2 3 -4 6 7 -7 -8 -9 -10
leaf_value=-0.045672908016629626 -0.0075913729438851886 -0.02368716234000624 0.25464902150889335 0.072701075280727639 -0.016042377810941259 0.16343232543290676 0.23903169714978123 0.1140182405485521 0.028616687648760922
leaf_count=52517 194 2472 1983 605 6382 1239 183 205 3041
internal_value=0 -0.694778 4.5854 0.452789 -0.833059 2.93631 2.41501 -0.218395 0.113712
internal_count=68821 65405 3416 6301 59104 1433 788 6587 5513
shrinkage=0.05


Tree=3
num_leaves=10
num_cat=0
split_feature=6 6 6 1 3 4 6 5 1
split_gain=3733.68 207.867 105.828 97.6715 61.7413 52.6541 48.4279 28.9974 26.5191
threshold=6.0500000000000007 5.7500000000000009 6.4500000000000011 1.5000000000000002 81.583333333333357 132.83333333333334 5.9500000000000011 4.024695121951221 1.5000000000000002
decision_type=10 10 10 2 10 10 10 10 2
left_child=1 7 3 -2 8 -5 -6 -1 -3
right_child=2 4 -4 5 6 -7 -8 -9 -10
leaf_value=-0.042330761283591513 0.16706263593312676 0.021940332372799808 0.208293822706659 0.0025204427609237736 0.036447034751321598 0.1515972233009657 0.15057918982163532 0.014049594166457433 -0.028924460745275889
leaf_count=57980 1443 2296 1322 482 1508 169 424 1124 2073
internal_value=0 -0.683062 3.60142 2.73677 0.422022 1.02639 1.3305 -0.824517 -0.026878
internal_count=68821 65405 3416 2094 6301 651 1932 59104 4369
shrinkage=0.05


Tree=4
num_leaves=10
num_cat=0
split_feature=6 6 2 6 1 2 6 4 2
split_gain=3012.03 197.984 78.5008 70.7585 62.8245 62.4573 43.7595 40.5707 29.6926
threshold=6.0500000000000007 5.7500000000000009 25.450000000000003 6.4500000000000011 1.5000000000000002 24.950000000000003 5.5500000000000007 132.83333333333334 35.550000000000004
decision_type=10 10 10 10 2 10 8 10 8
left_child=1 5 -3 4 -2 -1 -7 -6 -8
right_child=3 2 -4 -5 7 6 8 -9 -10
leaf_value=-0.047021958105342515 0.1368693443400418 -0.0075090028065456661 0.066356045568353311 0.16990509953508243 0.0023956509947862664 -0.036229598803674892 0.00098255285680483827 0.12816600394774022 0.14175217833904094
leaf_count=46569 1443 4329 1972 1322 482 7394 5027 169 114
internal_value=0 -0.671227 0.393069 2.97245 2.30238 -0.815769 -0.370578 0.937444 0.1244
internal_count=68821 65405 6301 3416 2094 59104 12535 651 5141
shrinkage=0.05


Tree=5
num_leaves=10
num_cat=0
split_feature=6 2 6 6 6 3 9 0 5
split_gain=2532.96 124.831 122.671 52.5447 44.8573 42.1568 37.4454 32.6012 43.871
threshold=5.9500000000000011 27.250000000000004 6.1500000000000012 5.5500000000000007 5.7500000000000009 81.583333333333357 1.0000000180025095e-35 56.500000000000007 2.8932370820668702
decision_type=10 10 10 8 10 10 2 2 8
left_child=1 4 5 -3 -1 -2 -5 8 -4
right_child=2 3 7 6 -6 -7 -8 -9 -10
leaf_value=-0.044266809488814729 0.029281231041987894 -0.026025553089462319 0.10388109422112222 0.020089867679408291 -0.0080019375447834031 0.10655222029316176 0.11035717988003563 0.16911564700074663 0.15448592065261366
leaf_count=53883 1408 2919 1313 2672 4137 718 516 561 694
internal_value=0 -0.708736 2.37237 0.200987 -0.82211 1.21284 0.737513 2.68957 2.46901
internal_count=68821 64127 4694 6107 58020 2126 3188 2568 2007
shrinkage=0.05


Tree=6
num_leaves=10
num_cat=0
split_feature=2 0 2 0 5 9 0 1 2
split_gain=652.054 236.212 150.073 102.433 51.4308 48.3031 46.5955 46.5924 25.8267
threshold=25.350000000000005 55.500000000000007 30.250000000000004 53.500000000000007 2.8646358222629416 1.0000000180025095e-35 49.500000000000007 1.5000000000000002 23.850000000000005
decision_type=10 2 10 2 10 2 2 2 10
left_child=1 6 3 4 -2 -4 -1 -3 -8
right_child=2 7 5 -5 -6 -7 8 -9 -10
leaf_value=-0.03679347814064108 0.00030849619691926969 0.062803065108240408 0.079419029855149481 0.084528957004160493 0.044658100787568523 0.16107450033841442 -0.019216187509763488 -0.0055229439978042591 0.023332442780172206
leaf_count=40289 6708 2825 2120 1713 3558 494 7773 1505 1836
internal_value=0 -0.454473 0.965606 0.632578 0.351496 1.94963 -0.620415 0.861885 -0.198133
internal_count=68821 54228 14593 11979 10266 2614 49898 4330 9609
shrinkage=0.05


Tree=7
num_leaves=10
num_cat=0
split_feature=6 2 6 6 9 6 9 2 6
split_gain=2057.12 113.51 85.6363 75.9872 35.1906 28.3401 28.0647 28.0144 26.5657
threshold=5.9500000000000011 25.450000000000003 6.1500000000000012 5.5500000000000007 1.0000000180025095e-35 7.0500000000000007 1.5000000000000002 20.850000000000005 5.7500000000000009
decision_type=10 10 10 8 2 10 2 8 10
left_child=1 8 7 -3 -5 6 -4 -2 -1
right_child=2 3 5 4 -6 -7 -8 -9 -10
leaf_value=-0.045602066171216898 -0.030222125130454598 -0.03505304701349659 0.094636755403276721 0.0079673684900111643 0.073759432601050709 0.13490993314527444 0.18718867598874267 0.062566533866974125 -0.014291575121984479
leaf_count=48675 364 6076 1908 4978 887 574 86 1762 3511
internal_value=0 -0.6934 1.98583 -0.103147 0.392694 2.23189 1.99177 1.04797 -0.860134
internal_count=68821 64127 4694 11941 5865 2568 1994 2126 52186
shrinkage=0.05


Tree=8
num_leaves=10
num_cat=0
split_feature=6 2 6 6 1 4 4 6 2
split_gain=1785.57 111.212 71.2512 66.6673 51.1374 33.3928 30.6063 27.3366 25.0825
threshold=5.9500000000000011 25.350000000000005 6.4500000000000011 5.5500000000000007 1.5000000000000002 132.83333333333334 149.16666666666671 5.7500000000000009 30.250000000000004
decision_type=10 10 10 8 2 10 10 10 10
left_child=1 7 4 -3 8 -6 -5 -1 -2
right_child=2 3 -4 6 5 -7 -8 -9 -10
leaf_value=-0.045534897089313638 0.068242693002329102 -0.033727879861492387 0.10761789614793878 0.010067070383651682 -0.012419962582194397 0.0755367385996073 0.093236498346697214 -0.013359384453148488 0.1237455723179855
leaf_count=48302 1899 6300 1322 5642 867 272 408 3475 334
internal_value=0 -0.681883 1.76487 -0.109265 1.29538 0.368859 0.340243 -0.855979 1.59467
internal_count=68821 64127 4694 12350 3372 1139 6050 51777 2233
shrinkage=0.05


Tree=9
num_leaves=10
num_cat=0
split_feature=6 6 2 6 2 9 6 1 9
split_gain=1573.96 113.657 80.7405 43.2579 35.8566 22.1467 22.1034 20.7816 19.4257
threshold=5.8500000000000005 6.1500000000000012 25.350000000000005 5.5500000000000007 20.850000000000005 1.0000000180025095e-35 7.0500000000000007 1.5000000000000002 1.5000000000000002
decision_type=10 10 10 8 8 2 10 2 2
left_child=2 4 -1 -4 -2 -5 8 -6 -3
right_child=1 6 3 5 7 -7 -8 -9 -10
leaf_value=-0.043998197510708402 -0.031667469064566779 0.075091243174328859 -0.033132738836697234 -0.00010669518019923147 0.055849947720911945 0.055070283154272981 0.10788773145755803 0.0078257648210624305 0.14531695954614168
leaf_count=50438 781 1908 6300 4584 2358 776 574 1016 86
internal_value=0 1.4629 -0.726955 -0.212743 0.699433 0.19142 1.77511 0.88651 1.57986
internal_count=68821 6723 62098 11660 4155 5360 2568 3374 1994
shrinkage=0.05


Tree=10
num_leaves=10
num_cat=0
split_feature=6 6 2 6 2 2 6 1 9
split_gain=1396.77 93.8015 79.726 40.4392 31.133 20.8589 19.5095 16.986 16.5923
threshold=5.8500000000000005 6.1500000000000012 25.350000000000005 5.5500000000000007 20.850000000000005 35.95000000000001 7.0500000000000007 1.5000000000000002 1.0000000180025095e-35
decision_type=10 10 10 8 8 8 10 2 2
left_child=2 4 -1 -4 -2 -5 8 -6 -3
right_child=1 6 3 5 7 -7 -8 -9 -10
leaf_value=-0.043666834841742788 -0.031068579734240282 0.064101228719769601 -0.032530619904038625 0.0046940738858481205 0.05044957450004435 0.10490116535188786 0.097611497749253776 0.0073934156734144626 0.098908644169231022
leaf_count=50438 781 1619 6300 5234 2358 126 574 1016 375
internal_value=0 1.32768 -0.716084 -0.204456 0.643142 0.180457 1.60247 0.808963 1.42497
internal_count=68821 6723 62098 11660 4155 5360 2568 3374 1994
shrinkage=0.05


Tree=11
num_leaves=10
num_cat=0
split_feature=2 0 2 0 0 5 1 2 9
split_gain=396.467 140.493 90.2698 84.2125 33.1391 31.2165 26.0377 25.3093 24.676
threshold=24.550000000000004 55.500000000000007 29.550000000000004 52.500000000000007 42.500000000000007 2.6159114857744998 1.5000000000000002 20.850000000000005 1.0000000180025095e-35
decision_type=10 2 10 2 2 10 2 8 2
left_child=1 4 3 5 -1 -2 -3 -6 -4
right_child=2 6 8 -5 7 -7 -8 -9 -10
leaf_value=-0.043439361758034763 -0.011029695911052061 0.044561120716963117 0.048874858666920151 0.052237745164529795 -0.038990688425907638 0.019701741850222387 -0.0091586271143508369 -0.013324838998349162 0.095306672399538717
leaf_count=21419 7457 2470 2743 2784 9196 5478 1429 15240 605
internal_value=0 -0.468825 0.578063 0.34166 -0.623547 0.076854 0.586322 -0.441063 1.19151
internal_count=68821 49754 19067 15719 45855 12935 3899 24436 3348
shrinkage=0.05


Tree=12
num_leaves=10
num_cat=0
split_feature=6 6 2 6 2 1 9 2 2
split_gain=1197.28 75.6695 74.3249 36.6193 30.2949 20.5459 17.3125 13.3463 14.2864
threshold=5.8500000000000005 6.2500000000000009 25.350000000000005 5.5500000000000007 20.850000000000005 1.5000000000000002 1.0000000180025095e-35 32.95000000000001 21.250000000000004
decision_type=10 10 10 8 8 2 2 10 8
left_child=2 4 -1 -4 -2 7 -5 8 -6
right_child=1 -3 3 6 5 -7 -8 -9 -10
leaf_value=-0.043125046081734994 -0.025696628043167427 0.0733586038280198 -0.032282472827005207 -0.0015351268833715898 0.15108633419605122 0.0079194011584338159 0.045269929348574982 0.10457971589754436 0.041329341866873009
leaf_count=50438 853 1983 6300 4584 62 1153 776 128 2544
internal_value=0 1.17572 -0.700811 -0.21403 0.679922 0.806147 0.142494 0.983979 0.886518
internal_count=68821 6723 62098 11660 4740 3887 5360 2734 2606
shrinkage=0.05


Tree=13
num_leaves=10
num_cat=0
split_feature=2 0 2 0 0 5 2 1 9
split_gain=327.275 124.57 68.0858 66.9353 32.5319 30.6458 23.9938 21.1572 17.5213
threshold=24.550000000000004 55.500000000000007 29.550000000000004 53.500000000000007 42.500000000000007 2.6039701257861636 20.850000000000005 1.5000000000000002 1.0000000180025095e-35
decision_type=10 2 10 2 2 10 8 2 2
left_child=1 4 3 5 -1 -2 -6 -3 -4
right_child=2 7 8 -5 6 -7 -8 -9 -10
leaf_value=-0.042802405146453171 -0.010539563676125855 0.039886736038198679 0.042013549159506038 0.048365030586746821 -0.038128666828872421 0.019051200936051584 -0.01242630108002169 -0.0086539819082636343 0.07948733686342202
leaf_count=21419 7662 2470 2743 2307 9196 5750 15240 1429 605
internal_value=0 -0.446399 0.506068 0.299392 -0.601492 0.0819097 -0.418674 0.532803 1.01887
internal_count=68821 49754 19067 15719 45855 13412 24436 3899 3348
shrinkage=0.05


Tree=14
num_leaves=10
num_cat=0
split_feature=6 2 6 6 1 4 2 8 5
split_gain=1034.99 69.8221 66.086 37.4245 31.8117 19.9591 15.4471 14.0633 12.9679
threshold=5.8500000000000005 24.950000000000003 6.4500000000000011 5.5500000000000007 1.5000000000000002 162.16666666666671 35.95000000000001 1.0000000180025095e-35 1.7168238993710694
decision_type=10 10 10 8 2 8 8 2 10
left_child=1 -1 4 -3 7 -6 -5 -2 -9
right_child=2 3 -4 6 5 -7 -8 8 -10
leaf_value=-0.043234744276443526 0.039424420615919199 -0.033138399285423017 0.07046879652595639 0.00097053742494928067 -0.00080790421674814192 0.11157901155961579 0.080289061489781516 -0.010906052765740056 0.087698548452791347
leaf_count=48585 3045 7394 1322 5993 1903 46 126 57 350
internal_value=0 -0.685342 1.05112 -0.25309 0.712818 0.118733 0.0893379 0.900198 1.52765
internal_count=68821 62098 6723 13513 5401 1949 6119 3452 407
shrinkage=0.05


Tree=15
num_leaves=10
num_cat=0
split_feature=6 2 6 6 3 1 9 0 6
split_gain=932.555 68.9503 58.0184 35.2555 28.4888 17.7246 13.6702 15.138 12.267
threshold=5.8500000000000005 24.950000000000003 6.4500000000000011 5.5500000000000007 73.833333333333357 1.5000000000000002 1.0000000180025095e-35 50.500000000000007 5.7500000000000009
decision_type=10 10 10 8 10 2 2 2 10
left_child=1 8 4 -3 5 -2 7 -5 -1
right_child=2 3 -4 6 -6 -7 -8 -9 -10
leaf_value=-0.044588472887926493 0.026163089978500465 -0.032538715447490402 0.065119722455812448 -0.012292363241916564 0.043016767709833474 -0.019826288675619322 0.036199512303560423 0.030606966643118634 -0.012885587029704005
leaf_count=46569 992 7394 1322 4215 3259 1150 847 1057 2016
internal_value=0 -0.67381 0.971224 -0.243534 0.658754 0.176744 0.0850041 -0.0605577 -0.857729
internal_count=68821 62098 6723 13513 5401 2142 6119 5272 48585
shrinkage=0.05


Tree=16
num_leaves=10
num_cat=0
split_feature=6 2 6 6 2 6 2 6 5
split_gain=842.067 67.9838 52.528 33.1606 17.5588 17.4092 13.261 12.2432 11.6141
threshold=5.8500000000000005 24.950000000000003 6.1500000000000012 5.5500000000000007 20.850000000000005 7.0500000000000007 35.95000000000001 5.7500000000000009 3.0064102564102568
decision_type=10 10 10 8 8 10 8 10 10
left_child=1 7 4 -3 -2 -4 8 -1 -5
right_child=2 3 5 6 -6 -7 -8 -9 -10
leaf_value=-0.04429223059509562 -0.029142384851847843 -0.031932330546329199 0.047115590757676407 -0.0090476777582270684 0.026166249009236971 0.06973064597250947 0.072023743789377925 -0.012413113379732712 0.021641989355637051
leaf_count=46569 781 7394 1994 4227 3374 574 126 2016 1766
internal_value=0 -0.662163 0.899714 -0.234363 0.420199 1.08919 0.0805933 -0.850585 0.0141748
internal_count=68821 62098 6723 13513 4155 2568 6119 48585 5993
shrinkage=0.05


Tree=17
num_leaves=10
num_cat=0
split_feature=6 2 6 6 3 9 2 0 5
split_gain=762.136 66.963 47.5511 31.1869 28.2108 12.8694 12.7587 12.2399 12.5763
threshold=5.8500000000000005 24.950000000000003 6.5500000000000007 5.5500000000000007 73.833333333333357 1.5000000000000002 25.850000000000005 55.500000000000007 4.1058230683090713
decision_type=10 10 10 8 10 2 10 2 10
left_child=1 -1 4 -3 -2 -6 -4 8 -5
right_child=2 3 6 7 5 -7 -8 -9 -10
leaf_value=-0.042162035327529143 0.0068767242139155058 -0.031319741437224068 0.071204642914319702 -0.0048243876315011581 0.035312856365462553 0.082031293300360852 0.047527206109909022 0.048256200746989837 0.057157166669636043
leaf_count=48585 2198 7394 511 5372 3244 149 621 467 280
internal_value=0 -0.650351 0.835974 -0.225327 0.589947 0.772418 1.16494 0.0767022 -0.0165638
internal_count=68821 62098 6723 13513 5591 3393 1132 6119 5652
shrinkage=0.05


Tree=18
num_leaves=10
num_cat=0
split_feature=6 6 2 5 3 6 6 4 5
split_gain=694.582 68.4951 51.7313 27.3176 23.9986 17.7724 15.2038 12.7812 11.4938
threshold=5.7500000000000009 6.1500000000000012 24.950000000000003 4.024695121951221 69.833333333333357 5.5500000000000007 7.0500000000000007 155.16666666666671 0.88107024988213112
decision_type=10 10 10 10 10 8 10 10 10
left_child=2 4 -1 5 -2 -4 -3 -7 -6
right_child=1 6 3 -5 8 7 -8 -9 -10
leaf_value=-0.043686003514376223 -0.016256432030545411 0.04070202412156404 -0.034065394851978029 0.053515611072486868 0.1393114569574829 -0.0084693295507075033 0.061376809878078545 0.075621749465017138 0.020720999769519865
leaf_count=46569 2244 1994 7063 611 40 4729 574 132 4865
internal_value=0 0.711305 -0.698033 -0.293192 0.275878 -0.381806 0.946817 -0.0979771 0.443518
internal_count=68821 9717 59104 12535 7149 11924 2568 4861 4905
shrinkage=0.05


Tree=19
num_leaves=10
num_cat=0
split_feature=6 6 2 5 3 2 6 6 0
split_gain=633.839 60.0179 51.2892 24.3544 21.3645 17.6581 14.8243 14.1576 12.7711
threshold=5.7500000000000009 6.1500000000000012 24.950000000000003 4.024695121951221 69.833333333333357 31.350000000000005 5.5500000000000007 7.0500000000000007 51.500000000000007
decision_type=10 10 10 10 10 10 8 10 2
left_child=2 4 -1 5 -2 6 -4 -3 -7
right_child=1 7 3 -5 -6 8 -8 -9 -10
leaf_value=-0.043362548299000103 -0.015697500189809033 0.037850261457173892 -0.038404937979457245 0.048615016197059741 0.020701493466828903 0.0055128529503755581 -0.0096709810244859362 0.057617730781573756 0.10465566757171473
leaf_count=46569 2244 1994 6558 611 4905 864 4405 574 97
internal_value=0 0.665092 -0.686797 -0.282569 0.259425 -0.369671 -0.478127 0.8831 0.411849
internal_count=68821 9717 59104 12535 7149 11924 10963 2568 961
shrinkage=0.05


Tree=20
num_leaves=10
num_cat=0
split_feature=6 6 2 5 3 6 2 6 1
split_gain=578.874 53.514 50.7831 21.7791 17.9289 16.7373 16.4422 14.3892 11.6489
threshold=5.7500000000000009 6.0500000000000007 24.950000000000003 4.024695121951221 81.583333333333357 6.5500000000000007 31.350000000000005 5.5500000000000007 1.5000000000000002
decision_type=10 10 10 10 10 10 10 8 2
left_child=2 4 -1 6 8 -3 7 -4 -2
right_child=1 5 3 -5 -6 -7 -8 -9 -10
leaf_value=-0.043029328159470151 0.0075577288152457915 0.029815039864354371 -0.03791614446550786 0.044350840309496979 0.026722176254121079 0.04827058225248012 0.019443397807794874 -0.0092792625253031811 -0.0259556136156152
leaf_count=46569 2296 2284 6558 611 1932 1132 961 4405 2073
internal_value=0 0.622619 -0.675395 -0.272163 0.156055 0.788948 -0.357689 -0.46535 -0.102227
internal_count=68821 9717 59104 12535 6301 3416 11924 10963 4369
shrinkage=0.05


Tree=21
num_leaves=10
num_cat=0
split_feature=6 2 6 5 3 2 0 6 6
split_gain=529.312 50.1797 47.2427 20.0835 17.6767 16.6367 13.5395 13.4654 12.9526
threshold=5.7500000000000009 24.950000000000003 6.1500000000000012 3.7766439909297058 69.833333333333357 32.350000000000001 48.500000000000007 5.5500000000000007 7.0500000000000007
decision_type=10 10 10 10 10 10 2 8 10
left_child=1 -1 4 5 -2 7 -5 -3 -4
right_child=2 3 8 6 -6 -7 -8 -9 -10
leaf_value=-0.042686078646613147 -0.015063594049281794 -0.037473936033320485 0.032844920589441662 0.0098467971621101005 0.018156627007892081 0.027305344570149527 0.10276230864385655 -0.0095696619054822778 0.051462968858322335
leaf_count=46569 2244 6526 1994 776 4905 632 188 4413 574
internal_value=0 -0.66387 0.583822 -0.262276 0.227544 -0.365128 0.641018 -0.45857 0.773934
internal_count=68821 59104 9717 12535 7149 11571 964 10939 2568
shrinkage=0.05


Tree=22
num_leaves=10
num_cat=0
split_feature=6 2 6 1 2 5 3 2 0
split_gain=484.332 49.5466 42.6337 26.1875 18.3961 17.0944 14.827 13.0723 13.0586
threshold=5.7500000000000009 24.950000000000003 6.4500000000000011 1.5000000000000002 35.95000000000001 3.7766439909297058 72.833333333333357 33.050000000000004 48.500000000000007
decision_type=10 10 10 2 10 10 10 10 2
left_child=1 -1 3 7 5 -3 -5 -2 -7
right_child=2 4 -4 6 -6 8 -8 -9 -10
leaf_value=-0.04233255492211753 0.020934580512357803 -0.02052361780370688 0.04154266560000839 -0.027371442210699676 0.059655194932155479 0.0035937179708551942 0.011425779735524047 0.061456327563014473 0.092502991928147066
leaf_count=46569 5053 11387 1322 1850 205 756 1294 198 187
internal_value=0 -0.65215 0.548057 0.333855 -0.252398 -0.311523 -0.115232 0.477623 0.527087
internal_count=68821 59104 9717 8395 12535 12330 3144 5251 943
shrinkage=0.05


Tree=23
num_leaves=10
num_cat=0
split_feature=6 2 6 6 4 0 6 9 0
split_gain=443.435 48.8884 39.7601 17.5945 14.4191 14.3366 14.1671 12.3165 11.6563
threshold=5.7500000000000009 24.950000000000003 6.0500000000000007 5.5500000000000007 153.25000000000003 51.500000000000007 7.0500000000000007 1.5000000000000002 61.500000000000007
decision_type=10 10 10 8 10 2 10 2 2
left_child=1 -1 4 -3 -2 -6 7 8 -4
right_child=2 3 6 -5 5 -7 -8 -9 -10
leaf_value=-0.041968535146735229 0.0022003196447911819 -0.028013479317227821 0.023303946006055544 0.001160285455600092 0.098777980895006098 -0.0091874289353198555 0.046356659546758321 0.065202170214472541 0.064864923928959692
leaf_count=46569 6037 7394 2603 5141 150 114 574 121 118
internal_value=0 -0.640227 0.515079 -0.242526 0.118587 1.14845 0.655411 0.553205 0.508489
internal_count=68821 59104 9717 12535 6301 264 3416 2842 2721
shrinkage=0.05


Tree=24
num_leaves=10
num_cat=0
split_feature=6 2 6 1 5 2 6 0 0
split_gain=406.57 48.116 35.7997 17.7155 16.9327 14.9281 13.3545 11.6144 17.2717
threshold=5.7500000000000009 24.950000000000003 6.2500000000000009 1.5000000000000002 3.7766439909297058 31.350000000000005 5.5500000000000007 51.500000000000007 47.500000000000007
decision_type=10 10 10 2 10 10 8 2 2
left_child=1 -1 3 -2 5 6 -3 8 -4
right_child=2 4 7 -5 -6 -7 -8 -9 -10
leaf_value=-0.04159381003600969 0.018257605821418093 -0.037801378484484519 0.035888242896394244 -0.0092407980794963138 0.028823625553356713 0.019111675559482622 -0.0086497997422633095 0.043526893843915726 0.006447993952709518
leaf_count=46569 4774 6375 738 2960 964 916 4280 860 385
internal_value=0 -0.628235 0.484967 0.230269 -0.23339 -0.333817 -0.445978 0.680293 0.52498
internal_count=68821 59104 9717 7734 12535 11571 10655 1983 1123
shrinkage=0.05


Tree=25
num_leaves=10
num_cat=0
split_feature=6 6 6 9 5 3 3 1 4
split_gain=372.72 34.7149 33.3371 22.2403 21.0621 19.8949 15.9277 14.5776 11.5934
threshold=5.7500000000000009 5.5500000000000007 6.5500000000000007 1.0000000180025095e-35 3.0064102564102568 73.833333333333357 96.833333333333357 1.5000000000000002 131.83333333333334
decision_type=10 8 10 2 10 10 10 2 10
left_child=1 -1 5 4 6 7 -3 -2 -6
right_child=2 3 -4 -5 8 -7 -8 -9 -10
leaf_value=-0.041011023114716674 0.011225393497738784 -0.031990944068062292 0.036660159147822634 0.025432482823715841 -0.0087783229566320183 0.021103188078749016 0.05989466408299831 -0.022833431883899608 0.045249458187155367
leaf_count=38571 1620 16115 1132 1581 1885 5014 250 1951 702
internal_value=0 -0.616153 0.456564 -0.321982 -0.432304 0.290274 -0.589955 -0.0396617 0.192516
internal_count=68821 59104 9717 20533 18952 8585 16365 3571 2587
shrinkage=0.05


Tree=26
num_leaves=10
num_cat=0
split_feature=6 2 6 2 5 0 2 6 8
split_gain=341.736 47.6815 30.6905 15.3692 14.6326 13.4207 13.0909 12.3268 11.7555
threshold=5.7500000000000009 24.950000000000003 6.0500000000000007 35.95000000000001 2.9954166666666668 48.500000000000007 28.550000000000004 7.0500000000000007 1.0000000180025095e-35
decision_type=10 10 10 10 10 2 8 10 2
left_child=1 -1 6 4 8 -6 -2 -4 -3
right_child=2 3 7 -5 5 -7 -8 -9 -10
leaf_value=-0.040867360068251611 -0.0030987165476176926 -0.027775184589295315 0.022969367067823904 0.053848265022507419 -0.0071038905834567255 0.045101091679557656 0.027063673148449763 0.040243117484967061 0.023177193125113352
leaf_count=46569 5458 8304 2842 205 2614 788 843 574 624
internal_value=0 -0.60386 0.430171 -0.207422 -0.266361 0.129468 0.0864872 0.551813 -0.45882
internal_count=68821 59104 9717 12535 12330 3402 6301 3416 8928
shrinkage=0.05


Tree=27
num_leaves=10
num_cat=0
split_feature=6 2 6 6 1 3 2 9 4
split_gain=313.514 46.8174 28.3089 18.4151 18.2321 11.7317 10.1878 10.2553 10.0604
threshold=5.7500000000000009 24.650000000000002 6.4500000000000011 5.5500000000000007 1.5000000000000002 72.833333333333357 33.050000000000004 1.5000000000000002 166.33333333333334
decision_type=10 10 10 8 2 10 10 2 10
left_child=1 -1 4 8 6 -6 7 -2 -3
right_child=2 3 -4 -5 5 -7 -8 -9 -10
leaf_value=-0.040992545100339235 0.012868874262780142 -0.029821253425642919 0.031723542179766522 0.0024076080411140144 -0.026666334717473868 0.007800194670434699 0.049146241066012203 0.054740222557130305 0.075992851230261449
leaf_count=45108 4901 8198 1322 5693 1850 1294 198 152 105
internal_value=0 -0.591499 0.405768 -0.216558 0.237728 -0.136539 0.351119 0.300706 -0.54875
internal_count=68821 59104 9717 13996 8395 3144 5251 5053 8303
shrinkage=0.05


Tree=28
num_leaves=10
num_cat=0
split_feature=6 2 6 6 3 1 2 4 9
split_gain=287.727 45.8983 25.9218 17.2183 15.6832 11.8901 10.1526 9.31729 9.22997
threshold=5.7500000000000009 24.650000000000002 6.5500000000000007 5.5500000000000007 73.833333333333357 1.5000000000000002 25.850000000000005 166.33333333333334 1.0000000180025095e-35
decision_type=10 10 10 8 10 2 10 10 2
left_child=1 -1 4 7 5 -2 -4 -3 -5
right_child=2 3 6 8 -6 -7 -8 -9 -10
leaf_value=-0.040591351178780349 0.0088719259851202433 -0.029196514360553951 0.042037463499779049 -0.0044457213517767429 0.017657564580976112 -0.021996285361936211 0.022415363624088008 0.070590265873199026 0.03127697456230482
leaf_count=45108 1620 8198 511 4944 5014 1951 621 105 749
internal_value=0 -0.579026 0.383103 -0.207916 0.239508 -0.0534482 0.626734 -0.53565 0.0456588
internal_count=68821 59104 9717 13996 8585 3571 1132 8303 5693
shrinkage=0.05


Tree=29
num_leaves=10
num_cat=0
split_feature=6 2 6 6 2 6 0 6 9
split_gain=264.032 44.9676 24.2369 17.5641 10.5805 10.4416 9.8618 14.8492 9.80099
threshold=5.7500000000000009 24.550000000000004 6.0500000000000007 5.5500000000000007 28.550000000000004 7.0500000000000007 56.500000000000007 4.7500000000000009 1.5000000000000002
decision_type=10 10 10 8 10 10 2 10 2
left_child=1 6 4 -3 -2 8 -1 -8 -4
right_child=2 3 5 -5 -6 -7 7 -9 -10
leaf_value=-0.042636671190892032 -0.0035874133205089625 -0.026821992997616312 0.017367842504382568 0.0024284117493653546 0.023271549192548226 0.035110639201379412 0.08696527217066588 -0.024214527771659892 0.05140569197609958
leaf_count=42314 5513 8651 2721 5865 788 574 303 1971 121
internal_value=0 -0.566482 0.361718 -0.205081 0.0598298 0.468908 -0.807444 -0.100322 0.38591
internal_count=68821 59104 9717 14516 6301 3416 44588 2274 2842
shrinkage=0.05


Tree=30
num_leaves=10
num_cat=0
split_feature=2 0 9 4 0 5 5 0 2
split_gain=83.3168 64.4228 23.0226 23.5205 20.1726 23.1911 18.0048 12.9617 11.4104
threshold=24.050000000000004 51.500000000000007 1.0000000180025095e-35 155.16666666666671 56.500000000000007 2.9954166666666668 2.1804417122040078 61.500000000000007 28.450000000000003
decision_type=10 2 2 10 2 10 10 2 10
left_child=1 6 3 4 5 -2 -1 -3 -4
right_child=2 7 8 -5 -6 -7 -8 -9 -10
leaf_value=-0.036354950213804096 -0.0092240739080348775 0.0045721481486095811 0.013770800205088217 0.044284123438459805 0.026122734261614523 0.013256003341903992 -0.012061611757336957 0.048923020890485697 0.042387973207508159
leaf_count=28263 12711 7748 2024 617 1254 4804 9991 565 844
internal_value=0 -0.327761 0.196121 0.11066 0.0603666 -0.0163228 -0.568639 0.193829 0.558211
internal_count=68821 46567 22254 19386 18769 17515 38254 8313 2868
shrinkage=0.05


Tree=31
num_leaves=10
num_cat=0
split_feature=6 2 6 4 2 6 6 2 2
split_gain=235.808 31.1876 29.2487 17.8579 12.7717 11.7496 9.91579 9.41813 8.39562
threshold=5.6500000000000012 24.550000000000004 6.0500000000000007 148.25000000000003 22.450000000000003 5.4500000000000011 7.0500000000000007 26.950000000000003 20.250000000000004
decision_type=10 10 10 10 8 8 10 10 8
left_child=1 -1 3 4 -2 -3 8 -8 -4
right_child=2 5 6 -5 -6 -7 7 -9 -10
leaf_value=-0.040426596229035508 -0.024389977866658127 -0.029538547175462788 -0.015059634747804557 0.041895584513993472 0.0034027372781781518 -0.0031590928772339977 0.04526383934944174 0.019121169683719134 0.019274627467646018
leaf_count=41715 4087 6794 240 583 5886 6340 303 271 2602
internal_value=0 -0.595917 0.308256 0.0209618 -0.0672545 -0.267684 0.435014 0.662834 0.355076
internal_count=68821 54849 13972 10556 9973 13134 3416 574 2842
shrinkage=0.05


Tree=32
num_leaves=10
num_cat=0
split_feature=6 2 6 4 5 2 6 2 6
split_gain=217.169 30.635 26.1644 15.6365 13.8946 11.3428 11.1392 9.7692 9.22228
threshold=5.6500000000000012 24.550000000000004 6.0500000000000007 148.25000000000003 2.9780193236714982 28.450000000000003 5.5500000000000007 31.250000000000004 7.0500000000000007
decision_type=10 10 10 10 10 8 8 10 10
left_child=1 -1 3 4 5 -2 7 -3 -4
right_child=2 6 8 -5 -6 -7 -8 -9 -10
leaf_value=-0.040011752696235171 -0.017415451756110228 -0.031662328003959399 0.016729076709682381 0.038481908305428657 0.016969746661113335 0.015614933293075851 -0.00053393593418919044 0.020342944175422026 0.031556985179429932
leaf_count=41715 7361 8076 2842 583 1914 698 4483 575 574
internal_value=0 -0.583547 0.291703 0.0198495 -0.0642644 -0.217703 -0.257925 -0.513849 0.411055
internal_count=68821 54849 13972 10556 9973 8059 13134 8651 3416
shrinkage=0.05


Tree=33
num_leaves=10
num_cat=0
split_feature=6 2 6 2 2 6 1 2 4
split_gain=200.001 30.0472 23.5653 15.2429 11.0858 10.6416 8.79904 10.5628 7.68277
threshold=5.6500000000000012 24.550000000000004 6.2500000000000009 20.850000000000005 33.150000000000013 5.4500000000000011 1.5000000000000002 21.250000000000004 171.33333333333334
decision_type=10 10 10 8 10 8 2 8 8
left_child=1 -1 3 -2 6 -3 7 -5 -8
right_child=2 5 -4 4 -6 -7 8 -9 -10
leaf_value=-0.039585490086173666 -0.026139204416432384 -0.028351645400326187 0.021937599703015627 0.076212199764003535 0.038961246484722017 -0.0027914095151576491 -0.014060235749356659 0.0079755453947263615 0.080138776914445528
leaf_count=41715 2702 6794 1983 209 295 6340 2605 6154 24
internal_value=0 -0.5711 0.276154 0.0968121 0.160155 -0.24839 0.108775 0.190526 -0.220375
internal_count=68821 54849 13972 11989 9287 13134 8992 6363 2629
shrinkage=0.05


Tree=34
num_leaves=10
num_cat=0
split_feature=6 2 6 5 4 1 2 9 2
split_gain=184.212 29.4266 21.5004 15.6573 14.2404 12.1427 10.5175 10.4913 10.2691
threshold=5.6500000000000012 24.550000000000004 6.5500000000000007 2.7319250871080141 171.33333333333334 1.5000000000000002 35.550000000000004 1.5000000000000002 32.95000000000001
decision_type=10 10 10 8 8 2 10 2 10
left_child=1 -1 3 4 5 7 -3 -2 -5
right_child=2 6 -4 8 -6 -7 -8 -9 -10
leaf_value=-0.039147765427420725 0.0024933619885593398 -0.014682302894822523 0.024403107100660539 0.013804183290722017 0.078283528201535113 -0.015755956491739175 0.042806944528268581 0.046614895870081038 0.049012848365738687
leaf_count=41715 4786 12926 1132 3436 57 4206 208 154 201
internal_value=0 -0.558575 0.261562 0.14434 0.006269 -0.0217057 -0.239118 0.106898 0.355629
internal_count=68821 54849 13972 12840 9203 9146 13134 4940 3637
shrinkage=0.05


Tree=35
num_leaves=10
num_cat=0
split_feature=6 6 2 5 2 4 6 2 8
split_gain=172.227 33.9701 21.0318 16.1399 14.6387 10.6963 9.20664 8.66355 8.64378
threshold=5.6500000000000012 5.9500000000000011 27.050000000000004 2.7596296296296301 28.250000000000004 171.33333333333334 7.0500000000000007 27.350000000000005 1.0000000180025095e-35
decision_type=8 10 10 10 10 10 10 10 2
left_child=2 3 -1 4 5 -2 -3 -8 -4
right_child=1 6 8 -5 -6 -7 7 -9 -10
leaf_value=-0.03950421041557698 -0.020193522674653401 0.013328571940030304 -0.012064098393563566 0.012694322266092651 0.016863367233534852 0.09575581362613346 0.038748212700922907 0.013560929222276349 0.049425859928659416
leaf_count=40311 14739 4120 3607 4205 941 34 322 252 290
internal_value=0 0.202627 -0.666782 -0.0820694 -0.248285 -0.376617 0.333198 0.55743 -0.102809
internal_count=68821 24613 44208 19919 15714 14773 4694 574 3897
shrinkage=0.05


Tree=36
num_leaves=10
num_cat=0
split_feature=6 6 2 5 9 0 0 2 0
split_gain=159.738 30.4255 20.5661 14.6164 14.4156 9.59428 9.16025 9.02632 9.23235
threshold=5.6500000000000012 5.9500000000000011 27.050000000000004 2.7596296296296301 1.0000000180025095e-35 58.500000000000007 56.500000000000007 20.250000000000004 60.500000000000007
decision_type=8 10 10 10 2 2 2 8 2
left_child=2 3 -1 4 5 -2 -5 -3 -9
right_child=1 7 -4 6 -6 -7 -8 8 -10
leaf_value=-0.039061641480755527 -0.020830380028903511 -0.011919544631865299 -0.0048856715780226925 0.0069466516849999195 0.019706642528008762 0.030654402584118674 0.060274573850407513 0.01529336737700699 0.039515171568380927
leaf_count=40311 13979 449 3897 3894 1251 484 311 3970 275
internal_value=0 0.192306 -0.65522 -0.0781129 -0.238571 -0.356877 0.238472 0.315229 0.340918
internal_count=68821 24613 44208 19919 15714 14463 4205 4694 4245
shrinkage=0.05


Tree=37
num_leaves=10
num_cat=0
split_feature=6 6 4 9 5 0 6 5 4
split_gain=148.104 27.4147 17.7355 13.9179 14.2463 13.0525 17.3463 11.9272 11.1009
threshold=5.6500000000000012 6.0500000000000007 151.25000000000003 1.0000000180025095e-35 2.9780193236714982 56.500000000000007 5.8500000000000005 3.8876262626262625 132.83333333333334
decision_type=8 10 10 2 10 2 10 10 10
left_child=7 2 3 4 -2 -6 -7 8 -1
right_child=1 -3 -4 -5 5 6 -8 -9 -10
leaf_value=-0.039899600082461267 -0.016636317255912882 0.015839867734093117 0.039946749772754003 0.018160465085979603 0.0022010771824142318 0.14672979568395278 -0.0071125598333633099 0.013945268982012819 -0.015386578710665897
leaf_count=35248 15909 3416 583 1812 2699 130 64 1029 7931
internal_value=0 0.182336 -0.0399901 -0.100754 -0.192922 0.181755 1.46458 -0.643527 -0.688236
internal_count=68821 24613 21197 20614 18802 2893 194 44208 43179
shrinkage=0.05


Tree=38
num_leaves=10
num_cat=0
split_feature=6 6 2 2 0 6 4 5 2
split_gain=137.309 24.6804 20.3975 13.466 13.3044 8.72261 8.18702 9.90749 8.005
threshold=5.6500000000000012 5.9500000000000011 27.050000000000004 24.550000000000004 58.500000000000007 7.0500000000000007 149.16666666666671 3.6505813953488375 26.950000000000003
decision_type=8 10 10 10 2 10 10 8 10
left_child=2 3 -1 4 -2 -3 -5 -8 -7
right_child=1 5 -4 6 -6 8 7 -9 -10
leaf_value=-0.038201612526230104 -0.021337790133979698 0.010958511404381151 -0.0035675220137872674 0.0016269134635092837 0.041608458351734129 0.036316483181247673 0.053352615024761796 -0.039727987231534478 0.012216445488611942
leaf_count=40311 13211 4120 3897 5817 532 303 308 51 271
internal_value=0 0.173001 -0.631657 -0.0720285 -0.331922 0.282589 0.109539 0.743165 0.502001
internal_count=68821 24613 44208 19919 13743 4694 6176 359 574
shrinkage=0.05


Tree=39
num_leaves=10
num_cat=0
split_feature=6 6 2 2 9 0 1 5 0
split_gain=127.323 29.1142 16.9439 13.8496 12.6875 13.6069 11.6642 9.86096 10.2763
threshold=5.5500000000000007 5.9500000000000011 21.050000000000004 31.250000000000004 1.0000000180025095e-35 56.500000000000007 1.5000000000000002 3.8350340136054428 48.500000000000007
decision_type=8 10 10 10 2 2 2 10 2
left_child=3 2 -2 7 5 -4 -7 -1 -9
right_child=1 -3 4 -5 -6 6 -8 8 -10
leaf_value=-0.040229003112663989 -0.031139362856382531 0.013382352553336575 -0.0090911778504745005 0.022751857170679367 0.022113825560092424 0.049044688603072768 -0.033657269333371355 -0.02188442783573959 0.08540242638254586
leaf_count=37117 7639 4694 14947 575 1873 810 287 655 224
internal_value=0 0.142285 -0.0968314 -0.706048 -0.00051944 -0.101152 0.61986 -0.759801 0.278979
internal_count=68821 30250 25556 38571 17917 16044 1097 37996 879
shrinkage=0.05


Tree=40
num_leaves=10
num_cat=0
split_feature=6 6 2 2 0 5 0 6 2
split_gain=118.496 26.1565 15.9912 13.1921 9.91393 9.57686 9.03401 8.18374 7.34045
threshold=5.5500000000000007 5.9500000000000011 24.550000000000004 31.250000000000004 58.500000000000007 3.8350340136054428 48.500000000000007 7.0500000000000007 27.350000000000005
decision_type=8 10 10 10 2 10 2 10 10
left_child=3 2 4 5 -2 -1 -7 -3 -9
right_child=1 7 -4 -5 -6 6 -8 8 -10
leaf_value=-0.039811693111827334 -0.021908487356479669 0.0096249203466374708 0.0043132554329383347 0.02128802005085843 0.028653970418656055 -0.021343913800694104 0.077609750234383768 0.033407239082773842 0.01016131926072527
leaf_count=37117 17040 4120 7804 575 712 655 224 322 252
internal_value=0 0.134915 -0.0926408 -0.695213 -0.360627 -0.750177 0.268693 0.253106 0.466477
internal_count=68821 30250 25556 38571 17752 37996 879 4694 574
shrinkage=0.05


Tree=41
num_leaves=10
num_cat=0
split_feature=2 0 9 5 3 4 0 1 5
split_gain=46.8366 26.0092 32.3186 31.4443 11.6975 9.59015 9.22332 7.73299 8.52502
threshold=20.850000000000005 56.500000000000007 1.0000000180025095e-35 2.7596296296296301 78.833333333333357 131.83333333333334 52.500000000000007 1.5000000000000002 1.8956778606965174
decision_type=10 2 2 10 10 10 2 2 8
left_child=6 2 3 4 -2 -5 -1 8 -3
right_child=1 7 -4 5 -6 -7 -8 -9 -10
leaf_value=-0.034464764024175053 -0.021629452395456508 0.048784074323042798 0.020763078374224368 8.9767614787624979e-05 -0.004848802510327683 0.018341805238023853 -0.0049549696410603741 -5.1815149419366919e-05 0.019090081704682602
leaf_count=18312 20006 774 3896 7346 10200 2945 2645 915 1782
internal_value=0 0.0632704 -0.00706773 -0.0957556 -0.272376 0.153594 -0.54494 0.422448 0.530753
internal_count=68821 47864 44393 40497 30206 10291 20957 3471 2556
shrinkage=0.05


Tree=42
num_leaves=10
num_cat=0
split_feature=6 6 2 2 3 5 5 0 0
split_gain=107.618 22.7169 17.2761 12.4131 10.7259 9.12937 7.92254 7.87731 7.74093
threshold=5.5500000000000007 6.0500000000000007 21.050000000000004 31.250000000000004 96.833333333333357 3.8350340136054428 3.5042372881355939 48.500000000000007 31.500000000000004
decision_type=8 10 8 10 10 10 10 2 2
left_child=3 2 -2 5 8 -1 -6 -7 -4
right_child=1 -3 4 -5 6 7 -8 -9 -10
leaf_value=-0.039227741705121541 -0.030019346049881358 0.012610359199998165 -0.031465655907736659 0.019687969385372768 0.04578979890627731 -0.020958405337198078 -0.024796749093436224 0.069776527132785982 0.00063541120576676496
leaf_count=37117 7730 3416 1652 575 556 655 84 224 16812
internal_value=0 0.12632 -0.0593831 -0.680226 0.0217806 -0.736833 0.65455 0.249632 -0.0275805
internal_count=68821 30250 26834 38571 19104 37996 640 879 18464
shrinkage=0.05


Tree=43
num_leaves=10
num_cat=0
split_feature=6 6 2 2 0 9 3 0 2
split_gain=100.095 20.6818 16.2874 12.2739 8.89757 8.21058 10.3858 8.66767 7.7604
threshold=5.5500000000000007 6.1500000000000012 21.050000000000004 27.250000000000004 60.500000000000007 1.0000000180025095e-35 78.833333333333357 45.500000000000007 21.250000000000004
decision_type=8 10 8 10 2 2 10 2 8
left_child=3 2 -2 -1 -3 6 8 -7 -4
right_child=1 4 5 -5 -6 7 -8 -9 -10
leaf_value=-0.03887461088594843 -0.027432288444320253 0.011087198483017072 0.051422789750125847 -0.0039725852966779589 0.03630812585862897 0.042132142398666313 0.0067320865896852815 0.0058810382643844162 -0.012809009171334575
leaf_count=35652 7866 2389 439 2919 179 549 6960 1663 10205
internal_value=0 0.119807 -0.0315785 -0.668957 0.26031 0.0355401 -0.0353184 0.313816 -0.218668
internal_count=68821 30250 27682 38571 2568 19816 17604 2212 10644
shrinkage=0.05


Tree=44
num_leaves=10
num_cat=0
split_feature=2 0 9 5 0 0 4 4 4
split_gain=38.4571 21.5288 27.0905 27.1645 11.0991 9.37451 8.44893 8.12677 7.69884
threshold=20.850000000000005 56.500000000000007 1.0000000180025095e-35 2.7596296296296301 34.500000000000007 52.500000000000007 159.33333333333334 130.83333333333334 117.25000000000001
decision_type=8 2 2 10 2 2 10 10 8
left_child=5 2 3 4 -2 -1 -6 8 -5
right_child=1 -3 -4 7 6 -7 -8 -9 -10
leaf_value=-0.034163715620485584 -0.04047932869455001 0.018977562917344398 0.018510168703008433 0.013627568527884455 -0.011792806274311375 -0.0035257354810807103 0.030874957703498348 0.016156743468489256 -0.0086451845858529705
leaf_count=17854 4662 3474 3974 3232 25567 2616 306 3186 3950
internal_value=0 0.0543699 -0.0099678 -0.0927324 -0.259111 -0.523004 -0.209309 0.137911 -0.00980299
internal_count=68821 48351 44877 40903 30535 20470 25873 10368 7182
shrinkage=0.05


Tree=45
num_leaves=10
num_cat=0
split_feature=6 6 1 0 2 4 0 2 8
split_gain=90.8591 18.845 14.5243 11.9588 11.8484 9.6612 9.50646 10.138 7.68122
threshold=5.5500000000000007 6.4500000000000011 1.5000000000000002 61.500000000000007 27.250000000000004 154.33333333333334 31.500000000000004 30.750000000000004 1.0000000180025095e-35
decision_type=8 10 2 2 10 10 2 10 2
left_child=4 2 3 6 -1 -4 7 -2 -8
right_child=1 -3 5 -5 -6 -7 8 -9 -10
leaf_value=-0.038256659395396485 -0.04795193480746221 0.015644175781526878 -0.017566824292765553 0.050111578990121225 -0.0037601476542298579 0.030055470518139067 0.0022257270262805592 0.024706214679109825 0.020148650423861325
leaf_count=35652 2216 1322 8268 227 2919 195 16589 120 1313
internal_value=0 0.112157 0.0154959 0.0920239 -0.653491 -0.272971 0.0666082 -0.561454 0.0963056
internal_count=68821 30250 28928 20465 38571 8463 20238 2336 17902
shrinkage=0.05


Tree=46
num_leaves=10
num_cat=0
split_feature=6 6 2 2 4 2 0 1 3
split_gain=84.5144 17.059 13.9336 11.5393 9.4542 8.56047 11.3284 7.62453 13.3568
threshold=5.5500000000000007 6.5500000000000007 20.650000000000002 27.250000000000004 110.33333333333336 32.95000000000001 31.500000000000004 1.5000000000000002 109.50000000000001
decision_type=8 10 8 10 10 10 2 2 8
left_child=3 2 -2 -1 -3 6 -4 -8 -9
right_child=1 4 5 -5 -6 -7 7 8 -10
leaf_value=-0.037788249373985595 -0.022996241180862954 0.045278187777047722 -0.039130260024392696 -0.0035912679388530461 0.012890088434392002 0.022185764865501931 0.0053976231089756261 -0.011976112825616119 0.10697082634825653
leaf_count=35652 6847 100 1748 2919 1032 583 15434 4484 22
internal_value=0 0.106597 0.023454 -0.641892 0.317941 0.0646564 0.0295438 0.0530742 -0.187941
internal_count=68821 30250 29118 38571 1132 22271 21688 19940 4506
shrinkage=0.05


Tree=47
num_leaves=10
num_cat=0
split_feature=6 6 2 2 5 0 0 6 2
split_gain=78.5969 15.6909 11.2496 10.9813 9.25226 8.47329 7.24535 6.8916 8.13823
threshold=5.5500000000000007 5.9500000000000011 31.250000000000004 24.550000000000004 3.8350340136054428 61.500000000000007 48.500000000000007 7.1500000000000012 26.950000000000003
decision_type=8 10 10 10 10 2 2 10 10
left_child=2 3 4 5 -1 -2 -6 -3 -9
right_child=1 7 -4 -5 6 -7 -8 8 -10
leaf_value=-0.037354761278112464 -0.018130557261634914 0.0070595968882113426 0.019175218652125865 0.0032924012592290847 -0.018527756960739588 0.048565610584181657 0.070058349032607131 0.032554960731327888 0.0066750088001081348
leaf_count=37117 17492 4185 575 7804 655 260 224 265 244
internal_value=0 0.101372 -0.630141 -0.077329 -0.692756 -0.311611 0.322468 0.191718 0.404874
internal_count=68821 30250 38571 25556 37996 17752 879 4694 509
shrinkage=0.05


Tree=48
num_leaves=10
num_cat=0
split_feature=6 6 5 0 2 1 0 2 4
split_gain=73.0174 14.3998 12.3808 11.4387 11.1628 10.443 9.12022 9.7176 7.81694
threshold=5.5500000000000007 6.4500000000000011 2.7596296296296301 35.500000000000007 27.250000000000004 1.5000000000000002 56.500000000000007 28.250000000000004 163.33333333333334
decision_type=8 10 10 2 10 2 2 8 10
left_child=4 2 3 -2 8 6 7 -5 -1
right_child=1 -3 -4 5 -6 -7 -8 -9 -10
leaf_value=-0.038173439891416701 -0.036425148830421729 0.013605967075155812 0.0092914075951192505 -0.0083419843257756723 -0.0027802469720964013 -0.016228083713522655 0.021182929823326795 0.014674627094561108 0.057474466783447524
leaf_count=35395 3802 1322 6585 9749 2919 6643 1138 1011 257
internal_value=0 0.096379 0.0119558 -0.0962997 -0.61815 -0.0515271 0.0490497 -0.0382584 -0.736891
internal_count=68821 30250 28928 22343 38571 18541 11898 10760 35652
shrinkage=0.05


Tree=49
num_leaves=10
num_cat=0
split_feature=6 6 0 6 2 2 5 5 4
split_gain=67.7881 13.3579 10.9481 12.9233 11.7937 10.8231 8.26845 8.62515 7.83774
threshold=5.5500000000000007 5.8500000000000005 55.500000000000007 5.8500000000000005 27.450000000000003 27.250000000000004 2.9780193236714982 3.4653167602245394 134.83333333333334
decision_type=8 10 2 8 10 10 8 10 10
left_child=5 2 4 6 8 -1 -4 -8 -2
right_child=1 -3 3 -5 -6 -7 7 -9 -10
leaf_value=-0.036338350140971323 -0.022849792250630899 0.0080743727275708645 -0.011611167168050147 0.078545332328637404 0.0068163305299146371 -0.0026529482393476498 0.098497829624919958 -0.019183434606289785 0.0064306725122105796
leaf_count=35652 16720 6723 1266 509 2423 2919 131 81 2397
internal_value=0 0.0915448 -0.105026 0.444041 -0.182562 -0.606012 0.0807456 1.09841 -0.346726
internal_count=68821 30250 23527 1987 21540 38571 1478 212 19117
shrinkage=0.05


end of trees

feature importances:
H25_a1c=146
H25_bmi=115
H25_age=50
H25_lhrate=37
H25_sex=27
H25_sbp=27
H25_is_medicine=26
H25_dbp=18
H25_dl=4

parameters:
[boosting: gbdt]
[objective: binary]
[metric: binary]
[tree_learner: serial]
[device_type: cpu]
[data: ]
[valid: ]
[num_iterations: 100]
[learning_rate: 0.05]
[num_leaves: 10]
[num_threads: 0]
[max_depth: -1]
[min_data_in_leaf: 20]
[min_sum_hessian_in_leaf: 1]
[bagging_fraction: 0.4]
[bagging_freq: 0]
[bagging_seed: 3]
[feature_fraction: 0.9]
[feature_fraction_seed: 2]
[early_stopping_round: 0]
[max_delta_step: 0]
[lambda_l1: 0]
[lambda_l2: 1]
[min_gain_to_split: 0]
[drop_rate: 0.1]
[max_drop: 50]
[skip_drop: 0.5]
[xgboost_dart_mode: 0]
[uniform_drop: 0]
[drop_seed: 4]
[top_rate: 0.2]
[other_rate: 0.1]
[min_data_per_group: 100]
[max_cat_threshold: 32]
[cat_l2: 10]
[cat_smooth: 10]
[max_cat_to_onehot: 4]
[top_k: 20]
[monotone_constraints: ]
[feature_contri: ]
[forcedsplits_filename: ]
[refit_decay_rate: 0.9]
[verbosity: 0]
[max_bin: 255]
[min_data_in_bin: 3]
[bin_construct_sample_cnt: 200000]
[histogram_pool_size: -1]
[data_random_seed: 1]
[output_model: LightGBM_model.txt]
[snapshot_freq: -1]
[input_model: ]
[output_result: LightGBM_predict_result.txt]
[initscore_filename: ]
[valid_data_initscores: ]
[pre_partition: 0]
[enable_bundle: 1]
[max_conflict_rate: 0]
[is_enable_sparse: 1]
[sparse_threshold: 0.8]
[use_missing: 1]
[zero_as_missing: 0]
[two_round: 0]
[save_binary: 0]
[enable_load_from_binary_file: 1]
[header: 0]
[label_column: ]
[weight_column: ]
[group_column: ]
[ignore_column: ]
[categorical_feature: ]
[predict_raw_score: 0]
[predict_leaf_index: 0]
[predict_contrib: 0]
[num_iteration_predict: -1]
[pred_early_stop: 0]
[pred_early_stop_freq: 10]
[pred_early_stop_margin: 10]
[convert_model_language: ]
[convert_model: gbdt_prediction.cpp]
[num_class: 1]
[is_unbalance: 0]
[scale_pos_weight: 1]
[sigmoid: 1]
[boost_from_average: 1]
[reg_sqrt: 0]
[alpha: 0.9]
[fair_c: 1]
[poisson_max_delta_step: 0.7]
[tweedie_variance_power: 1.5]
[max_position: 20]
[label_gain: ]
[metric_freq: 1]
[is_provide_training_metric: 0]
[eval_at: ]
[num_machines: 1]
[local_listen_port: 12400]
[time_out: 120]
[machine_list_filename: ]
[machines: ]
[gpu_platform_id: -1]
[gpu_device_id: -1]
[gpu_use_dp: 0]

end of parameters

pandas_categorical:[]
