tree
version=v2
num_class=1
num_tree_per_iteration=1
label_index=0
max_feature_idx=9
objective=binary sigmoid:1
feature_names=H25_age H25_sex H25_bmi H25_dbp H25_sbp H25_lhrate H25_a1c H25_ht H25_dl H25_is_medicine
feature_infos=[18:74] [1:2] [0:56.200000000000003] [0:169] [0:238] [0.18181818181818185:8.5500000000000007] [3:14.800000000000001] [0:1] [0:1] [0:2]
tree_sizes=868 878 877 874 883 884 895 883 886 885 884 903 896 901 885 886 898 892 894 894 898 890 886 895 894 896 897 891 896 896 906 899 891 898 895 902 901 896 900 902 904 904 901 895 900 896 896 898 896 905

Tree=0
num_leaves=10
num_cat=0
split_feature=6 6 6 2 6 2 2 6 2
split_gain=17432.3 1509.11 956.24 278.027 238.722 101.574 82.1755 60.7854 59.4873
threshold=6.3500000000000005 6.0500000000000007 6.5500000000000007 27.150000000000002 5.8500000000000005 24.550000000000004 20.850000000000005 6.1500000000000012 26.950000000000003
decision_type=10 10 10 10 10 8 8 10 10
left_child=1 4 -2 6 8 -6 -3 -5 -1
right_child=2 3 -4 7 5 -7 -8 -9 -10
leaf_value=-3.7966718217501878 -3.1750975669796864 -3.7589905673768573 -2.5629375936933116 -3.5124636864871612 -3.7548455583350835 -3.6441522379569293 -3.5543111576049085 -3.2255362447015785 -3.7621665328195837
leaf_count=55038 549 263 1231 263 2102 1602 1168 369 6235
internal_value=0 -0.554011 20.3691 5.00911 -0.733954 0.904579 3.20946 8.60369 -0.83359
internal_count=68820 67040 1780 2063 64977 3704 1431 632 61273
shrinkage=1


Tree=1
num_leaves=10
num_cat=0
split_feature=6 6 6 2 2 2 9 2 6
split_gain=6883.51 423.906 174.757 111.143 91.4614 59.0651 45.766 44.6506 34.6369
threshold=6.1500000000000012 5.8500000000000005 7.0500000000000007 22.850000000000005 20.250000000000004 26.950000000000003 1.0000000180025095e-35 27.550000000000004 5.7500000000000009
decision_type=10 10 10 8 8 10 2 8 10
left_child=1 5 4 -3 -2 -1 -6 -5 -7
right_child=2 3 -4 7 6 8 -8 -9 -10
leaf_value=-0.044864473947800354 0.078845844456635117 -0.0092820005805284277 0.4327822409611442 0.06538336077271184 0.27795336015345684 -0.018149912215275895 0.39197363436497967 0.1497014365909729 0.067304653175830884
leaf_count=55038 165 1687 599 2010 1657 5690 469 960 545
internal_value=0 -0.666206 6.75575 1.19275 5.88789 -0.824942 6.12948 1.90301 -0.20502
internal_count=68820 65930 2890 4657 2291 61273 2126 2970 6235
shrinkage=0.05


Tree=2
num_leaves=10
num_cat=0
split_feature=6 6 6 2 2 2 3 6 2
split_gain=4850.49 224.862 221.05 96.9587 51.9338 35.5671 31.0057 28.1104 58.137
threshold=6.0500000000000007 6.2500000000000009 5.7500000000000009 25.650000000000002 20.850000000000005 26.550000000000004 81.833333333333357 6.7500000000000009 29.550000000000004
decision_type=10 10 10 8 8 10 10 10 8
left_child=2 4 5 -4 -2 -1 -5 8 -3
right_child=1 7 3 6 -6 -7 -8 -9 -10
leaf_value=-0.046111199194241878 -0.018144892102873119 0.19021612836059545 -0.0078655006424876786 0.034914493944368546 0.14639970333831129 -0.01945396154782484 0.11286711642695453 0.27981938703972936 0.31051890373467123
leaf_count=51404 218 1035 4845 1057 1423 6670 1001 896 271
internal_value=0 4.45918 -0.712001 0.393751 2.61453 -0.858595 1.4903 5.07608 4.42373
internal_count=68820 3843 64977 6903 1641 58074 2058 2202 1306
shrinkage=0.05


Tree=3
num_leaves=10
num_cat=0
split_feature=6 6 6 1 3 4 6 9 1
split_gain=3752.57 211.41 129.355 63.6946 58.4225 36.8623 36.7321 29.7593 26.8233
threshold=6.0500000000000007 5.7500000000000009 6.3500000000000005 1.5000000000000002 81.833333333333357 132.83333333333334 5.9500000000000011 1.5000000000000002 1.5000000000000002
decision_type=10 10 10 2 10 10 10 2 2
left_child=1 -1 3 7 8 -5 -6 -2 -3
right_child=2 4 -4 5 6 -7 -8 -9 -10
leaf_value=-0.042543124630024014 0.13461491591791649 0.018340289803284813 0.20144276012676859 0.00048492503932716596 0.034345898893757408 0.14104459278320358 0.12699932808730646 0.29369567039993238 -0.032023704959511831
leaf_count=58074 1417 2572 1780 442 1750 139 512 65 2069
internal_value=0 -0.700632 3.52099 2.428 0.366931 0.872239 1.17643 2.9472 -0.0749729
internal_count=68820 64977 3843 2063 6903 581 2262 1482 4641
shrinkage=0.05


Tree=4
num_leaves=10
num_cat=0
split_feature=6 6 6 2 1 4 2 2 1
split_gain=3035.69 202.307 86.7648 76.4416 59.9522 38.1107 37.2439 30.4904 27.3872
threshold=6.0500000000000007 5.7500000000000009 6.4500000000000011 25.450000000000003 1.5000000000000002 132.83333333333334 26.550000000000004 29.650000000000002 1.5000000000000002
decision_type=10 10 10 8 2 10 10 10 2
left_child=1 6 4 -3 7 -6 -1 -2 -5
right_child=2 3 -4 8 5 -7 -8 -9 -10
leaf_value=-0.045580050370659174 0.11172529641842317 -0.0090993198041403583 0.1682818585401156 0.078218634391326147 -0.00028267404043819854 0.12392750612145634 -0.017464130559166565 0.19198343205486032 -0.0024688936694289842
leaf_count=51404 1458 4716 1460 1693 485 164 6670 276 494
internal_value=0 -0.689081 2.91021 0.34253 2.19049 0.835303 -0.842925 2.59198 1.21843
internal_count=68820 64977 3843 6903 2383 649 58074 1734 2187
shrinkage=0.05


Tree=5
num_leaves=10
num_cat=0
split_feature=6 6 6 1 2 2 2 2 9
split_gain=2546.83 138.283 107.862 56.4966 45.328 37.2919 36.8046 23.3185 22.1306
threshold=5.9500000000000011 6.2500000000000009 5.7500000000000009 1.5000000000000002 25.450000000000003 26.550000000000004 20.850000000000005 29.950000000000003 1.0000000180025095e-35
decision_type=10 10 10 2 8 10 8 8 2
left_child=2 3 5 6 -4 -1 -2 -8 -6
right_child=1 -3 4 -5 8 -7 7 -9 -10
leaf_value=-0.045294380572428516 -0.042114891941203159 0.13655860842221676 -0.016133032627634668 0.0074831669621056099 0.025847750760754847 -0.016882781974326671 0.082704220175829846 0.15919108140418101 0.10760397919452958
leaf_count=51404 172 2202 3772 953 1332 6670 1713 258 344
internal_value=0 2.30754 -0.730378 1.37378 0.134905 -0.834816 1.78028 1.93706 0.896322
internal_count=68820 5298 63522 3096 5448 58074 2143 1971 1676
shrinkage=0.05


Tree=6
num_leaves=10
num_cat=0
split_feature=2 2 0 0 9 5 5 9 5
split_gain=614.434 160.757 124.151 87.5488 53.4955 42.2826 32.1546 31.1939 27.0187
threshold=24.550000000000004 30.250000000000004 55.500000000000007 53.500000000000007 1.0000000180025095e-35 2.6339745791824121 3.1440092165898625 1.0000000180025095e-35 2.9439203354297696
decision_type=10 10 2 2 2 10 10 2 8
left_child=2 3 6 4 5 -2 -1 8 -3
right_child=1 7 -4 -5 -6 -7 -8 -9 -10
leaf_value=-0.035154549775503613 -0.0096397867296417732 0.050714004898823911 0.023438977942805826 0.067900280244703265 0.059274898273495247 0.027107631849962694 0.002483519917743043 0.14038381061771407 0.11093220246178764
leaf_count=41828 7340 1122 4423 2769 1991 5213 2842 560 732
internal_value=0 0.784549 -0.518421 0.528782 0.303822 0.140298 -0.648955 1.87391 1.5284
internal_count=68820 19727 49093 17313 14544 12553 44670 2414 1854
shrinkage=0.05


Tree=7
num_leaves=10
num_cat=0
split_feature=6 6 6 2 2 2 6 2 1
split_gain=2085.9 102.604 99.7377 34.8233 34.7845 28.4997 28.1838 18.3428 17.1593
threshold=5.9500000000000011 5.7500000000000009 6.1500000000000012 25.450000000000003 26.550000000000004 22.850000000000005 7.1500000000000012 37.650000000000013 1.5000000000000002
decision_type=10 10 10 8 10 8 10 10 2
left_child=1 4 5 -3 -1 -2 -4 -6 -5
right_child=2 3 6 8 7 -7 -8 -9 -10
leaf_value=-0.044861410402287166 -0.003142728619309196 -0.015049520863645319 0.09962038637336218 0.051910073853309681 -0.020014647371381252 0.064235317361475419 0.13563413743908065 0.10952629346176551 -0.017457898361629774
leaf_count=51404 822 3772 2368 1293 6587 1586 522 83 383
internal_value=0 -0.716046 1.9425 0.119701 -0.823763 0.950177 2.20008 -0.350152 0.748102
internal_count=68820 63522 5298 5448 58074 2408 2890 6670 1676
shrinkage=0.05


Tree=8
num_leaves=10
num_cat=0
split_feature=6 6 6 1 4 2 2 5 2
split_gain=1811.27 99.2814 80.4696 43.8893 35.8713 35.2318 30.6676 19.2373 19.0706
threshold=5.9500000000000011 5.7500000000000009 6.4500000000000011 1.5000000000000002 132.83333333333334 24.950000000000003 25.850000000000005 4.0259784075573561 20.550000000000004
decision_type=10 10 10 2 10 10 8 10 8
left_child=1 5 3 8 -5 -1 -3 -7 -2
right_child=2 6 -4 4 -6 7 -8 -9 -10
leaf_value=-0.046145948030810777 -0.01394574256408479 -0.012817637537862043 0.10619280836647499 -0.01456095512519273 0.080195158923468721 -0.026855153451815911 0.03700755318692845 0.039546689965958136 0.078073010939257101
leaf_count=45486 173 3971 1460 868 265 12037 1477 551 2532
internal_value=0 -0.704899 1.72441 1.23572 0.340314 -0.815176 0.112754 -0.473681 1.49151
internal_count=68820 63522 5298 3838 1133 58074 5448 12588 2705
shrinkage=0.05


Tree=9
num_leaves=10
num_cat=0
split_feature=6 6 6 2 1 2 2 3 2
split_gain=1587.22 96.0549 69.1525 35.503 30.2035 27.3138 21.7497 18.3316 18.2356
threshold=5.9500000000000011 5.7500000000000009 6.2500000000000009 24.950000000000003 1.5000000000000002 25.450000000000003 20.850000000000005 91.833333333333357 37.650000000000013
decision_type=10 10 10 10 2 8 8 10 10
left_child=1 3 4 -1 6 -3 -2 -7 -5
right_child=2 5 -4 8 -6 7 -8 -9 -10
leaf_value=-0.045894443791273581 -0.041883968081480399 -0.01405757069080809 0.090335149376638585 -0.024549454432313978 0.0032325823309290653 0.019562480824611074 0.064383900998636223 0.10135423268837958 0.1009973870742894
leaf_count=45486 172 3772 2202 12505 953 1480 1971 196 83
internal_value=0 -0.693595 1.54624 -0.806401 0.942225 0.106472 1.19265 0.635667 -0.460671
internal_count=68820 63522 5298 58074 3096 5448 2143 1676 12588
shrinkage=0.05


Tree=10
num_leaves=10
num_cat=0
split_feature=6 6 2 2 6 2 6 3 2
split_gain=1410.95 112.797 54.124 30.6799 23.5613 20.8789 19.2691 18.5515 17.3349
threshold=5.8500000000000005 6.1500000000000012 26.750000000000004 22.850000000000005 6.7500000000000009 20.250000000000004 5.6500000000000012 91.833333333333357 37.650000000000013
decision_type=10 10 10 8 10 8 10 10 8
left_child=2 3 -1 -2 5 -3 8 -5 -4
right_child=1 4 6 7 -6 -7 -8 -9 -10
leaf_value=-0.042172604587253783 -0.010213337977849625 -0.0084575390334559256 -0.021827409865441745 0.032375412679929071 0.092763702941445814 0.069806626842803476 0.02494843269618556 0.091290044679353005 0.10151413476078197
leaf_count=54532 1687 152 5399 2634 896 1842 1267 336 75
internal_value=0 1.27831 -0.747003 0.557786 1.57393 1.32912 -0.165576 0.813138 -0.372285
internal_count=68820 7547 61273 4657 2890 1994 6741 2970 5474
shrinkage=0.05


Tree=11
num_leaves=10
num_cat=0
split_feature=2 0 2 0 9 5 5 4 9
split_gain=382.824 95.1911 76.9912 48.0524 41.7245 30.6638 28.8226 24.3548 19.1119
threshold=24.550000000000004 55.500000000000007 30.250000000000004 53.500000000000007 1.0000000180025095e-35 3.1440092165898625 2.6339745791824121 138.16666666666671 1.0000000180025095e-35
decision_type=8 2 10 2 2 10 10 10 2
left_child=1 5 3 4 6 7 -2 -1 -4
right_child=2 -3 8 -5 -6 -7 -8 -9 -10
leaf_value=-0.036068271169406828 -0.010993520933524722 0.018716157957894674 0.048810745169407282 0.046451006840003292 0.046187784997276812 0.0047622085480907086 0.018554827709449571 3.537916770257706e-05 0.09259765641138451
leaf_count=38675 7637 4416 1854 2787 2071 2794 5290 2736 560
internal_value=0 -0.47297 0.549786 0.371733 0.203437 -0.606585 0.0571004 -0.666728 1.21973
internal_count=68820 48621 20199 17785 14998 44205 12927 41411 2414
shrinkage=0.05


Tree=12
num_leaves=10
num_cat=0
split_feature=6 6 2 2 6 6 7 9 2
split_gain=1218.85 90.304 51.3415 24.5283 21.5378 20.4283 20.3348 17.8109 17.0676
threshold=5.8500000000000005 6.1500000000000012 25.350000000000005 20.850000000000005 7.1500000000000012 5.5500000000000007 1.0000000180025095e-35 1.0000000180025095e-35 34.650000000000013
decision_type=10 10 10 8 10 10 2 2 10
left_child=2 3 -1 -2 -3 8 -7 -5 -4
right_child=1 4 5 7 -6 6 -8 -9 -10
leaf_value=-0.043299939693903534 -0.031112901910411418 0.062001352915681873 -0.029248868020767343 0.022178392740145658 0.089148243496323387 -0.0037013196747406728 0.076443210141998369 0.064900201224456971 0.063279105612445291
leaf_count=49584 834 2368 8185 3121 522 3025 306 702 173
internal_value=0 1.13683 -0.733002 0.501185 1.39219 -0.312017 0.119091 0.633595 -0.523987
internal_count=68820 7547 61273 4657 2890 11689 3331 3823 8358
shrinkage=0.05


Tree=13
num_leaves=10
num_cat=0
split_feature=2 0 2 0 9 2 4 5 9
split_gain=317.452 89.6334 58.2681 31.7623 30.4411 23.6624 23.0032 19.6123 19.1406
threshold=24.550000000000004 50.500000000000007 27.250000000000004 52.500000000000007 1.0000000180025095e-35 20.850000000000005 148.16666666666671 2.9105810234541583 1.0000000180025095e-35
decision_type=8 2 10 2 2 10 10 8 2
left_child=1 -1 3 8 7 -3 -7 -4 -2
right_child=2 5 4 -5 -6 6 -8 -9 -10
leaf_value=-0.034123710374806111 -0.0069621460914916847 -0.022922898910222124 0.01839606497053629 0.034000733177264562 0.064680813418783678 0.0057411110212397124 0.070858268704981742 0.046472928998991206 0.032503331094705809
leaf_count=36294 8920 4086 3836 2458 1518 7784 457 2264 1203
internal_value=0 -0.450401 0.48304 0.177147 0.768548 0.0320125 0.216124 0.596539 -0.017638
internal_count=68820 48621 20199 12581 7618 12327 8241 6100 10123
shrinkage=0.05


Tree=14
num_leaves=10
num_cat=0
split_feature=6 6 2 3 1 6 0 2 4
split_gain=1061.68 74.3132 48.0085 34.6755 34.9676 19.0804 13.4933 12.4272 11.4781
threshold=5.8500000000000005 6.4500000000000011 25.350000000000005 92.833333333333357 1.5000000000000002 5.5500000000000007 59.500000000000007 33.050000000000004 130.83333333333334
decision_type=10 10 10 10 2 8 2 8 10
left_child=2 3 -1 4 7 -4 -3 -2 -6
right_child=1 6 5 -5 8 -7 -8 -9 -10
leaf_value=-0.042760941123354122 0.033851559769999727 0.06544601556571876 -0.032915450754281698 0.082445338524432435 -0.019436501913385289 -0.0033352780627075532 0.10541666224249963 0.082702536264304294 0.02519055123411873
leaf_count=49584 3575 1330 5312 477 1446 6377 130 158 431
internal_value=0 1.02008 -0.718868 0.670673 0.55019 -0.316229 1.38857 0.74943 -0.0977466
internal_count=68820 7547 61273 6087 5610 11689 1460 3733 1877
shrinkage=0.05


Tree=15
num_leaves=10
num_cat=0
split_feature=6 6 2 6 6 2 4 3 2
split_gain=958.172 67.3096 47.6192 19.7096 19.203 18.5508 13.227 12.7661 10.9466
threshold=5.8500000000000005 6.1500000000000012 25.250000000000004 6.7500000000000009 5.5500000000000007 20.850000000000005 136.83333333333334 90.833333333333357 26.150000000000002
decision_type=10 10 10 10 8 8 10 10 10
left_child=2 5 -1 6 -4 -2 -3 -7 -5
right_child=1 3 4 8 -6 7 -8 -9 -10
leaf_value=-0.042544583320007268 -0.029992651529115445 0.039001722905118164 -0.032910425682538977 0.082926175159523385 -0.0034092308593936757 0.019494906221879632 0.065155984567514411 0.059926747402600025 0.057198234139127328
leaf_count=49116 834 1440 5526 434 6631 3396 554 427 462
internal_value=0 0.942055 -0.707914 1.15335 -0.313586 0.408302 0.950645 0.513511 1.39467
internal_count=68820 7547 61273 2890 12157 4657 1994 3823 896
shrinkage=0.05


Tree=16
num_leaves=10
num_cat=0
split_feature=6 6 2 6 6 1 7 2 3
split_gain=867.021 58.0544 47.1986 18.212 17.2723 16.9304 15.934 15.4438 11.7131
threshold=5.8500000000000005 6.1500000000000012 25.350000000000005 7.0500000000000007 5.5500000000000007 1.5000000000000002 1.0000000180025095e-35 34.650000000000013 78.833333333333357
decision_type=10 10 10 10 10 2 2 10 10
left_child=2 5 -1 -3 7 -2 8 -4 -6
right_child=1 3 4 -5 6 -7 -8 -9 -10
leaf_value=-0.042022297406754422 0.027768954688175581 0.046192178393827776 -0.028061415268987033 0.068820382807883357 -0.028450343763139953 -0.0085106862922020542 0.063525474118340905 0.058140812522769571 0.013600514615325215
leaf_count=49584 3067 2291 8185 599 1335 1590 306 173 1690
internal_value=0 0.872831 -0.696779 1.06573 -0.294395 0.380918 0.0931526 -0.498778 -0.0838871
internal_count=68820 7547 61273 2890 11689 4657 3331 8358 3025
shrinkage=0.05


Tree=17
num_leaves=10
num_cat=0
split_feature=6 6 2 3 2 6 2 0 9
split_gain=785.891 52.5988 46.7599 23.8248 20.5473 17.8574 14.0988 11.1273 10.2079
threshold=5.8500000000000005 6.4500000000000011 25.250000000000004 92.833333333333357 20.150000000000002 5.5500000000000007 33.050000000000004 59.500000000000007 1.0000000180025095e-35
decision_type=10 10 10 10 8 8 8 2 2
left_child=2 3 -1 4 -2 -4 -6 -3 -7
right_child=1 7 5 -5 6 8 -8 -9 -10
leaf_value=-0.041795600233430513 -0.033273250668279707 0.052043306211646906 -0.031826555083346232 0.064192090162667026 0.021292914881862815 -0.010185913303700783 0.064492537279249085 0.086382320215996206 0.023136744133318184
leaf_count=49116 688 1330 5526 477 4701 5425 221 130 1206
internal_value=0 0.810475 -0.685465 0.528065 0.429094 -0.291677 0.49287 1.10936 -0.0567424
internal_count=68820 7547 61273 6087 5610 12157 4922 1460 6631
shrinkage=0.05


Tree=18
num_leaves=10
num_cat=0
split_feature=6 6 2 3 5 6 2 2 5
split_gain=714.779 73.2668 32.9923 24.3684 18.0918 16.1753 14.5045 12.2388 8.60619
threshold=5.7500000000000009 6.1500000000000012 24.950000000000003 69.833333333333357 4.0259784075573561 7.1500000000000012 32.350000000000001 30.350000000000005 0.87791327913279138
decision_type=10 10 10 10 10 10 10 8 8
left_child=2 3 -1 -2 6 8 -4 -5 -3
right_child=1 5 4 7 -6 -7 -8 -9 -10
leaf_value=-0.043672580604267694 -0.018852844884576912 -0.043701442847124322 -0.026735067028335103 0.014608686163249505 0.042295269583374671 0.061954910640265565 0.027724147142410602 0.049034011921809235 0.040961083866502414
leaf_count=45486 2258 21 11494 5087 551 522 543 511 2347
internal_value=0 0.688875 -0.734997 0.243943 -0.393415 0.923047 -0.463042 0.403379 0.805377
internal_count=68820 10746 58074 7856 12588 2890 12037 5598 2368
shrinkage=0.05


Tree=19
num_leaves=10
num_cat=0
split_feature=6 6 2 6 3 5 2 2 1
split_gain=653.188 64.2532 32.9442 19.8737 16.9362 16.4489 14.6504 13.4338 13.298
threshold=5.7500000000000009 6.0500000000000007 24.950000000000003 6.7500000000000009 81.833333333333357 4.0259784075573561 20.250000000000004 32.350000000000001 1.5000000000000002
decision_type=10 10 10 10 10 10 8 10 2
left_child=2 4 -1 6 8 7 -3 -4 -2
right_child=1 3 5 -5 -6 -7 -8 -9 -10
leaf_value=-0.043348428707038131 0.0074195296307052938 -0.020227812964187006 -0.02608495032974209 0.053290289555984117 0.024330881002571515 0.038861403926781404 0.035224276626413142 0.02578814908966473 -0.028641365706875845
leaf_count=45486 2572 248 11494 896 2262 551 2699 543 2069
internal_value=0 0.643476 -0.724476 0.823582 0.145073 -0.381113 0.662229 -0.450176 -0.112934
internal_count=68820 10746 58074 3843 6903 12588 2947 12037 4641
shrinkage=0.05


Tree=20
num_leaves=10
num_cat=0
split_feature=6 6 2 3 5 6 2 3 9
split_gain=597.647 56.8958 32.8492 20.2521 14.9802 14.2017 12.4475 10.2614 8.34281
threshold=5.7500000000000009 6.1500000000000012 24.950000000000003 69.833333333333357 4.0259784075573561 7.0500000000000007 32.350000000000001 91.833333333333357 1.0000000180025095e-35
decision_type=10 10 10 10 10 10 10 10 2
left_child=2 3 -1 -2 6 -3 8 -5 -4
right_child=1 5 4 7 -6 -7 -8 -9 -10
leaf_value=-0.043014509455897701 -0.018107018202590707 0.034327684871882064 -0.030347472822468514 0.012690493618326082 0.03580869181110697 0.053490829751439865 0.024026774553085405 0.043798827518495023 -0.00093093643029244766
leaf_count=45486 2258 2291 9861 4966 551 599 543 632 1633
internal_value=0 0.602125 -0.71376 0.213426 -0.368983 0.803857 -0.437401 0.35327 -0.5087
internal_count=68820 10746 58074 7856 12588 2890 12037 5598 11494
shrinkage=0.05


Tree=21
num_leaves=10
num_cat=0
split_feature=6 6 2 6 2 5 2 2 3
split_gain=547.488 50.3898 32.7001 17.0891 14.8359 13.6628 12.5738 11.5385 9.98586
threshold=5.7500000000000009 6.0500000000000007 24.950000000000003 6.7500000000000009 23.450000000000003 4.0259784075573561 20.250000000000004 32.350000000000001 93.833333333333357
decision_type=10 10 10 10 8 10 8 10 10
left_child=2 4 -1 6 -2 7 -3 -4 -8
right_child=1 3 5 -5 -6 -7 8 -9 -10
leaf_value=-0.042670554783745637 -0.014442648601125058 -0.020497634700201869 -0.024789083121691025 0.04713655754425003 0.01541824825755822 0.033080267828358753 0.02731962713326044 0.022419248362329083 0.055751936085119316
leaf_count=45486 3288 248 11494 896 3615 551 2458 543 241
internal_value=0 0.564305 -0.702865 0.72023 0.125393 -0.357097 0.574584 -0.424793 0.612355
internal_count=68820 10746 58074 3843 6903 12588 2947 12037 2699
shrinkage=0.05


Tree=22
num_leaves=10
num_cat=0
split_feature=6 6 2 1 4 9 2 0 0
split_gain=502.012 45.8029 32.512 20.6064 18.408 12.7558 12.6975 9.29928 10.9186
threshold=5.7500000000000009 6.3500000000000005 24.950000000000003 1.5000000000000002 174.33333333333334 1.0000000180025095e-35 27.250000000000004 55.500000000000007 47.500000000000007
decision_type=10 10 10 2 8 2 8 2 2
left_child=2 3 -1 6 -5 -4 -2 8 -3
right_child=1 7 5 4 -6 -7 -8 -9 -10
leaf_value=-0.042316327365867962 0.011456952884767262 0.04388219781605443 -0.023317293609620812 -0.011572238869972854 0.12674499116704446 0.010166279955140543 0.032875156373682164 0.051797738790396758 0.023449063994985791
leaf_count=45486 4390 631 10732 3053 22 1856 1501 484 665
internal_value=0 0.529671 -0.69177 0.279888 -0.153671 -0.34534 0.407073 0.776495 0.673714
internal_count=68820 10746 58074 8966 3075 12588 5891 1780 1296
shrinkage=0.05


Tree=23
num_leaves=10
num_cat=0
split_feature=6 6 2 1 4 5 2 2 3
split_gain=460.814 41.1142 32.2723 22.6323 15.3183 12.6219 10.8089 10.2381 9.59415
threshold=5.7500000000000009 6.4500000000000011 24.950000000000003 1.5000000000000002 162.16666666666671 4.0259784075573561 32.350000000000001 33.050000000000004 72.833333333333357
decision_type=10 10 10 2 10 10 10 8 10
left_child=2 3 -1 7 8 6 -4 -2 -5
right_child=1 -3 5 4 -6 -7 -8 -9 -10
leaf_value=-0.041951598827601938 0.01807122176919132 0.038138028742030927 -0.023677082259520053 -0.029100084849598074 0.075680048750752738 0.031801894032432304 0.021938837392429914 0.051621569902091213 0.0036105652679271948
leaf_count=45486 5897 1460 11494 1834 60 551 543 246 1249
internal_value=0 0.497878 -0.680497 0.291084 -0.144473 -0.333863 -0.401842 0.412909 -0.240706
internal_count=68820 10746 58074 9286 3143 12588 12037 6143 3083
shrinkage=0.05


Tree=24
num_leaves=10
num_cat=0
split_feature=6 6 2 6 6 9 3 9 0
split_gain=423.115 38.065 31.9943 14.2308 12.2266 12.1535 11.968 9.2301 10.0251
threshold=5.7500000000000009 6.0500000000000007 24.950000000000003 7.1500000000000012 5.4500000000000011 1.0000000180025095e-35 69.833333333333357 1.5000000000000002 56.500000000000007
decision_type=10 10 10 10 8 2 10 2 2
left_child=2 6 -1 7 -4 -6 -2 8 -3
right_child=1 3 4 -5 5 -7 -8 -9 -10
leaf_value=-0.041576163221929925 -0.019949575041384227 0.019699975258566454 -0.033685216980939146 0.044711773156059405 -0.014808095498075319 0.023705716868779102 0.010642470251478136 0.056604174406862023 0.039100184895622281
leaf_count=45486 2045 2581 4716 522 6549 1323 4858 136 604
internal_value=0 0.468294 -0.669046 0.601093 -0.322501 -0.132463 0.0917006 0.512144 0.475881
internal_count=68820 10746 58074 3843 12588 7872 6903 3321 3185
shrinkage=0.05


Tree=25
num_leaves=10
num_cat=0
split_feature=6 6 6 9 1 5 3 4 0
split_gain=388.768 34.1132 22.6314 23.7434 19.2513 16.4318 13.3947 9.46244 9.26225
threshold=5.7500000000000009 6.4500000000000011 5.5500000000000007 1.0000000180025095e-35 1.5000000000000002 2.8598245614035092 72.833333333333357 175.33333333333334 59.500000000000007
decision_type=10 10 8 2 2 10 10 8 2
left_child=2 4 -1 5 -2 -4 -6 -8 -3
right_child=1 8 3 -5 6 -7 7 -9 -10
leaf_value=-0.04200721965056832 0.018231784486689991 0.031190201281100713 -0.035007034365170227 0.017205759348523 -0.028487044168636184 -0.0018153984986811094 0.0038365352969285194 0.090791009799031056 0.060279369877468597
leaf_count=33510 6143 1330 18111 2466 1834 3987 1287 22 130
internal_value=0 0.440911 -0.657455 -0.430523 0.255022 -0.552435 -0.147689 0.188099 0.680708
internal_count=68820 10746 58074 24564 9286 22098 3143 1309 1460
shrinkage=0.05


Tree=26
num_leaves=10
num_cat=0
split_feature=6 2 6 3 5 6 2 6 0
split_gain=357.369 32.1878 31.5942 13.0986 11.5588 10.7718 10.2331 8.09244 9.86334
threshold=5.7500000000000009 24.950000000000003 6.1500000000000012 69.833333333333357 4.0259784075573561 7.1500000000000012 32.350000000000001 5.5500000000000007 55.500000000000007
decision_type=10 10 10 10 10 10 10 8 2
left_child=1 -1 3 -2 6 -4 7 -3 -9
right_child=2 4 5 -5 -6 -7 -8 8 -10
leaf_value=-0.040845517022321379 -0.017052684118747965 -0.034282368640133745 0.023673225215038365 0.011870377383741347 0.031547132518752956 0.040547767483338895 0.022916875773322593 -0.016452998363637391 0.041687863886905617
leaf_count=45486 2258 5775 2368 5598 551 522 543 5267 452
internal_value=0 -0.645685 0.415478 0.134129 -0.293109 0.560603 -0.362326 -0.436225 -0.219211
internal_count=68820 58074 10746 7856 12588 2890 12037 11494 5719
shrinkage=0.05


Tree=27
num_leaves=10
num_cat=0
split_feature=6 2 6 6 6 5 2 2 2
split_gain=328.519 31.7544 28.6697 11.7569 11.0625 10.9144 10.5274 9.78658 8.13092
threshold=5.7500000000000009 24.950000000000003 6.0500000000000007 6.7500000000000009 5.4500000000000011 4.0259784075573561 23.450000000000003 20.250000000000004 26.150000000000002
decision_type=10 10 10 10 8 10 8 8 10
left_child=1 -1 6 7 -3 -6 -2 -4 -5
right_child=2 4 3 8 5 -7 -8 -9 -10
leaf_value=-0.040438441059033853 -0.014277761750402018 -0.031864661948074711 -0.02275968275159064 0.044441333383210088 -0.0096905123544327107 0.045304430259299894 0.010656480520106731 0.021143452734444748 0.024740982870866599
leaf_count=45486 3288 4716 248 434 7485 387 3615 2699 462
internal_value=0 -0.633775 0.391701 0.505114 -0.28259 -0.102924 0.0678581 0.391274 0.68767
internal_count=68820 58074 10746 3843 12588 7872 6903 2947 896
shrinkage=0.05


Tree=28
num_leaves=10
num_cat=0
split_feature=6 2 6 1 6 4 9 9 2
split_gain=302.113 31.3592 26.0058 15.8415 12.4891 11.913 10.5043 9.00025 8.4297
threshold=5.7500000000000009 24.650000000000002 6.4500000000000011 1.5000000000000002 5.5500000000000007 162.16666666666671 1.0000000180025095e-35 1.0000000180025095e-35 33.050000000000004
decision_type=10 10 10 2 8 8 2 2 8
left_child=1 -1 3 8 -3 -5 -6 -4 -2
right_child=2 4 7 5 6 -7 -8 -9 -10
leaf_value=-0.040542681886532622 0.013077181850613871 -0.028941854675855722 0.025327430432096759 -0.012214940438650615 -0.011440985518199019 0.061728141480871107 0.026330612885786558 0.048432929989363209 0.042376474715578143
leaf_count=43926 5897 7066 1247 3083 5889 60 1193 213 246
internal_value=0 -0.621727 0.369607 0.210132 -0.290631 -0.155532 -0.0557744 0.577831 0.30673
internal_count=68820 58074 10746 9286 14148 3143 7082 1460 6143
shrinkage=0.05


Tree=29
num_leaves=10
num_cat=0
split_feature=6 2 6 6 6 9 3 2 2
split_gain=277.977 30.8792 23.9642 12.0559 10.8196 10.3888 9.2932 10.6543 8.56665
threshold=5.7500000000000009 24.650000000000002 6.0500000000000007 5.4500000000000011 7.1500000000000012 1.0000000180025095e-35 81.833333333333357 33.550000000000004 37.750000000000007
decision_type=10 10 10 8 10 2 10 8 8
left_child=1 -1 6 -3 -4 8 -2 -8 -5
right_child=2 3 4 5 -6 -7 7 -9 -10
leaf_value=-0.040128677687791471 -0.0069750385362994001 -0.032335423796084305 0.01888868245320504 -0.014876437694241901 0.035335316073026077 0.021830128444007418 0.0094039366866503233 0.073505201163816689 0.085257144274138552
leaf_count=43926 4641 5358 3321 7320 522 1434 2177 85 36
internal_value=0 -0.609573 0.349085 -0.280316 0.451962 -0.0989816 0.0545593 0.285927 -0.25473
internal_count=68820 58074 10746 14148 3843 8790 6903 2262 7356
shrinkage=0.05


Tree=30
num_leaves=10
num_cat=0
split_feature=2 0 9 5 0 5 4 9 2
split_gain=78.9358 38.9713 25.345 18.6423 21.6215 17.2043 13.5964 10.6073 10.5663
threshold=23.750000000000004 51.500000000000007 1.0000000180025095e-35 2.9270509977827057 56.500000000000007 2.1858803986710966 159.25000000000003 1.0000000180025095e-35 28.350000000000005
decision_type=8 2 2 8 2 10 10 2 8
left_child=1 5 3 4 6 -1 -2 -7 -4
right_child=2 -3 8 -5 -6 7 -8 -9 -10
leaf_value=-0.035386186846385795 -0.0094792526748512119 0.0032450884840893404 0.013825343959743153 0.015364045207506304 0.023426120501783002 -0.015094614340969517 0.049620295825384006 0.040904031888487548 0.038454487298874573
leaf_count=25436 14458 8886 2743 6099 1253 8069 181 551 1144
internal_value=0 -0.343781 0.173176 0.0782527 -0.0514455 -0.547926 -0.154742 -0.199273 0.505528
internal_count=68820 42942 25878 21991 15892 34056 14639 8620 3887
shrinkage=0.05


Tree=31
num_leaves=10
num_cat=0
split_feature=6 2 6 7 6 2 6 9 2
split_gain=249.032 29.3156 22.1405 11.5171 11.3265 9.41568 8.89836 8.65147 7.94193
threshold=5.7500000000000009 24.650000000000002 6.6500000000000012 1.0000000180025095e-35 5.4500000000000011 38.150000000000013 5.9500000000000011 1.0000000180025095e-35 20.150000000000002
decision_type=10 10 10 2 8 8 10 2 8
left_child=1 -1 3 6 -3 -5 -2 -6 -8
right_child=2 4 -4 5 7 -7 8 -9 -10
leaf_value=-0.039488224837377434 -0.0036650158761855353 -0.031788638237134424 0.028317610039855463 0.024224241058362142 -0.012281227345219652 0.10317967916199383 -0.025484139820027236 0.018808863406757931 0.013306239605427907
leaf_count=43926 5088 5358 1045 746 7356 23 403 1434 3441
internal_value=0 -0.593061 0.324529 0.209078 -0.273772 0.582399 0.151641 -0.0997284 0.235571
internal_count=68820 58074 10746 9701 14148 769 8932 8790 3844
shrinkage=0.05


Tree=32
num_leaves=10
num_cat=0
split_feature=6 2 6 6 1 4 5 4 3
split_gain=229.2 28.7699 20.0627 10.7685 10.5835 11.9998 9.33291 8.33493 7.01292
threshold=5.7500000000000009 24.650000000000002 6.6500000000000012 5.4500000000000011 1.5000000000000002 162.16666666666671 3.209914320685435 120.33333333333336 91.833333333333357
decision_type=10 10 10 8 2 8 10 10 10
left_child=1 -1 4 -3 8 -6 -5 -8 -2
right_child=2 3 -4 6 5 -7 7 -9 -10
leaf_value=-0.03904574840816754 0.010753623095407913 -0.031187534462329986 0.026853859240260028 -0.012607963204744993 -0.008022688626558255 0.056112292013560577 -0.025819193804073368 0.03370204712706068 0.028792492358919654
leaf_count=43926 5760 5358 1045 7012 3175 67 471 1307 699
internal_value=0 -0.580673 0.306952 -0.263887 0.197546 -0.0739552 -0.0952482 0.384583 0.268998
internal_count=68820 58074 10746 14148 9701 3242 8790 1778 6459
shrinkage=0.05


Tree=33
num_leaves=10
num_cat=0
split_feature=6 2 6 1 6 3 5 4 2
split_gain=210.92 28.1834 18.6182 10.9606 10.2371 7.8688 7.68842 11.5634 7.47297
threshold=5.7500000000000009 24.650000000000002 6.2500000000000009 1.5000000000000002 5.5500000000000007 73.833333333333357 3.1862435947970043 120.33333333333336 31.250000000000004
decision_type=10 10 10 2 8 10 10 10 10
left_child=1 -1 3 -2 8 -5 -6 -8 -3
right_child=2 4 -4 5 6 -7 7 -9 -10
leaf_value=-0.038591838775839368 0.010332973405038243 -0.032039531046732961 0.021197088478648554 -0.029163735940811793 -0.010467439479495896 0.0036613901448726235 -0.036444936221767983 0.038223383407941486 0.018143061023470169
leaf_count=43926 5581 6639 2202 1817 5570 1146 400 1112 427
internal_value=0 -0.568223 0.290281 0.116778 -0.254331 -0.228498 -0.0456998 0.410075 -0.533473
internal_count=68820 58074 10746 8544 14148 2963 7082 1512 7066
shrinkage=0.05


Tree=34
num_leaves=10
num_cat=0
split_feature=6 2 6 6 7 5 4 2 2
split_gain=194.016 27.5652 17.2654 9.81567 9.77257 11.2202 11.5418 8.40789 8.36656
threshold=5.7500000000000009 24.650000000000002 6.6500000000000012 5.4500000000000011 1.0000000180025095e-35 2.9105810234541583 139.25000000000003 38.150000000000013 37.650000000000013
decision_type=10 10 10 8 2 8 10 8 8
left_child=1 -1 4 -3 5 6 -2 -6 -5
right_child=2 3 -4 8 7 -7 -8 -9 -10
leaf_value=-0.038126522682844721 -0.0035916611533644326 -0.030043024132897667 0.024398752756671242 -0.0063671186881812461 0.021071242168535797 0.017232133201442922 0.020813833723369844 0.093952868951263951 0.076572141942931229
leaf_count=43926 6032 5358 1045 8736 746 2125 775 23 54
internal_value=0 -0.555715 0.274412 -0.245019 0.173963 0.121285 0.0162796 0.512415 -0.0857234
internal_count=68820 58074 10746 14148 9701 8932 6807 769 8790
shrinkage=0.05


Tree=35
num_leaves=10
num_cat=0
split_feature=6 2 6 3 1 6 5 9 4
split_gain=178.514 26.9535 15.9305 11.1758 9.55707 9.3155 8.04264 7.46469 6.82371
threshold=5.7500000000000009 24.650000000000002 6.4500000000000011 72.833333333333357 1.5000000000000002 5.4500000000000011 4.0259784075573561 1.0000000180025095e-35 137.83333333333334
decision_type=10 10 10 10 2 8 10 2 10
left_child=1 8 3 4 -2 -3 -7 -4 -1
right_child=2 5 7 -5 -6 6 -8 -9 -10
leaf_value=-0.04032316468695521 0.0039383839720559186 -0.029426927539961751 0.017941961623592056 0.011164280983608964 -0.026959588648089807 -0.0080255438605175457 0.037326789445257712 0.038699794165478946 -0.01136366535145306
leaf_count=40002 1531 5358 1247 5921 1834 8379 411 213 3924
internal_value=0 -0.543048 0.259848 0.138782 -0.143621 -0.235557 -0.0813102 0.422514 -0.752997
internal_count=68820 58074 10746 9286 3365 14148 8790 1460 43926
shrinkage=0.05


Tree=36
num_leaves=10
num_cat=0
split_feature=6 2 6 2 4 6 5 4 5
split_gain=164.211 26.3055 14.9639 12.8216 9.37893 9.07108 13.0655 9.52336 8.10171
threshold=5.7500000000000009 24.950000000000003 6.7500000000000009 27.250000000000004 139.25000000000003 5.5500000000000007 2.1858803986710966 143.83333333333334 4.0259784075573561
decision_type=10 10 10 8 10 8 10 10 10
left_child=1 5 3 4 -2 -1 -7 -8 -3
right_child=2 8 -4 -5 -6 6 7 -9 -10
leaf_value=-0.044561911596149098 -0.0014515644057988162 -0.013789256746968639 0.02335247434000693 0.017145926847000385 0.020438490283207524 -0.038158044899656123 -0.008147234081407044 0.085158411925424921 0.026873674003043996
leaf_count=27255 6751 12037 896 2255 844 11843 6088 300 551
internal_value=0 -0.530415 0.24596 0.162483 0.0425329 -0.731312 -0.494874 -0.0247926 -0.208609
internal_count=68820 58074 10746 9850 7595 45486 18231 6388 12588
shrinkage=0.05


Tree=37
num_leaves=10
num_cat=0
split_feature=6 6 6 5 9 3 0 6 0
split_gain=151.373 18.8809 18.5655 16.4384 11.8045 9.14503 8.92328 7.71533 6.69445
threshold=5.6500000000000012 6.0500000000000007 5.5500000000000007 2.573922282938677 1.0000000180025095e-35 72.833333333333357 53.500000000000007 7.1500000000000012 55.500000000000007
decision_type=10 10 8 10 2 10 2 10 2
left_child=2 4 -1 -4 5 -2 -5 -3 -9
right_child=1 7 3 6 -6 -7 -8 8 -10
leaf_value=-0.03770974663269349 -0.023235809501144594 0.01257683108389107 -0.0268524415250979 -0.00070818809785707141 0.019839929807298283 0.00044199503537862824 0.058295077988318893 0.019385961260112217 0.045687461361734474
leaf_count=33510 4211 3321 14612 4808 1555 5647 634 388 134
internal_value=0 0.2158 -0.556705 -0.292829 -0.0146515 -0.127968 0.136864 0.311501 0.527901
internal_count=68820 15256 53564 20054 11413 9858 5442 3843 522
shrinkage=0.05


Tree=38
num_leaves=10
num_cat=0
split_feature=6 2 6 9 2 4 0 9 5
split_gain=139.537 20.8183 16.9489 10.5558 10.4448 7.72078 7.39459 12.6475 12.0316
threshold=5.6500000000000012 24.650000000000002 6.0500000000000007 1.0000000180025095e-35 37.650000000000013 137.83333333333334 56.500000000000007 1.5000000000000002 2.9105810234541583
decision_type=10 10 10 2 8 10 2 2 8
left_child=1 5 3 -2 -3 -1 7 8 -4
right_child=2 4 6 -5 -6 -7 -8 -9 -10
leaf_value=-0.040430825394122259 -0.0061242826294458019 -0.014458041784752169 0.0040021233914548848 0.018538765071788227 0.071287764603647094 -0.007304396558154751 0.025525260428651622 0.049095649936145382 0.020856613173976246
leaf_count=37223 9858 12658 2039 1555 75 3608 746 110 948
internal_value=0 -0.544045 0.204562 -0.0140382 -0.247381 -0.745864 0.294909 0.237489 0.201637
internal_count=68820 53564 15256 11413 12733 40831 3843 3097 2987
shrinkage=0.05


Tree=39
num_leaves=10
num_cat=0
split_feature=6 2 6 9 2 3 6 0 6
split_gain=128.582 20.3497 15.1947 9.44224 9.40993 8.56056 7.28588 7.10726 7.10328
threshold=5.6500000000000012 24.650000000000002 6.0500000000000007 1.0000000180025095e-35 31.250000000000004 72.833333333333357 7.1500000000000012 51.500000000000007 5.5500000000000007
decision_type=10 10 10 2 10 10 10 2 8
left_child=1 -1 3 5 8 -2 -4 -6 -3
right_child=2 4 6 -5 7 -7 -8 -9 -10
leaf_value=-0.03680008460238076 -0.022423158030320602 -0.029200205821238081 0.011079372759189535 0.017343148568608451 0.008640685725421102 0.00072711030848501205 0.024500631489996958 0.098243894903480886 -0.0053065358468518059
leaf_count=40831 4211 6639 3321 1555 707 5647 522 84 5303
internal_value=0 -0.531342 0.193878 -0.0133447 -0.237699 -0.117067 0.279085 0.470733 -0.329861
internal_count=68820 53564 15256 11413 12733 9858 3843 791 11942
shrinkage=0.05


Tree=40
num_leaves=10
num_cat=0
split_feature=6 2 6 4 2 4 5 0 2
split_gain=118.431 19.8561 13.648 9.30352 9.06802 7.88915 7.87229 11.3825 8.77846
threshold=5.6500000000000012 24.650000000000002 6.0500000000000007 149.16666666666671 37.650000000000013 137.83333333333334 2.8099343185550087 42.500000000000007 28.450000000000003
decision_type=10 10 10 10 10 10 10 2 8
left_child=1 5 3 6 -3 -1 8 -8 -2
right_child=2 4 -4 -5 -6 -7 7 -9 -10
leaf_value=-0.039635588006112936 -0.015923185448506315 -0.013471812192409822 0.013215781373128177 0.031023901926241465 0.064230476011927037 -0.0054719913753455557 0.045187168222877265 -0.00088843078816686159 0.013161720120063556
leaf_count=37223 7675 12658 3843 531 75 3608 581 1921 705
internal_value=0 -0.518588 0.183811 -0.0127873 -0.228272 -0.725891 -0.0709456 0.195072 -0.198334
internal_count=68820 53564 15256 11413 12733 40831 10882 2502 8380
shrinkage=0.05


Tree=41
num_leaves=10
num_cat=0
split_feature=2 9 0 5 4 4 3 5 0
split_gain=43.194 22.0905 24.0318 25.8606 9.73682 9.22425 7.35481 6.92583 6.71611
threshold=20.850000000000005 1.0000000180025095e-35 56.500000000000007 2.6339745791824121 163.33333333333334 131.83333333333334 78.833333333333357 2.0515030946065433 52.500000000000007
decision_type=8 2 2 8 10 10 10 10 2
left_child=8 2 3 4 6 -5 -2 -6 -1
right_child=1 -3 -4 5 7 -7 -8 -9 -10
leaf_value=-0.034371056539051058 -0.021360949632117366 0.01709036914519654 0.018372021654244664 -0.001097135428779591 0.09326104997511335 0.016113781064058603 -0.0074286243832248624 -0.0052699988514589647 -0.0080036655667851675
leaf_count=16090 17898 5620 3278 8414 91 3600 10923 68 2838
internal_value=0 0.0555499 -0.0173448 -0.0911959 -0.264899 0.118436 -0.285606 0.9139 -0.554639
internal_count=68820 49892 44272 40994 28980 12014 28821 159 18928
shrinkage=0.05


Tree=42
num_leaves=10
num_cat=0
split_feature=6 2 6 2 4 2 2 4 5
split_gain=106.067 18.7921 12.536 11.2025 8.96072 8.33151 7.90115 7.6621 7.44351
threshold=5.6500000000000012 24.650000000000002 6.7500000000000009 27.250000000000004 148.16666666666671 31.250000000000004 27.350000000000005 137.83333333333334 2.4294755877034366
decision_type=10 10 10 8 10 10 10 10 10
left_child=1 7 3 4 -2 -3 -4 -1 -9
right_child=2 5 6 -5 -6 -7 -8 8 -10
leaf_value=-0.039002347413008467 -0.0024749958900222948 -0.015491155625157261 0.026626906405554304 0.013140360648317273 0.026501931059248141 0.021879385818272059 0.0072904978102193777 -0.023616833161860359 0.042611959399831922
leaf_count=37223 10994 11942 531 2865 501 791 365 2737 871
internal_value=0 -0.501349 0.171495 0.100591 -0.00665611 -0.219847 0.376619 -0.710792 -0.102657
internal_count=68820 53564 15256 14360 11495 12733 896 40831 3608
shrinkage=0.05


Tree=43
num_leaves=10
num_cat=0
split_feature=6 6 9 5 2 5 6 2 2
split_gain=99.8792 26.5349 17.8372 11.5976 10.2647 8.90672 7.14439 6.18519 8.42227
threshold=5.5500000000000007 5.9500000000000011 1.0000000180025095e-35 2.6339745791824121 31.250000000000004 2.042403356308061 7.1500000000000012 27.650000000000002 28.050000000000004
decision_type=8 10 2 10 10 10 10 10 10
left_child=4 2 3 -2 -1 -4 -3 -8 -9
right_child=1 6 5 -5 -6 -7 7 8 -10
leaf_value=-0.03802084537788733 -0.020292035235286221 0.0086553594673322836 -0.0098017716857665659 0.0014116783446477782 0.01967923439638343 0.029599989651962862 0.030842031371308726 -0.038859449819317916 0.01644648183387128
leaf_count=33083 19978 4776 1298 6799 427 1937 308 29 185
internal_value=0 0.110816 -0.124175 -0.240926 -0.708628 0.343005 0.223042 0.435475 0.166461
internal_count=68820 35310 30012 26777 33510 3235 5298 522 214
shrinkage=0.05


Tree=44
num_leaves=10
num_cat=0
split_feature=2 9 0 5 4 4 4 2 5
split_gain=36.5905 18.048 20.2841 21.6327 8.58283 7.78328 6.76373 6.38912 7.13927
threshold=20.850000000000005 1.0000000180025095e-35 56.500000000000007 2.6339745791824121 163.33333333333334 131.83333333333334 116.16666666666667 38.45000000000001 2.1478445658773535
decision_type=8 2 2 8 10 10 8 8 10
left_child=-1 2 3 4 -2 6 -5 8 -3
right_child=1 7 -4 5 -6 -7 -8 -9 -10
leaf_value=-0.026376042707000565 -0.013417640997081008 0.00068596424745856694 0.016779398102051563 0.013667228941778284 0.042217856445767359 0.014521698563585615 -0.0071733599061248035 0.060151357926699206 0.020151124571575731
leaf_count=18928 28821 2381 3278 3050 159 3600 5364 117 3122
internal_value=0 0.0501316 -0.01685 -0.0857353 -0.24809 0.104738 -0.0252217 0.306382 0.272004
internal_count=68820 49892 44272 40994 28980 12014 8414 5620 5503
shrinkage=0.05


Tree=45
num_leaves=10
num_cat=0
split_feature=6 6 9 5 2 5 6 0 6
split_gain=91.4967 23.2603 15.0525 10.0994 9.70035 7.27108 6.64053 5.84413 5.47754
threshold=5.5500000000000007 5.9500000000000011 1.0000000180025095e-35 2.6339745791824121 31.250000000000004 2.042403356308061 7.1500000000000012 50.500000000000007 7.6500000000000012
decision_type=8 10 2 10 10 10 10 2 10
left_child=4 2 3 -2 -1 -4 -3 8 -8
right_child=1 6 5 -5 -6 -7 7 -9 -10
leaf_value=-0.03741326541084896 -0.019268550451142979 0.0080506400977788575 -0.0094142422498016964 0.0010745848458930392 0.018229924370812247 0.026049081275597727 0.028743053031867274 0.031560490515932904 -0.0010344216561691828
leaf_count=33083 19978 4776 1298 6799 427 1937 96 257 169
internal_value=0 0.104355 -0.117005 -0.227113 -0.694992 0.30462 0.208878 0.414187 0.199935
internal_count=68820 35310 30012 26777 33510 3235 5298 522 265
shrinkage=0.05


Tree=46
num_leaves=10
num_cat=0
split_feature=6 6 9 2 5 5 6 4 2
split_gain=85.2891 20.979 13.6281 9.50246 9.39194 6.39663 6.10453 6.66596 7.26567
threshold=5.5500000000000007 5.9500000000000011 1.0000000180025095e-35 27.250000000000004 2.6339745791824121 2.042403356308061 7.0500000000000007 151.25000000000003 27.350000000000005
decision_type=8 10 2 10 10 10 10 10 10
left_child=3 2 4 -1 -2 -4 -3 8 -8
right_child=1 6 5 -5 -6 -7 7 -9 -10
leaf_value=-0.039525611921805918 -0.018662646372644205 0.0074126226363502691 -0.0090428177999027273 -0.006268730897453223 0.001020340927063153 0.024198181117262609 0.025069511098236536 0.050473444779405123 0.0013234754346634799
leaf_count=31106 19978 4699 1298 2404 6799 1937 313 59 227
internal_value=0 0.0991749 -0.111938 -0.68402 -0.2183 0.285536 0.198039 0.378894 0.303699
internal_count=68820 35310 30012 33510 26777 3235 5298 599 540
shrinkage=0.05


Tree=47
num_leaves=10
num_cat=0
split_feature=6 6 9 2 5 5 6 5 2
split_gain=79.5033 18.9293 12.3414 9.30487 8.72569 5.63994 5.63603 5.40116 5.80912
threshold=5.5500000000000007 5.9500000000000011 1.0000000180025095e-35 27.250000000000004 2.6339745791824121 2.042403356308061 7.1500000000000012 1.3764073371284 25.050000000000004
decision_type=8 10 2 10 10 10 10 8 10
left_child=3 2 4 -1 -2 7 -3 8 -4
right_child=1 6 5 -5 -6 -7 -8 -9 -10
leaf_value=-0.039091885753076164 -0.018065265110485253 0.0072071840248026714 -0.018602974111176004 -0.0060029601835913486 0.00096888478482203574 0.022516824953607132 0.018888355809888208 -0.022022393322597065 0.082643304650226637
leaf_count=31106 19978 4776 269 2404 6799 1937 522 957 72
internal_value=0 0.0942793 -0.107063 -0.672914 -0.20974 0.267889 0.187833 -0.173666 0.736531
internal_count=68820 35310 30012 33510 26777 3235 5298 1298 341
shrinkage=0.05


Tree=48
num_leaves=10
num_cat=0
split_feature=6 6 5 2 2 2 4 5 5
split_gain=74.0812 17.0593 10.2357 9.10016 7.40199 6.6553 6.2505 6.53841 6.42325
threshold=5.5500000000000007 5.8500000000000005 2.1478445658773535 27.250000000000004 37.750000000000007 20.250000000000004 147.25000000000003 2.9603921568627456 2.7802439024390249
decision_type=8 10 10 10 10 8 10 8 10
left_child=3 2 -2 -1 6 -3 -4 8 -8
right_child=1 5 4 -5 -6 -7 7 -9 -10
leaf_value=-0.038646700349703744 -0.019447067746503226 -0.015272433360150064 -0.0032290754899750012 -0.0057470528235585988 0.07846119329913348 0.0090478829108290304 0.026679964095532582 -0.0071115632834858281 0.14434959508569944
leaf_count=31106 15254 809 11924 2404 37 6738 271 218 59
internal_value=0 0.0896119 -0.143219 -0.661632 0.0302523 0.162516 -0.00370604 0.726976 1.40178
internal_count=68820 35310 27763 33510 12509 7547 12472 548 330
shrinkage=0.05


Tree=49
num_leaves=10
num_cat=0
split_feature=6 6 9 2 5 3 6 6 4
split_gain=69.0238 15.5535 11.0917 8.98819 7.72599 7.63201 5.32341 5.22408 6.22693
threshold=5.5500000000000007 5.9500000000000011 1.0000000180025095e-35 25.350000000000005 2.6339745791824121 101.25000000000001 5.7500000000000009 7.0500000000000007 151.25000000000003
decision_type=8 10 2 10 10 10 10 10 10
left_child=3 2 4 -1 6 -5 -2 -3 -9
right_child=1 7 -4 5 -6 -7 -8 8 -10
leaf_value=-0.040801801325565046 -0.025234405568106907 0.006198514762266974 0.012714184777839213 -0.01795219950570803 0.00082478202597410463 0.073699609450904077 -0.0058332448097179425 0.013260324619952005 0.047534835275591616
leaf_count=28198 16689 4699 3235 5174 6799 138 3289 540 59
internal_value=0 0.0852495 -0.0985699 -0.650181 -0.197588 -0.270403 -0.343391 0.169422 0.337543
internal_count=68820 35310 30012 33510 26777 5312 19978 5298 599
shrinkage=0.05


end of trees

feature importances:
H25_a1c=145
H25_bmi=123
H25_lhrate=45
H25_is_medicine=34
H25_sbp=32
H25_dbp=25
H25_age=24
H25_sex=18
H25_ht=4

parameters:
[boosting: gbdt]
[objective: binary]
[metric: binary]
[tree_learner: serial]
[device_type: cpu]
[data: ]
[valid: ]
[num_iterations: 100]
[learning_rate: 0.05]
[num_leaves: 10]
[num_threads: 0]
[max_depth: -1]
[min_data_in_leaf: 20]
[min_sum_hessian_in_leaf: 1]
[bagging_fraction: 0.4]
[bagging_freq: 0]
[bagging_seed: 3]
[feature_fraction: 0.9]
[feature_fraction_seed: 2]
[early_stopping_round: 0]
[max_delta_step: 0]
[lambda_l1: 0]
[lambda_l2: 1]
[min_gain_to_split: 0]
[drop_rate: 0.1]
[max_drop: 50]
[skip_drop: 0.5]
[xgboost_dart_mode: 0]
[uniform_drop: 0]
[drop_seed: 4]
[top_rate: 0.2]
[other_rate: 0.1]
[min_data_per_group: 100]
[max_cat_threshold: 32]
[cat_l2: 10]
[cat_smooth: 10]
[max_cat_to_onehot: 4]
[top_k: 20]
[monotone_constraints: ]
[feature_contri: ]
[forcedsplits_filename: ]
[refit_decay_rate: 0.9]
[verbosity: 0]
[max_bin: 255]
[min_data_in_bin: 3]
[bin_construct_sample_cnt: 200000]
[histogram_pool_size: -1]
[data_random_seed: 1]
[output_model: LightGBM_model.txt]
[snapshot_freq: -1]
[input_model: ]
[output_result: LightGBM_predict_result.txt]
[initscore_filename: ]
[valid_data_initscores: ]
[pre_partition: 0]
[enable_bundle: 1]
[max_conflict_rate: 0]
[is_enable_sparse: 1]
[sparse_threshold: 0.8]
[use_missing: 1]
[zero_as_missing: 0]
[two_round: 0]
[save_binary: 0]
[enable_load_from_binary_file: 1]
[header: 0]
[label_column: ]
[weight_column: ]
[group_column: ]
[ignore_column: ]
[categorical_feature: ]
[predict_raw_score: 0]
[predict_leaf_index: 0]
[predict_contrib: 0]
[num_iteration_predict: -1]
[pred_early_stop: 0]
[pred_early_stop_freq: 10]
[pred_early_stop_margin: 10]
[convert_model_language: ]
[convert_model: gbdt_prediction.cpp]
[num_class: 1]
[is_unbalance: 0]
[scale_pos_weight: 1]
[sigmoid: 1]
[boost_from_average: 1]
[reg_sqrt: 0]
[alpha: 0.9]
[fair_c: 1]
[poisson_max_delta_step: 0.7]
[tweedie_variance_power: 1.5]
[max_position: 20]
[label_gain: ]
[metric_freq: 1]
[is_provide_training_metric: 0]
[eval_at: ]
[num_machines: 1]
[local_listen_port: 12400]
[time_out: 120]
[machine_list_filename: ]
[machines: ]
[gpu_platform_id: -1]
[gpu_device_id: -1]
[gpu_use_dp: 0]

end of parameters

pandas_categorical:[]
