tree
version=v2
num_class=1
num_tree_per_iteration=1
label_index=0
max_feature_idx=8
objective=binary sigmoid:1
feature_names=H25_age H25_sex H25_bmi H25_dbp H25_sbp H25_lhrate H25_a1c H25_ht H25_dm
feature_infos=[18:74] [1:2] [0:54.899999999999999] [0:169] [0:238] [0.097560975609756101:8.8461538461538485] [2.7999999999999998:15.300000000000001] [0:1] [0:1]
tree_sizes=720 737 731 737 738 737 736 736 739 735 737 737 736 746 748 737 746 745 746 741 741 741 740 737 741

Tree=0
num_leaves=8
num_cat=0
split_feature=5 0 6 0 5 5 3
split_gain=668.245 176.697 147.223 120.379 61.4822 48.1287 43.8223
threshold=2.8224014336917569 49.500000000000007 5.9500000000000011 45.500000000000007 1.8091736694677871 1.9844951923076926 73.833333333333357
decision_type=10 2 10 2 8 10 10
left_child=1 5 3 -2 -3 -1 -4
right_child=2 4 6 -5 -6 -7 -8
leaf_value=-4.0745373523029729 -4.00814338731682 -4.0425162360973763 -3.9727214186495674 -3.9247011055034049 -3.9924627690976382 -4.0466252485488905 -3.8147111513528587
leaf_count=25695 5539 6572 387 4665 7796 14024 1286
internal_value=0 -0.361047 1.63789 1.27876 0.364602 -0.623694 3.71114
internal_count=65964 54087 11877 10204 14368 39719 1673
shrinkage=1


Tree=1
num_leaves=8
num_cat=0
split_feature=6 0 4 4 3 7 0
split_gain=278.318 190.011 64.1696 58.7195 33.077 32.8255 25.6233
threshold=5.9500000000000011 44.500000000000007 137.25000000000003 130.83333333333334 90.833333333333357 1.0000000180025095e-35 57.500000000000007
decision_type=10 2 8 10 10 2 2
left_child=1 4 5 -2 -1 6 -3
right_child=3 2 -4 -5 -6 -7 -8
leaf_value=-0.031160197160032068 0.047629341758042953 2.965632387632649e-05 0.055434789873472383 0.1293274695009152 0.033609813271327914 0.075450533186243646 0.044307704987387911
leaf_count=30134 3021 22228 4490 2073 1166 892 1960
internal_value=0 -0.150088 0.282409 1.64966 -0.573228 0.130887 0.075968
internal_count=65964 60870 29570 5094 31300 25080 24188
shrinkage=0.05


Tree=2
num_leaves=8
num_cat=0
split_feature=5 0 5 0 5 5 6
split_gain=553.904 152.946 85.84 66.3316 50.622 47.254 44.2925
threshold=2.8224014336917569 49.500000000000007 3.7521929824561409 45.500000000000007 1.8091736694677871 1.9844951923076926 6.1500000000000012
decision_type=10 2 10 2 8 10 10
left_child=1 5 3 6 -3 -1 -2
right_child=2 4 -4 -5 -6 -7 -8
leaf_value=-0.040398219637971945 0.010800587338694483 -0.0095758392551906837 0.13070316107590257 0.083361869408097561 0.034976051920208313 -0.012285165593866589 0.14246800608389359
leaf_count=25695 4534 6572 2464 4612 7796 14024 267
internal_value=0 -0.348075 1.41075 1.08036 0.304722 -0.605688 0.433672
internal_count=65964 54087 11877 9413 14368 39719 4801
shrinkage=0.05


Tree=3
num_leaves=8
num_cat=0
split_feature=6 0 2 2 3 2 0
split_gain=214.721 164.361 98.4282 50.831 42.6565 34.5364 29.9399
threshold=5.9500000000000011 44.500000000000007 23.950000000000003 33.250000000000007 91.833333333333357 21.650000000000002 58.500000000000007
decision_type=10 2 10 10 10 10 2
left_child=1 3 6 5 -2 -1 -3
right_child=4 2 -4 -5 -6 -7 -8
leaf_value=-0.044677444099984281 0.05463615014248685 -0.0073180983707818743 0.042280579462348672 0.10690957446773718 0.1497789282205213 -0.017877531733132772 0.048935498170485758
leaf_count=13561 4503 18528 9741 348 591 17391 1301
internal_value=0 -0.141302 0.24864 -0.551371 1.36034 -0.588168 -0.0639803
internal_count=65964 60870 29570 31300 5094 30952 19829
shrinkage=0.05


Tree=4
num_leaves=8
num_cat=0
split_feature=5 5 3 7 5 6 1
split_gain=456.429 90.6453 76.806 53.4808 48.2001 48.1863 33.1461
threshold=2.8224014336917569 1.8187294633077766 89.833333333333357 1.0000000180025095e-35 4.1476034858387809 5.5500000000000007 1.5000000000000002
decision_type=10 10 10 2 10 10 2
left_child=1 -1 3 4 6 -3 -2
right_child=2 5 -4 -5 -6 -7 -8
leaf_value=-0.032370543307597942 0.028366854482979792 -0.011716123134323592 0.13384251227503782 0.17360335402935104 0.11571895115099802 0.023899444757205703 0.099934402871877978
leaf_count=28685 8412 17820 1341 325 943 7582 856
internal_value=0 -0.333785 1.21405 0.989991 0.882435 -0.00890466 0.712085
internal_count=65964 54087 11877 10536 10211 25402 9268
shrinkage=0.05


Tree=5
num_leaves=8
num_cat=0
split_feature=5 0 7 5 0 1 2
split_gain=406.47 108.811 80.1182 76.4552 51.4115 34.3765 27.2229
threshold=2.5389676113360324 49.500000000000007 1.0000000180025095e-35 3.588760504201681 44.500000000000007 1.5000000000000002 25.450000000000003
decision_type=10 2 2 10 2 2 8
left_child=1 -1 3 4 -2 -6 -3
right_child=2 6 -4 -5 5 -7 -8
leaf_value=-0.032525197109508082 -0.00095223362620866297 0.00057183066322866107 0.14092683107895054 0.082874434569871536 0.034526788105038592 0.10593182645628479 0.04584518615739732
leaf_count=35749 6253 10613 790 3255 6402 876 2026
internal_value=0 -0.408515 0.881878 0.762602 0.506187 0.877869 0.170337
internal_count=65964 48388 17576 16786 13531 7278 12639
shrinkage=0.05


Tree=6
num_leaves=8
num_cat=0
split_feature=5 0 0 5 3 6 3
split_gain=358.811 92.0512 74.368 52.5948 29.4073 25.8143 21.9031
threshold=2.4846117424242427 48.500000000000007 42.500000000000007 3.3950428396572829 90.833333333333357 5.5500000000000007 92.833333333333357
decision_type=10 2 2 10 10 10 10
left_child=1 -1 4 6 -2 -3 -4
right_child=2 5 3 -5 -6 -7 -8
leaf_value=-0.033388407570890108 -0.0016859806209359941 -0.0087328389886052373 0.032713864127270564 0.087489534104188582 0.085366231517714872 0.024015215851678744 0.08924349868496638
leaf_count=32955 6201 9033 8338 3098 427 5146 766
internal_value=0 -0.413265 0.769401 1.06019 0.117252 0.0756166 0.772112
internal_count=65964 47134 18830 12202 6628 14179 9104
shrinkage=0.05


Tree=7
num_leaves=8
num_cat=0
split_feature=5 5 0 0 0 4 2
split_gain=320.72 78.0933 74.8768 52.4472 38.47 37.8265 32.9799
threshold=2.2323504983388713 2.9639610389610396 48.500000000000007 44.500000000000007 36.500000000000007 137.25000000000003 25.450000000000003
decision_type=10 10 2 2 2 10 10
left_child=2 3 -1 -2 -3 -5 -4
right_child=1 4 6 5 -6 -7 -8
leaf_value=-0.036807494971755221 -0.015404345172087153 -0.01514159069621885 -0.0083526966621025791 0.016784586569401447 0.056881929060876094 0.075726716804603703 0.046980283916481319
leaf_count=28957 6867 1016 10393 6982 8684 1510 1555
internal_value=0 0.58239 -0.48694 0.226763 1.01244 0.573803 -0.00238777
internal_count=65964 25059 40905 15359 9700 8492 11948
shrinkage=0.05


Tree=8
num_leaves=8
num_cat=0
split_feature=5 5 7 6 6 4 3
split_gain=288.225 66.9512 47.6907 42.0582 39.2481 33.3122 27.448
threshold=2.2323504983388713 3.3172667440960129 1.0000000180025095e-35 7.2500000000000009 5.5500000000000007 137.25000000000003 100.25000000000001
decision_type=10 10 2 10 10 10 8
left_child=4 2 3 5 6 -2 -1
right_child=1 -3 -4 -5 -6 -7 -8
leaf_value=-0.032496869883738427 0.0018008032451666146 0.055822330824627321 0.084911940254169552 0.11934005884503188 -0.0019178417240232914 0.043566431466353139 0.077122988590698952
leaf_count=31146 15859 5498 884 302 9459 2516 300
internal_value=0 0.537466 0.3167 0.225751 -0.47408 0.171183 -0.622884
internal_count=65964 25059 19561 18677 40905 18375 31446
shrinkage=0.05


Tree=9
num_leaves=8
num_cat=0
split_feature=5 0 0 1 5 2 0
split_gain=259.645 72.676 64.8 46.5783 37.8778 28.8102 28.0377
threshold=2.2323504983388713 48.500000000000007 42.500000000000007 1.5000000000000002 3.588760504201681 25.450000000000003 58.500000000000007
decision_type=10 2 2 2 10 10 2
left_child=1 -1 -2 4 6 -3 -4
right_child=2 5 3 -5 -6 -7 -8
leaf_value=-0.035889647222805784 -0.002007515321268681 -0.0071413912653571143 0.015878607748393232 0.080814828576128789 0.063503273516894318 0.044024323415989844 0.075945873145238138
leaf_count=28957 8751 10393 11313 2168 2027 1555 800
internal_value=0 -0.461171 0.497705 0.720711 0.581736 0.0171704 0.41372
internal_count=65964 40905 25059 16308 14140 11948 12113
shrinkage=0.05


Tree=10
num_leaves=8
num_cat=0
split_feature=0 2 2 2 0 4 0
split_gain=135.56 62.1347 58.329 27.743 25.7658 24.3808 19.9997
threshold=44.500000000000007 25.250000000000004 23.250000000000004 34.050000000000004 57.500000000000007 131.16666666666671 36.500000000000007
decision_type=2 10 10 10 2 10 2
left_child=1 -1 4 6 -2 -4 -3
right_child=2 3 5 -5 -6 -7 -8
leaf_value=-0.031180172490711214 -0.0059855758411496811 -0.035559949312515625 0.017817729117723387 0.090292315366018602 0.037380510753687722 0.045397715695823813 0.014082236441667168
leaf_count=25645 16640 1559 9295 382 1823 5635 4985
internal_value=0 -0.409762 0.29123 0.198835 -0.014597 0.582264 0.0597955
internal_count=65964 32571 33393 6926 18463 14930 6544
shrinkage=0.05


Tree=11
num_leaves=8
num_cat=0
split_feature=0 2 2 4 2 0 0
split_gain=123.189 58.4845 52.3252 29.202 23.0884 19.5824 18.4444
threshold=44.500000000000007 25.250000000000004 22.150000000000002 131.16666666666671 34.050000000000004 57.500000000000007 36.500000000000007
decision_type=2 10 8 8 10 2 2
left_child=1 -1 5 -4 6 -2 -3
right_child=2 4 3 -5 -6 -7 -8
leaf_value=-0.030557950088944102 -0.011435458595596547 -0.035015728892723967 0.013393465469334568 0.039948059462869209 0.079683090639406207 0.033369424458452028 0.013203656698943867
leaf_count=25645 12142 1559 12986 6981 382 1284 4985
internal_value=0 -0.397452 0.272724 0.473415 0.18723 -0.119302 0.0562357
internal_count=65964 32571 33393 19967 6926 13426 6544
shrinkage=0.05


Tree=12
num_leaves=8
num_cat=0
split_feature=5 0 5 0 1 0 3
split_gain=219.372 63.3091 49.8107 33.8839 27.5104 23.59 23.028
threshold=2.2323504983388713 49.500000000000007 2.9639610389610396 43.500000000000007 1.5000000000000002 36.500000000000007 100.25000000000001
decision_type=10 2 10 2 2 2 10
left_child=1 6 3 -2 -5 -4 -1
right_child=2 -3 5 4 -6 -7 -8
leaf_value=-0.034891605363777937 -0.016712816724735232 0.0018893105428016213 -0.014445627177409241 0.010864729742156335 0.059298117797224159 0.042046500545582385 0.077976629592721086
leaf_count=30356 6098 10321 1016 7752 1509 8684 228
internal_value=0 -0.440391 0.440375 0.158422 0.388756 0.756334 -0.672261
internal_count=65964 40905 25059 15359 9261 9700 30584
shrinkage=0.05


Tree=13
num_leaves=8
num_cat=0
split_feature=5 0 0 4 5 6 2
split_gain=198.117 60.7911 43.6369 39.066 36.6016 22.5297 21.7996
threshold=2.2323504983388713 48.500000000000007 37.500000000000007 137.25000000000003 2.9639610389610396 7.6500000000000012 25.450000000000003
decision_type=10 2 2 10 10 10 10
left_child=1 -1 -2 4 5 -4 -3
right_child=2 6 3 -5 -6 -7 -8
leaf_value=-0.034230665676941434 -0.024094558861779695 -0.0074021126026229921 0.0012648926830809884 0.051655720799589827 0.033299487333023146 0.11373968462966853 0.035364060023297852
leaf_count=28957 3003 10393 11267 3600 7060 129 1555
internal_value=0 -0.427751 0.409404 0.494495 0.354475 0.0720018 -0.00412164
internal_count=65964 40905 25059 22056 18456 11396 11948
shrinkage=0.05


Tree=14
num_leaves=8
num_cat=0
split_feature=5 0 0 5 7 6 2
split_gain=179.209 58.0363 38.6952 34.5252 27.4102 22.9464 19.3173
threshold=2.2323504983388713 48.500000000000007 37.500000000000007 3.3950428396572829 1.0000000180025095e-35 6.1500000000000012 26.850000000000005
decision_type=10 2 2 10 2 10 10
left_child=1 -1 -2 4 5 -4 -3
right_child=2 6 3 -5 -6 -7 -8
leaf_value=-0.033654717028099787 -0.023455568944004572 -0.0052201664431411748 0.0073992365486469248 0.044273214879017767 0.061720817608364703 0.049423044151251538 0.044953957849592135
leaf_count=28957 3003 11087 15766 4215 910 1165 861
internal_value=0 -0.415285 0.381423 0.458993 0.306485 0.23104 -0.00390564
internal_count=65964 40905 25059 22056 17841 16931 11948
shrinkage=0.05


Tree=15
num_leaves=8
num_cat=0
split_feature=5 0 0 5 0 4 6
split_gain=162.21 55.3525 34.4134 29.8753 25.5317 21.2412 19.6646
threshold=2.2323504983388713 48.500000000000007 38.500000000000007 3.8602325581395354 58.500000000000007 130.83333333333334 10.050000000000002
decision_type=10 2 2 10 2 10 10
left_child=1 -1 -2 4 6 -5 -4
right_child=2 -3 3 5 -6 -7 -8
leaf_value=-0.033070410190040672 -0.018603660303554186 -0.00018145990127427938 0.013163623221973989 0.029408785361541234 0.059660097616579769 0.089140678301174558 0.13863489224659378
leaf_count=28957 3569 11948 18705 1105 1026 592 62
internal_value=0 -0.402922 0.355816 0.435079 0.346615 1.07319 0.281888
internal_count=65964 40905 25059 21490 19793 1697 18767
shrinkage=0.05


Tree=16
num_leaves=8
num_cat=0
split_feature=6 2 3 4 0 0 0
split_gain=90.466 60.9278 37.9328 28.1923 26.6429 18.9229 18.1595
threshold=5.5500000000000007 21.650000000000002 100.25000000000001 130.83333333333334 42.500000000000007 51.500000000000007 48.500000000000007
decision_type=10 8 8 10 2 2 2
left_child=1 6 4 5 -3 -2 -1
right_child=3 2 -4 -5 -6 -7 -8
leaf_value=-0.039995265942098096 -0.0014659268506474834 -0.019370867396854518 0.088094479940766635 0.036149480949131639 0.0057284554295291747 0.027717440304355689 -0.010539165209978989
leaf_count=15097 9199 11517 448 5588 16141 3478 4496
internal_value=0 -0.211771 -0.00695264 0.381708 -0.0507252 0.171657 -0.61688
internal_count=65964 47699 28106 18265 27658 12677 19593
shrinkage=0.05


Tree=17
num_leaves=8
num_cat=0
split_feature=2 0 7 6 0 2 0
split_gain=81.8655 45.5083 43.7888 36.2929 29.1303 22.2388 20.8599
threshold=21.650000000000002 48.500000000000007 1.0000000180025095e-35 6.3500000000000005 44.500000000000007 33.250000000000007 63.500000000000007
decision_type=8 2 2 10 2 10 2
left_child=1 -1 3 4 5 -2 -6
right_child=2 -3 -4 -5 6 -7 -8
leaf_value=-0.036146162541985348 -0.013904478673074551 0.0025408402628063782 0.050755186514802701 0.044148915840626718 0.0085971502784600081 0.061491649037232678 0.097497606045710367
leaf_count=18128 17739 6745 1928 1700 19145 376 203
internal_value=0 -0.429793 0.166175 0.102046 0.0400797 -0.221127 0.199937
internal_count=65964 24873 41091 39163 37463 18115 19348
shrinkage=0.05


Tree=18
num_leaves=8
num_cat=0
split_feature=5 5 6 7 5 6 1
split_gain=137.558 37.5659 26.7564 22.3981 19.8277 18.6265 16.3692
threshold=2.5389676113360324 1.8091736694677871 5.7500000000000009 1.0000000180025095e-35 4.1476034858387809 6.3500000000000005 1.5000000000000002
decision_type=10 10 10 2 10 10 2
left_child=1 2 -1 4 5 -2 -3
right_child=3 6 -4 -5 -6 -7 -8
leaf_value=-0.031810285966838658 0.010425888688526655 -0.0086464633857216561 0.010541313825050413 0.059063565699116027 0.05052381834663397 0.048610224363744708 0.018526124571375563
leaf_count=25716 14881 15517 2688 790 1048 857 4467
internal_value=0 -0.299088 -0.53048 0.409127 0.346287 0.276866 -0.0523351
internal_count=65964 48388 28404 17576 16786 15738 19984
shrinkage=0.05


Tree=19
num_leaves=8
num_cat=0
split_feature=5 6 5 3 3 4 5
split_gain=125.138 30.7081 26.9458 21.7821 17.2392 15.6715 12.9044
threshold=2.2323504983388713 5.5500000000000007 2.8976975405546836 95.833333333333357 89.833333333333357 137.25000000000003 4.39433811802233
decision_type=10 10 10 8 10 10 10
left_child=1 3 5 -1 6 -2 -4
right_child=2 -3 4 -5 -6 -7 -8
leaf_value=-0.028603400789446239 -0.0021082096905122205 0.00082905071811164828 0.016202052321652134 0.037773492986141417 0.05087738162110348 0.026826465345865077 0.054934891314047357
leaf_count=30703 12279 9459 8865 743 1222 2117 576
internal_value=0 -0.370833 0.298444 -0.526284 0.493769 0.0749607 0.391624
internal_count=65964 40905 25059 31446 10663 14396 9441
shrinkage=0.05


Tree=20
num_leaves=8
num_cat=0
split_feature=5 5 0 0 0 6 3
split_gain=116.261 38.4261 35.8917 25.7231 21.609 19.0826 15.2659
threshold=1.8187294633077766 2.8976975405546836 43.500000000000007 50.500000000000007 63.500000000000007 5.7500000000000009 96.583333333333357
decision_type=10 10 2 2 2 10 10
left_child=3 2 -2 6 -4 -5 -1
right_child=1 -3 4 5 -6 -7 -8
leaf_value=-0.035956634657200413 -0.020641240538772487 0.022933830055592977 0.0078322336982833349 -0.015485101677692984 0.0959522006301195 0.036936167855067807 0.049794290424127703
leaf_count=22762 10721 10663 15684 4555 211 1061 307
internal_value=0 0.202036 0.014532 -0.504628 0.195703 -0.0628756 -0.682127
internal_count=65964 37279 26616 28685 15895 5616 23069
shrinkage=0.05


Tree=21
num_leaves=8
num_cat=0
split_feature=5 5 6 6 1 3 3
split_gain=106.654 33.5782 24.0677 19.259 16.2206 14.3073 13.7663
threshold=1.8187294633077766 2.8976975405546836 5.7500000000000009 5.5500000000000007 1.5000000000000002 89.833333333333357 92.833333333333357
decision_type=10 10 10 10 2 10 8
left_child=2 3 6 -2 5 -3 -1
right_child=1 4 -4 -5 -6 -7 -8
leaf_value=-0.032444504194918615 -0.0071494758619290114 0.012885604177815663 0.0098017159076757617 0.013932887979567066 0.055294490381598053 0.041489093412494168 0.020207325236132872
leaf_count=25142 18639 8652 2727 7977 864 1147 816
internal_value=0 0.190113 -0.491774 0.0138382 0.426461 0.355449 -0.600382
internal_count=65964 37279 28685 26616 10663 9799 25958
shrinkage=0.05


Tree=22
num_leaves=8
num_cat=0
split_feature=5 0 5 0 0 6 0
split_gain=97.853 33.0621 25.9136 24.9114 20.4343 15.786 14.7782
threshold=1.8187294633077766 36.500000000000007 2.8976975405546836 50.500000000000007 63.500000000000007 5.7500000000000009 43.500000000000007
decision_type=10 2 10 2 2 10 2
left_child=3 -2 4 -1 6 -5 -3
right_child=1 2 -4 5 -6 -7 -8
leaf_value=-0.033067613704036956 -0.028288176616680108 -0.014624185831158307 0.0221924965930171 -0.013949260305308754 0.084047285216910766 0.033201346588694988 0.0072871683733351875
leaf_count=23069 4115 7711 9558 4555 211 1061 15684
internal_value=0 0.179039 0.233415 -0.478945 0.0708641 -0.0421739 0.0411883
internal_count=65964 37279 33164 28685 23606 5616 23395
shrinkage=0.05


Tree=23
num_leaves=8
num_cat=0
split_feature=5 5 6 6 3 1 5
split_gain=89.7633 26.1761 21.857 20.9735 13.2387 12.01 11.3452
threshold=1.8187294633077766 2.9639610389610396 5.7500000000000009 5.5500000000000007 92.833333333333357 1.5000000000000002 4.1476034858387809
decision_type=10 10 10 10 8 2 10
left_child=2 3 4 -2 -1 6 -3
right_child=1 5 -4 -5 -6 -7 -8
leaf_value=-0.031307369857028533 -0.0070255349740235441 0.011919974572621657 0.009135734669859499 0.014240713238511239 0.020458984940465032 0.049019458253643032 0.038771715637227241
leaf_count=25142 19252 7889 2727 8327 816 770 1041
internal_value=0 0.168621 -0.466212 0.0217605 -0.575817 0.386113 0.323326
internal_count=65964 37279 28685 27579 25958 9700 8930
shrinkage=0.05


Tree=24
num_leaves=8
num_cat=0
split_feature=5 0 0 5 0 6 6
split_gain=82.3408 29.5824 23.9963 20.435 18.1805 17.3306 16.1084
threshold=1.8187294633077766 36.500000000000007 50.500000000000007 3.2454485269778224 49.500000000000007 6.3500000000000005 5.8500000000000005
decision_type=10 2 2 10 2 10 8
left_child=2 -2 -1 4 5 -3 -5
right_child=1 3 -4 6 -6 -7 -8
leaf_value=-0.032010145931946753 -0.027741081037952472 -0.0056958400773441447 -0.0011664436854034619 0.010662788051985462 0.015513648750420234 0.04301016334874741 0.038115429255489677
leaf_count=23069 4115 17671 5616 3237 9354 600 2302
internal_value=0 0.158973 -0.453488 0.208947 0.107149 -0.0534342 0.469368
internal_count=65964 37279 28685 33164 27625 18271 5539
shrinkage=0.05


end of trees

feature importances:
H25_age=50
H25_lhrate=45
H25_a1c=24
H25_bmi=17
H25_dbp=15
H25_sbp=10
H25_sex=7
H25_ht=7

parameters:
[boosting: gbdt]
[objective: binary]
[metric: binary]
[tree_learner: serial]
[device_type: cpu]
[data: ]
[valid: ]
[num_iterations: 100]
[learning_rate: 0.05]
[num_leaves: 8]
[num_threads: 0]
[max_depth: -1]
[min_data_in_leaf: 20]
[min_sum_hessian_in_leaf: 1]
[bagging_fraction: 0.4]
[bagging_freq: 0]
[bagging_seed: 3]
[feature_fraction: 0.8]
[feature_fraction_seed: 2]
[early_stopping_round: 0]
[max_delta_step: 0]
[lambda_l1: 0]
[lambda_l2: 1]
[min_gain_to_split: 0]
[drop_rate: 0.1]
[max_drop: 50]
[skip_drop: 0.5]
[xgboost_dart_mode: 0]
[uniform_drop: 0]
[drop_seed: 4]
[top_rate: 0.2]
[other_rate: 0.1]
[min_data_per_group: 100]
[max_cat_threshold: 32]
[cat_l2: 10]
[cat_smooth: 10]
[max_cat_to_onehot: 4]
[top_k: 20]
[monotone_constraints: ]
[feature_contri: ]
[forcedsplits_filename: ]
[refit_decay_rate: 0.9]
[verbosity: 0]
[max_bin: 255]
[min_data_in_bin: 3]
[bin_construct_sample_cnt: 200000]
[histogram_pool_size: -1]
[data_random_seed: 1]
[output_model: LightGBM_model.txt]
[snapshot_freq: -1]
[input_model: ]
[output_result: LightGBM_predict_result.txt]
[initscore_filename: ]
[valid_data_initscores: ]
[pre_partition: 0]
[enable_bundle: 1]
[max_conflict_rate: 0]
[is_enable_sparse: 1]
[sparse_threshold: 0.8]
[use_missing: 1]
[zero_as_missing: 0]
[two_round: 0]
[save_binary: 0]
[enable_load_from_binary_file: 1]
[header: 0]
[label_column: ]
[weight_column: ]
[group_column: ]
[ignore_column: ]
[categorical_feature: ]
[predict_raw_score: 0]
[predict_leaf_index: 0]
[predict_contrib: 0]
[num_iteration_predict: -1]
[pred_early_stop: 0]
[pred_early_stop_freq: 10]
[pred_early_stop_margin: 10]
[convert_model_language: ]
[convert_model: gbdt_prediction.cpp]
[num_class: 1]
[is_unbalance: 0]
[scale_pos_weight: 1]
[sigmoid: 1]
[boost_from_average: 1]
[reg_sqrt: 0]
[alpha: 0.9]
[fair_c: 1]
[poisson_max_delta_step: 0.7]
[tweedie_variance_power: 1.5]
[max_position: 20]
[label_gain: ]
[metric_freq: 1]
[is_provide_training_metric: 0]
[eval_at: ]
[num_machines: 1]
[local_listen_port: 12400]
[time_out: 120]
[machine_list_filename: ]
[machines: ]
[gpu_platform_id: -1]
[gpu_device_id: -1]
[gpu_use_dp: 0]

end of parameters

pandas_categorical:[]
