tree
version=v2
num_class=1
num_tree_per_iteration=1
label_index=0
max_feature_idx=8
objective=binary sigmoid:1
feature_names=H25_age H25_sex H25_bmi H25_dbp H25_sbp H25_lhrate H25_a1c H25_ht H25_dm
feature_infos=[18:74] [1:2] [0:65.599999999999994] [0:169] [0:238] [0.097560975609756101:8.8461538461538485] [2.7999999999999998:15.300000000000001] [0:1] [0:1]
tree_sizes=718 741 733 734 732 739 732 739 741 738 746 746 738 740 741 744 744 739 742 745 740 745 744 746 745

Tree=0
num_leaves=8
num_cat=0
split_feature=5 0 5 0 6 0 5
split_gain=729.641 157.165 117.962 70.571 67.0468 66.9121 59.3533
threshold=2.9196774193548389 49.500000000000007 3.7625313283208022 44.500000000000007 6.4500000000000011 41.500000000000007 1.8211620469083161
decision_type=10 2 10 2 10 2 10
left_child=1 4 3 -2 -1 -4 -3
right_child=2 6 5 -5 -6 -7 -8
leaf_value=-4.0660475939308407 -4.0056290230987273 -4.0446274852712767 -3.9679614839920818 -3.9330824770946706 -3.9390111041614273 -3.8245234692656709 -3.9962617179536029
leaf_count=40098 3579 6780 765 4460 562 1625 8094
internal_value=0 -0.349161 1.85084 1.38927 -0.595089 3.33305 0.322815
internal_count=65963 55534 10429 8039 40660 2390 14874
shrinkage=1


Tree=1
num_leaves=8
num_cat=0
split_feature=6 0 4 4 3 7 0
split_gain=270.838 153.013 71.4547 52.9857 50.6671 34.9876 27.8238
threshold=5.8500000000000005 45.500000000000007 139.25000000000003 130.83333333333334 93.833333333333357 1.0000000180025095e-35 57.500000000000007
decision_type=10 2 10 10 10 2 2
left_child=1 4 5 -2 -1 6 -3
right_child=3 2 -4 -5 -6 -7 -8
leaf_value=-0.028103275252372287 0.042631680517257804 -0.0014643546507113799 0.068140440134770816 0.11091463817121257 0.062827504239195739 0.076577428743594883 0.045535525066423693
leaf_count=33076 4156 19401 2966 2670 874 908 1912
internal_value=0 -0.171341 0.273162 1.40554 -0.512567 0.123216 0.0587622
internal_count=65963 59137 25187 6826 33950 22221 21313
shrinkage=0.05


Tree=2
num_leaves=8
num_cat=0
split_feature=5 0 7 4 0 5 5
split_gain=608.189 128.127 101.026 82.163 57.226 56.4201 55.9812
threshold=2.8272546419098146 49.500000000000007 1.0000000180025095e-35 137.83333333333334 38.500000000000007 2.2327174259318263 4.0944940476190483
decision_type=10 2 2 10 2 10 10
left_child=1 5 3 4 -2 -1 -6
right_child=2 -3 -4 -5 6 -7 -8
leaf_value=-0.038071881708000736 -0.017083157196665973 0.011623135627557723 0.21828548871823208 0.13575962865117597 0.051355988089006294 -0.0030664828469719393 0.14592447247649012
leaf_count=30572 1492 14446 533 1757 7249 9068 846
internal_value=0 -0.364267 1.48099 1.31455 1.02799 -0.600495 1.26184
internal_count=65963 54086 11877 11344 9587 39640 8095
shrinkage=0.05


Tree=3
num_leaves=8
num_cat=0
split_feature=6 2 0 2 3 3 7
split_gain=215.35 150.943 88.468 42.31 41.8869 39.4834 35.8956
threshold=5.8500000000000005 21.650000000000002 45.500000000000007 27.150000000000002 99.833333333333357 75.833333333333357 1.0000000180025095e-35
decision_type=10 8 2 10 10 10 2
left_child=1 -1 4 6 -3 -2 -4
right_child=5 2 3 -5 -6 -7 -8
leaf_value=-0.032712055073668839 0.023629873834703351 -0.013372177780155562 0.014158523894797818 0.073848334644752281 0.11757462330973174 0.080393430998757773 0.089306972303541801
leaf_count=23497 2690 19232 13179 2140 276 4136 813
internal_value=0 -0.161902 0.145466 0.5416 -0.217475 1.18827 0.385729
internal_count=65963 59137 35640 16132 19508 6826 13992
shrinkage=0.05


Tree=4
num_leaves=8
num_cat=0
split_feature=5 5 5 6 3 6 3
split_gain=501.021 98.1137 69.2558 44.4418 33.4457 32.6368 33.1841
threshold=2.8272546419098146 1.8546920821114374 3.7242021276595749 5.5500000000000007 89.833333333333357 5.3500000000000005 91.833333333333357
decision_type=10 10 10 10 10 8 10
left_child=1 -1 4 -3 -2 -4 -7
right_child=2 3 5 -5 -6 6 -8
leaf_value=-0.032913150117845201 0.039168643855256813 -0.010837994457254346 0.027366846857960331 0.024311852512716878 0.10250617623026786 0.10834431890426753 0.24223601845813733
leaf_count=29809 8224 16998 500 7279 1041 1910 202
internal_value=0 -0.349759 1.27225 0.00813346 0.958439 2.21062 2.55177
internal_count=65963 54086 11877 24277 9265 2612 2112
shrinkage=0.05


Tree=5
num_leaves=8
num_cat=0
split_feature=5 0 5 0 7 5 1
split_gain=439.973 98.2695 77.5265 61.697 31.7392 28.3777 28.1021
threshold=2.5390720390720394 49.500000000000007 3.7242021276595749 42.500000000000007 1.0000000180025095e-35 1.9781414237935979 1.5000000000000002
decision_type=10 2 10 2 2 10 2
left_child=1 5 3 -2 6 -1 -5
right_child=2 -3 -4 4 -6 -7 -8
leaf_value=-0.040090495013996828 0.00064693137007783871 0.006458303637844616 0.09497725260769907 0.036636463203950448 0.11907202868543883 -0.015217687493230176 0.097902079709476966
leaf_count=25427 5164 12722 2612 8036 607 10339 1056
internal_value=0 -0.423414 0.921599 0.693858 1.00776 -0.652089 0.883082
internal_count=65963 48488 17475 14863 9699 35766 9092
shrinkage=0.05


Tree=6
num_leaves=8
num_cat=0
split_feature=5 0 6 5 0 1 3
split_gain=388.466 84.8485 74.6246 66.5678 64.4358 31.315 35.814
threshold=2.4741302408563786 48.500000000000007 7.4500000000000011 3.9254629629629636 45.500000000000007 1.5000000000000002 89.833333333333357
decision_type=10 2 10 10 2 2 10
left_child=1 -1 3 4 -2 6 -6
right_child=2 -3 -4 -5 5 -7 -8
leaf_value=-0.033788027919557803 0.0047073373956561144 0.0020455012595561139 0.16950456901021529 0.091637102855508162 0.029161137796105935 0.10255106326588226 0.093235398012688833
leaf_count=32809 8616 14193 375 1673 6237 1032 1028
internal_value=0 -0.432187 0.79703 0.721802 0.563842 0.969435 0.801681
internal_count=65963 47002 18961 18586 16913 8297 7265
shrinkage=0.05


Tree=7
num_leaves=8
num_cat=0
split_feature=5 0 0 4 5 2 5
split_gain=349.567 76.1006 70.9041 46.1375 35.6433 30.7996 30.0429
threshold=2.3006024096385547 42.500000000000007 48.500000000000007 137.16666666666671 2.9338797814207651 29.450000000000003 2.9196774193548389
decision_type=10 2 2 10 10 10 10
left_child=2 6 -1 4 5 -3 -2
right_child=1 3 -4 -5 -6 -7 -8
leaf_value=-0.035909072339536434 -0.020984463252423865 0.010575758330979415 -0.0011382518384221801 0.081346384843024547 0.053836384969101425 0.11215455871656746 0.024001326495751617
leaf_count=30110 4431 6626 12730 2740 5322 342 3662
internal_value=0 0.644788 -0.480132 0.909058 0.711245 0.336492 0.0441079
internal_count=65963 23123 42840 15030 12290 6968 8093
shrinkage=0.05


Tree=8
num_leaves=8
num_cat=0
split_feature=5 5 6 6 7 4 6
split_gain=313.259 61.8562 42.0616 33.8102 31.2282 27.0239 24.2197
threshold=2.3006024096385547 2.9196774193548389 5.5500000000000007 7.2500000000000009 1.0000000180025095e-35 135.83333333333334 5.6500000000000012
decision_type=10 10 10 10 2 10 8
left_child=2 3 -1 5 6 -2 -3
right_child=1 4 -4 -5 -6 -7 -8
leaf_value=-0.030992575875532186 -0.0013963472099646434 0.024330883743712298 -0.0016969400379133895 0.12588927936233107 0.1108872216498068 0.040686915376546569 0.056129894739251202
leaf_count=32623 10191 4945 10217 200 475 2303 5009
internal_value=0 0.593701 -0.467275 0.21548 0.925504 0.151572 0.828252
internal_count=65963 23123 42840 12694 10429 12494 9954
shrinkage=0.05


Tree=9
num_leaves=8
num_cat=0
split_feature=5 0 0 5 4 0 5
split_gain=281.875 69.155 66.9923 55.3537 28.0672 20.8344 19.7428
threshold=2.2327174259318263 38.500000000000007 49.500000000000007 2.9196774193548389 135.83333333333334 62.500000000000007 3.7625313283208022
decision_type=10 2 2 10 10 2 10
left_child=2 -2 -1 4 -3 -4 -5
right_child=1 3 5 6 -6 -7 -8
leaf_value=-0.035124515186564391 -0.022850322238512227 0.0052444572676647143 -0.0021565702400852291 0.039821015772129056 0.04636476114886412 0.08312236613723567 0.072015092399615163
leaf_count=30572 3602 9938 10088 6921 2459 353 2030
internal_value=0 0.520878 -0.478923 0.651843 0.298545 0.0262539 0.983742
internal_count=65963 24950 41013 21348 12397 10441 8951
shrinkage=0.05


Tree=10
num_leaves=8
num_cat=0
split_feature=2 0 3 0 2 0 7
split_gain=139.773 71.3273 53.7189 40.7042 37.375 35.3674 16.5608
threshold=21.650000000000002 38.500000000000007 90.250000000000014 44.500000000000007 26.750000000000004 57.500000000000007 1.0000000180025095e-35
decision_type=8 2 10 2 10 2 2
left_child=3 -2 4 -1 5 6 -3
right_child=1 2 -4 -5 -6 -7 -8
leaf_value=-0.042859223422466612 -0.02822420437241533 -0.00075105975124853657 0.055430744826654901 -0.0091096641262648076 0.035576370413806034 0.051397154154650126 0.048131291075313255
leaf_count=13652 6460 22844 3375 11191 6004 1690 747
internal_value=0 0.236032 0.351176 -0.519457 0.245614 0.110269 0.0266806
internal_count=65963 41120 34660 24843 31285 25281 23591
shrinkage=0.05


Tree=11
num_leaves=8
num_cat=0
split_feature=2 0 3 0 2 0 7
split_gain=128.076 64.4221 45.1326 39.9641 31.7228 36.9495 17.4312
threshold=21.650000000000002 38.500000000000007 92.833333333333357 48.500000000000007 26.750000000000004 57.500000000000007 1.0000000180025095e-35
decision_type=8 2 10 2 10 2 2
left_child=3 -2 4 -1 5 6 -3
right_child=1 2 -4 -5 -6 -7 -8
leaf_value=-0.037341369059777432 -0.027582449975230506 -0.00069855290972102688 0.055104862672486016 -0.0015436036183694465 0.032635729899023622 0.050514316200773207 0.046649637414156446
leaf_count=18053 6460 23245 2597 6790 6252 1763 803
internal_value=0 0.221555 0.328025 -0.50658 0.242594 0.117449 0.0304237
internal_count=65963 41120 34660 24843 32063 25811 24048
shrinkage=0.05


Tree=12
num_leaves=8
num_cat=0
split_feature=5 0 0 5 1 0 3
split_gain=235.205 58.9141 49.3058 41.835 19.7897 25.3607 20.0282
threshold=2.2327174259318263 48.500000000000007 38.500000000000007 2.9196774193548389 1.5000000000000002 48.500000000000007 85.833333333333357
decision_type=10 2 2 10 2 2 10
left_child=1 -1 -2 4 6 -6 -4
right_child=2 -3 3 -5 5 -7 -8
leaf_value=-0.03509037244655306 -0.020475109753992124 -0.0017317386219945362 -0.003346004184006809 0.041591902768448839 0.0024525354087122802 0.08275760522168743 0.032270237951891399
leaf_count=28937 3602 12076 8111 8951 1068 893 2325
internal_value=0 -0.456513 0.455983 0.557161 0.252368 0.898611 0.123783
internal_count=65963 41013 24950 21348 12397 1961 10436
shrinkage=0.05


Tree=13
num_leaves=8
num_cat=0
split_feature=5 0 0 5 6 6 7
split_gain=212.5 56.8823 43.3072 36.8632 22.1318 21.118 22.7149
threshold=2.2327174259318263 47.500000000000007 38.500000000000007 3.5361498257839723 5.5500000000000007 7.4500000000000011 1.0000000180025095e-35
decision_type=10 2 2 10 10 10 2
left_child=1 -1 -2 5 -3 6 -4
right_child=2 4 3 -5 -6 -7 -8
leaf_value=-0.035693019177666346 -0.019860900531911176 -0.015313581938616672 0.013139106870383336 0.051131899557467081 0.016348836897835298 0.085031358772963334 0.058588742150164436
leaf_count=27156 3602 8994 16953 3166 4863 311 918
internal_value=0 -0.44381 0.423702 0.515405 -0.0654136 0.372954 0.33253
internal_count=65963 41013 24950 21348 13857 18182 17871
shrinkage=0.05


Tree=14
num_leaves=8
num_cat=0
split_feature=5 0 0 5 6 3 6
split_gain=192.29 54.5837 38.176 31.4448 23.6611 20.6771 20.0386
threshold=2.2327174259318263 47.500000000000007 38.500000000000007 2.9196774193548389 7.1500000000000012 100.83333333333336 5.5500000000000007
decision_type=10 2 2 10 10 10 10
left_child=1 5 -2 4 -4 -1 -3
right_child=2 6 3 -5 -6 -7 -8
leaf_value=-0.036452462632621252 -0.019254060525848903 -0.014774461717433752 0.0077596160900980293 0.035288962653321231 0.091678541327390395 0.083317009078511473 0.015294486291499893
leaf_count=26980 3602 8994 12159 8951 238 176 4863
internal_value=0 -0.431232 0.394576 0.478031 0.215215 -0.70288 -0.0624497
internal_count=65963 41013 24950 21348 12397 27156 13857
shrinkage=0.05


Tree=15
num_leaves=8
num_cat=0
split_feature=5 0 0 2 5 4 0
split_gain=174.073 52.2985 34.2225 31.9741 23.4948 22.5 19.0112
threshold=2.2327174259318263 47.500000000000007 44.500000000000007 34.050000000000004 3.1965749414519915 137.16666666666671 57.500000000000007
decision_type=10 2 2 10 10 10 2
left_child=1 -1 3 4 -2 -4 -3
right_child=2 6 5 -5 -6 -7 -8
leaf_value=-0.034582742781955771 -0.013733115228184137 -0.0093553104685089993 0.020530806307020574 0.096001618660501109 0.020666163446938786 0.049250632955317251 0.029012193860726204
leaf_count=27156 7936 11913 11151 317 2955 2591 1944
internal_value=0 -0.418694 0.367881 0.0543412 -0.0231648 0.551583 -0.0596088
internal_count=65963 41013 24950 11208 10891 13742 13857
shrinkage=0.05


Tree=16
num_leaves=8
num_cat=0
split_feature=2 6 0 0 3 6 6
split_gain=94.3103 49.13 35.6045 29.5737 27.4609 19.3246 18.6493
threshold=21.650000000000002 5.5500000000000007 44.500000000000007 45.500000000000007 93.833333333333357 6.7500000000000009 5.8500000000000005
decision_type=8 10 2 2 10 10 10
left_child=2 3 -1 4 -2 -3 -4
right_child=1 5 6 -5 -6 -7 -8
leaf_value=-0.041120351207406029 -0.017672262364291529 0.019417310922814273 -0.013545762094711282 0.010984881064144815 0.054008534228353888 0.056222507653462442 0.037415045491632819
leaf_count=13652 15512 11793 10244 11964 595 1256 947
internal_value=0 0.178388 -0.461932 -0.0191676 -0.270092 0.486758 -0.153936
internal_count=65963 41120 24843 28071 16107 13049 11191
shrinkage=0.05


Tree=17
num_leaves=8
num_cat=0
split_feature=2 6 0 3 0 6 0
split_gain=86.4503 43.0149 34.5591 27.0804 27.7699 24.4867 17.7312
threshold=21.650000000000002 5.5500000000000007 44.500000000000007 100.83333333333336 45.500000000000007 5.3500000000000005 62.500000000000007
decision_type=8 10 2 10 2 8 2
left_child=2 3 -1 4 -2 -5 -6
right_child=1 -3 -4 5 6 -7 -8
leaf_value=-0.040711904315752882 -0.015218045118774535 0.022599337229124168 -0.0073679033354863872 -0.0013757465727692645 0.0069046406931486384 0.13802347236350263 0.1035956051016324
leaf_count=13652 15926 13049 11191 235 11576 191 143
internal_value=0 0.168008 -0.449257 -0.0182676 -0.056175 1.42966 0.17632
internal_count=65963 41120 24843 28071 27645 426 11719
shrinkage=0.05


Tree=18
num_leaves=8
num_cat=0
split_feature=5 5 6 6 4 7 5
split_gain=148.888 43.6739 25.2951 21.0967 18.1055 14.8488 13.848
threshold=1.8546920821114374 2.9196774193548389 5.5500000000000007 5.8500000000000005 140.83333333333334 1.0000000180025095e-35 4.1797435897435902
decision_type=10 10 10 10 10 2 10
left_child=3 2 5 4 -1 -2 -3
right_child=1 6 -4 -5 -6 -7 -8
leaf_value=-0.03393237519912666 -0.010042630282627812 0.021740885388660647 0.017428043846035912 0.01106869487297041 0.01162289020123995 0.04201337566000285 0.051711526503639596
leaf_count=26388 17350 9396 7793 1890 1531 582 1033
internal_value=0 0.244056 0.0372495 -0.536325 -0.613492 -0.147154 0.51889
internal_count=65963 36154 25725 29809 27919 17932 10429
shrinkage=0.05


Tree=19
num_leaves=8
num_cat=0
split_feature=5 5 6 4 3 6 4
split_gain=136.766 39.8217 22.1146 16.542 15.8556 15.7978 14.563
threshold=1.8129166666666665 2.8272546419098146 5.8500000000000005 131.83333333333334 90.833333333333357 5.5500000000000007 123.16666666666667
decision_type=10 10 10 10 10 10 10
left_child=2 5 4 -3 -1 6 -2
right_child=1 3 -4 -5 -6 -7 -8
leaf_value=-0.034082461216940849 -0.018029834259058734 0.014945268433632364 0.012596569836191474 0.037001405725871676 0.014382456157051877 0.013131329092693274 0.0053163806308945787
leaf_count=25631 10108 8306 1784 3571 1123 7617 7823
internal_value=0 0.221649 -0.541783 0.460843 -0.624809 0.0118085 -0.136508
internal_count=65963 37425 28538 11877 26754 25548 17931
shrinkage=0.05


Tree=20
num_leaves=8
num_cat=0
split_feature=5 0 5 0 3 0 6
split_gain=125.568 35.6465 30.486 27.5651 18.5497 18.3622 25.9938
threshold=1.8129166666666665 38.500000000000007 2.9043040293040296 57.500000000000007 96.583333333333357 48.500000000000007 6.4500000000000011
decision_type=10 2 10 2 10 2 10
left_child=3 -2 5 4 -1 6 -3
right_child=1 2 -4 -5 -6 -7 -8
leaf_value=-0.032448020818890713 -0.022303279197620776 -0.010255220691642286 0.025274655569848804 0.026306243303641202 0.043154280199889983 0.015193342912860461 0.069807806035742492
leaf_count=26903 5569 13039 9151 1189 446 9325 341
internal_value=0 0.208312 0.276031 -0.528947 -0.608515 0.093017 -0.121212
internal_count=65963 37425 31856 28538 27349 22705 13380
shrinkage=0.05


Tree=21
num_leaves=8
num_cat=0
split_feature=5 5 6 3 3 4 6
split_gain=115.264 30.9603 21.2762 14.3011 13.591 13.5737 13.8606
threshold=1.8129166666666665 2.8272546419098146 5.7500000000000009 70.833333333333357 97.833333333333357 130.83333333333334 5.4500000000000011
decision_type=10 10 10 10 10 10 8
left_child=2 3 4 -2 -1 6 -3
right_child=1 5 -4 -5 -6 -7 -8
leaf_value=-0.032745364267619682 -0.014159088586385656 -0.0063605358017703537 0.006588671928445939 0.0062071656960486611 0.036841608996181358 0.031737538611420119 0.020241327722596056
leaf_count=25425 8441 2714 2746 17107 367 3841 5322
internal_value=0 0.195908 -0.516045 0.00926039 -0.619492 0.400894 0.248649
internal_count=65963 37425 28538 25548 25792 11877 8036
shrinkage=0.05


Tree=22
num_leaves=8
num_cat=0
split_feature=5 0 0 5 0 1 6
split_gain=105.813 31.3234 26.7728 23.4087 18.4741 20.9251 16.0436
threshold=1.8129166666666665 38.500000000000007 44.500000000000007 3.5361498257839723 49.500000000000007 1.5000000000000002 5.7500000000000009
decision_type=10 2 2 10 2 2 10
left_child=2 -2 -1 4 -3 -6 -4
right_child=1 3 6 -5 5 -7 -8
leaf_value=-0.041676628277702715 -0.021782629892139475 0.00038922531948114628 -0.019561200502629099 0.030810356739973732 0.011242673143046739 0.047754423036036352 0.018224896241506385
leaf_count=15619 5569 18537 10994 3166 8267 1886 1925
internal_value=0 0.184348 -0.503161 0.246004 0.160585 0.360335 -0.238449
internal_count=65963 37425 28538 31856 28690 10153 12919
shrinkage=0.05


Tree=23
num_leaves=8
num_cat=0
split_feature=5 5 6 3 6 3 3
split_gain=97.1822 25.723 19.2685 14.6464 13.6118 12.8752 11.5574
threshold=1.8129166666666665 2.8272546419098146 5.8500000000000005 90.833333333333357 9.4500000000000011 72.833333333333357 92.833333333333357
decision_type=10 10 10 10 10 10 10
left_child=2 4 3 -1 5 -2 -3
right_child=1 6 -4 -5 -6 -7 -8
leaf_value=-0.031907091177740272 -0.012698193934062503 0.014621887331003228 0.012171377552583471 0.015025686543968665 0.10192419943215847 0.0056304707961141827 0.040966614966869402
leaf_count=25631 10165 10962 1784 1123 67 15316 915
internal_value=0 0.173573 -0.490424 -0.577024 0.00289987 -0.0127253 0.356593
internal_count=65963 37425 28538 26754 25548 25481 11877
shrinkage=0.05


Tree=24
num_leaves=8
num_cat=0
split_feature=5 0 0 5 0 0 6
split_gain=89.2571 27.9487 26.5181 19.5448 17.3643 15.2353 15.204
threshold=1.8129166666666665 36.500000000000007 44.500000000000007 3.5361498257839723 49.500000000000007 57.500000000000007 6.4500000000000011
decision_type=10 2 2 10 2 2 10
left_child=2 -2 -1 4 6 -4 -3
right_child=1 3 5 -5 -6 -7 -8
leaf_value=-0.041025413716479213 -0.026240987853744485 -0.0029997186308658272 -0.016573290141038543 0.026970626447682996 0.016379048280871156 0.027290350036230718 0.040197972408759226
leaf_count=15619 4233 19155 11730 3297 10153 1189 587
internal_value=0 0.163682 -0.47762 0.212397 0.135073 -0.212726 -0.00835485
internal_count=65963 37425 28538 33192 29895 12919 19742
shrinkage=0.05


end of trees

feature importances:
H25_age=48
H25_lhrate=45
H25_a1c=29
H25_dbp=19
H25_sbp=11
H25_bmi=10
H25_ht=9
H25_sex=4

parameters:
[boosting: gbdt]
[objective: binary]
[metric: binary]
[tree_learner: serial]
[device_type: cpu]
[data: ]
[valid: ]
[num_iterations: 100]
[learning_rate: 0.05]
[num_leaves: 8]
[num_threads: 0]
[max_depth: -1]
[min_data_in_leaf: 20]
[min_sum_hessian_in_leaf: 1]
[bagging_fraction: 0.4]
[bagging_freq: 0]
[bagging_seed: 3]
[feature_fraction: 0.8]
[feature_fraction_seed: 2]
[early_stopping_round: 0]
[max_delta_step: 0]
[lambda_l1: 0]
[lambda_l2: 1]
[min_gain_to_split: 0]
[drop_rate: 0.1]
[max_drop: 50]
[skip_drop: 0.5]
[xgboost_dart_mode: 0]
[uniform_drop: 0]
[drop_seed: 4]
[top_rate: 0.2]
[other_rate: 0.1]
[min_data_per_group: 100]
[max_cat_threshold: 32]
[cat_l2: 10]
[cat_smooth: 10]
[max_cat_to_onehot: 4]
[top_k: 20]
[monotone_constraints: ]
[feature_contri: ]
[forcedsplits_filename: ]
[refit_decay_rate: 0.9]
[verbosity: 0]
[max_bin: 255]
[min_data_in_bin: 3]
[bin_construct_sample_cnt: 200000]
[histogram_pool_size: -1]
[data_random_seed: 1]
[output_model: LightGBM_model.txt]
[snapshot_freq: -1]
[input_model: ]
[output_result: LightGBM_predict_result.txt]
[initscore_filename: ]
[valid_data_initscores: ]
[pre_partition: 0]
[enable_bundle: 1]
[max_conflict_rate: 0]
[is_enable_sparse: 1]
[sparse_threshold: 0.8]
[use_missing: 1]
[zero_as_missing: 0]
[two_round: 0]
[save_binary: 0]
[enable_load_from_binary_file: 1]
[header: 0]
[label_column: ]
[weight_column: ]
[group_column: ]
[ignore_column: ]
[categorical_feature: ]
[predict_raw_score: 0]
[predict_leaf_index: 0]
[predict_contrib: 0]
[num_iteration_predict: -1]
[pred_early_stop: 0]
[pred_early_stop_freq: 10]
[pred_early_stop_margin: 10]
[convert_model_language: ]
[convert_model: gbdt_prediction.cpp]
[num_class: 1]
[is_unbalance: 0]
[scale_pos_weight: 1]
[sigmoid: 1]
[boost_from_average: 1]
[reg_sqrt: 0]
[alpha: 0.9]
[fair_c: 1]
[poisson_max_delta_step: 0.7]
[tweedie_variance_power: 1.5]
[max_position: 20]
[label_gain: ]
[metric_freq: 1]
[is_provide_training_metric: 0]
[eval_at: ]
[num_machines: 1]
[local_listen_port: 12400]
[time_out: 120]
[machine_list_filename: ]
[machines: ]
[gpu_platform_id: -1]
[gpu_device_id: -1]
[gpu_use_dp: 0]

end of parameters

pandas_categorical:[]
