tree
version=v2
num_class=1
num_tree_per_iteration=1
label_index=0
max_feature_idx=8
objective=binary sigmoid:1
feature_names=H25_age H25_sex H25_bmi H25_dbp H25_sbp H25_lhrate H25_a1c H25_ht H25_dm
feature_infos=[18:74] [1:2] [0:65.599999999999994] [0:169] [0:238] [0.097560975609756101:8.2058823529411757] [3.2000000000000002:15.300000000000001] [0:1] [0:1]
tree_sizes=722 737 730 736 735 739 735 739 740 738 743 743 739 741 744 744 748 751 741 744 742 745 736 741 743

Tree=0
num_leaves=8
num_cat=0
split_feature=5 0 0 5 5 6 5
split_gain=638.377 172.379 146.169 120.539 60.1614 54.1722 43.2749
threshold=2.6554550593555688 44.500000000000007 49.500000000000007 3.7090053763440869 3.6695402298850577 5.8500000000000005 1.9847319347319352
decision_type=10 2 2 10 10 10 10
left_child=2 4 6 -3 -2 -4 -1
right_child=1 3 5 -5 -6 -7 -8
leaf_value=-4.075879100960389 -4.0287128193902761 -3.950353129978545 -4.0314089364228431 -3.8266635746775877 -3.9407182567935783 -3.9658499565412817 -4.0477611572817915
leaf_count=25763 5477 6795 11294 1390 1379 2147 11718
internal_value=0 1.38166 -0.409223 2.12761 0.48064 0.274352 -0.654405
internal_count=65963 15041 50922 8185 6856 13441 37481
shrinkage=1


Tree=1
num_leaves=8
num_cat=0
split_feature=6 0 4 4 3 7 0
split_gain=310.905 181.414 60.9323 41.4323 38.1195 32.388 25.7368
threshold=5.9500000000000011 44.500000000000007 138.16666666666671 130.83333333333334 95.833333333333357 1.0000000180025095e-35 57.500000000000007
decision_type=10 2 8 10 10 2 2
left_child=1 4 5 -2 -1 6 -3
right_child=3 2 -4 -5 -6 -7 -8
leaf_value=-0.030459589417763319 0.057999097605131791 -3.2603491887590005e-05 0.056934578252948467 0.12816387380158722 0.064806852274366694 0.07246343014058626 0.043919509693713832
leaf_count=30702 2998 22738 3892 2079 578 963 2013
internal_value=0 -0.157269 0.264784 1.75925 -0.571067 0.128941 0.07381
internal_count=65963 60886 29606 5077 31280 25714 24751
shrinkage=0.05


Tree=2
num_leaves=8
num_cat=0
split_feature=5 0 5 0 6 5 0
split_gain=538.169 125.938 123.452 89.3265 50.8505 35.6762 34.0633
threshold=2.5723809523809531 49.500000000000007 3.588760504201681 44.500000000000007 5.6500000000000012 1.7902230187176424 41.500000000000007
decision_type=10 2 10 2 8 8 2
left_child=1 -1 3 -2 6 -3 -4
right_child=2 5 4 -5 -6 -7 -8
leaf_value=-0.033374514343178889 0.0036549577341734342 -0.0094745051979558733 -0.0074626957381367575 0.065236336778999648 0.15611751930396556 0.029789377721910121 0.10251291236143423
leaf_count=36237 6041 6490 585 7397 1795 6436 982
internal_value=0 -0.423765 1.12568 0.787313 2.32707 0.204045 1.29986
internal_count=65963 49163 16800 13438 3362 12926 1567
shrinkage=0.05


Tree=3
num_leaves=8
num_cat=0
split_feature=6 0 2 2 7 4 0
split_gain=245.264 138.57 69.1326 43.1448 41.2697 35.9327 33.3195
threshold=5.8500000000000005 44.500000000000007 22.050000000000004 21.650000000000002 1.0000000180025095e-35 130.83333333333334 62.500000000000007
decision_type=10 2 10 8 2 10 2
left_child=1 3 -3 -1 6 -2 -4
right_child=5 2 4 -5 -6 -7 -8
leaf_value=-0.044826370047333426 0.040472534134616323 -0.012450988693798948 0.017448472144622595 -0.014769054767004209 0.092322688603039174 0.093672677820357 0.14743269880755139
leaf_count=13340 4152 12090 15040 17377 1058 2694 212
internal_value=0 -0.173816 0.193861 -0.5521 0.502054 1.26038 0.397369
internal_count=65963 59117 28400 30717 16310 6846 15252
shrinkage=0.05


Tree=4
num_leaves=8
num_cat=0
split_feature=5 5 6 6 5 7 3
split_gain=453.558 88.2927 63.0546 53.89 48.1592 45.4072 35.1752
threshold=2.5723809523809531 3.7090053763440869 5.8500000000000005 5.8500000000000005 1.813756405202996 1.0000000180025095e-35 86.833333333333357
decision_type=10 10 10 10 10 2 10
left_child=2 3 4 5 -1 -2 -3
right_child=1 6 -4 -5 -6 -7 -8
leaf_value=-0.035915881688635534 0.020708580965763477 0.080860513243083965 0.021932665708464111 0.083805913937581855 -0.009687064385285141 0.12851641023796564 0.17702292009131854
leaf_count=26876 11456 2145 4024 2240 18263 441 518
internal_value=0 0.98546 -0.408246 0.733196 -0.500799 0.517046 2.066
internal_count=65963 16800 49163 14137 45139 11897 2663
shrinkage=0.05


Tree=5
num_leaves=8
num_cat=0
split_feature=5 0 0 5 5 5 5
split_gain=399.599 107.112 76.8683 43.9842 40.8811 30.7546 25.414
threshold=2.5389676113360324 49.500000000000007 44.500000000000007 3.4017543859649124 3.2254032258064522 1.9847319347319352 1.7902230187176424
decision_type=10 2 2 10 10 10 8
left_child=1 5 4 -4 -2 -1 -3
right_child=2 6 3 -5 -6 -7 -8
leaf_value=-0.040013287470833644 -0.0071191116619524365 -0.0085224765336682339 0.047157011489581666 0.097278612071526535 0.046812157014170713 -0.013804182302127019 0.024727754927220204
leaf_count=25763 4961 6490 7052 2524 2994 9982 6197
internal_value=0 -0.406609 0.871761 1.25164 0.302977 -0.647293 0.168029
internal_count=65963 48432 17531 9576 7955 35745 12687
shrinkage=0.05


Tree=6
num_leaves=8
num_cat=0
split_feature=5 0 0 5 3 5 6
split_gain=352.711 101.047 64.6818 50.8832 37.368 30.2468 25.5379
threshold=2.5389676113360324 49.500000000000007 40.500000000000007 3.2450904890257992 86.833333333333357 1.9847319347319352 6.4500000000000011
decision_type=10 2 2 10 10 10 10
left_child=1 5 -2 6 -5 -1 -4
right_child=2 -3 3 4 -6 -7 -8
leaf_value=-0.039558313410760174 -0.0012820008957279158 0.0079120818972335683 0.027710746213607803 0.059352818828502178 0.12777456683460367 -0.013298159090169879 0.10064065649400847
leaf_count=25763 4236 12687 8144 3690 972 9982 489
internal_value=0 -0.394372 0.793633 1.00541 1.51898 -0.635119 0.664199
internal_count=65963 48432 17531 13295 4662 35745 8633
shrinkage=0.05


Tree=7
num_leaves=8
num_cat=0
split_feature=5 0 4 5 0 5 6
split_gain=312.601 95.2836 59.1541 39.3073 38.3245 29.7048 26.4153
threshold=2.5389676113360324 49.500000000000007 137.83333333333334 4.1567251461988315 42.500000000000007 1.9847319347319352 7.4500000000000011
decision_type=10 2 10 10 2 10 10
left_child=1 5 3 4 -2 -1 -6
right_child=2 -3 -4 -5 6 -7 -8
leaf_value=-0.039092724969486736 -0.0055452816053434438 0.007459909609668549 0.076987265627326218 0.086015700276377643 0.030322922243376266 -0.012804409399381926 0.13994890313964123
leaf_count=25763 5057 12687 2900 890 8513 9982 171
internal_value=0 -0.382264 0.725879 0.535361 0.428072 -0.622823 0.672655
internal_count=65963 48432 17531 14631 13741 35745 8684
shrinkage=0.05


Tree=8
num_leaves=8
num_cat=0
split_feature=5 6 5 7 4 6 3
split_gain=277.967 72.4151 45.4282 45.12 31.7631 23.4057 19.9466
threshold=2.6554550593555688 5.8500000000000005 1.813756405202996 1.0000000180025095e-35 136.16666666666671 5.5500000000000007 87.833333333333357
decision_type=10 10 10 2 10 8 10
left_child=1 2 -1 4 5 -2 -4
right_child=3 -3 6 -5 -6 -7 -8
leaf_value=-0.03394726355537752 0.0060760248318588485 0.026622886408197041 -0.012960578845267948 0.1074331539178659 0.062956133325406616 0.036395739385305832 0.024650283609495421
leaf_count=26876 5189 4252 17543 693 2485 6674 2251
internal_value=0 -0.336483 -0.443028 0.734571 0.641047 0.482911 -0.165286
internal_count=65963 50922 46670 15041 14348 11863 19794
shrinkage=0.05


Tree=9
num_leaves=8
num_cat=0
split_feature=5 0 0 4 5 1 2
split_gain=251.521 83.3006 60.4628 43.9407 38.5808 23.9112 21.6283
threshold=2.3470804988662137 49.500000000000007 44.500000000000007 135.83333333333334 3.2254032258064522 1.5000000000000002 24.850000000000005
decision_type=10 2 2 10 10 2 10
left_child=1 -1 4 5 -2 -4 -3
right_child=2 6 3 -5 -6 -7 -8
leaf_value=-0.032958406105997103 -0.01292379288800613 -0.0025952651861440492 0.022736860717762822 0.072405698495442872 0.034224621678051091 0.072955092041271694 0.037505511011309459
leaf_count=32624 6924 9194 8120 2812 2994 1176 2119
internal_value=0 -0.414196 0.538076 0.813525 0.0872414 0.580221 0.113723
internal_count=65963 43937 22026 12108 9918 9296 11313
shrinkage=0.05


Tree=10
num_leaves=8
num_cat=0
split_feature=0 2 2 7 3 2 0
split_gain=141.18 52.9558 50.164 29.2757 23.0655 21.407 19.5753
threshold=44.500000000000007 22.150000000000002 25.350000000000005 1.0000000180025095e-35 96.583333333333357 26.550000000000004 57.500000000000007
decision_type=2 8 10 2 10 10 2
left_child=2 6 4 5 -1 -3 -2
right_child=1 3 -4 -5 -6 -7 -8
leaf_value=-0.031905396585893329 -0.010190915560655104 0.013803586679146121 0.0070609457558950053 0.065838889155492394 0.07561745396815614 0.040427085017067731 0.036068423417017242
leaf_count=25531 12143 14314 6752 1522 241 4188 1272
internal_value=0 0.295886 -0.420351 0.499953 -0.608729 0.415707 -0.0984977
internal_count=65963 33439 32524 20024 25772 18502 13415
shrinkage=0.05


Tree=11
num_leaves=8
num_cat=0
split_feature=0 2 2 3 4 2 0
split_gain=128.32 49.4897 46.2239 27.8037 27.1723 22.3673 17.3696
threshold=44.500000000000007 21.650000000000002 22.150000000000002 95.833333333333357 135.83333333333334 31.050000000000004 57.500000000000007
decision_type=2 8 8 10 8 10 2
left_child=1 -1 6 5 -4 -3 -2
right_child=2 3 4 -5 -6 -7 -8
leaf_value=-0.041836635695260499 -0.0097815859157365584 -0.015002368984287263 0.015221975658086898 0.063338190276896189 0.042590514526920344 0.040294245602069567 0.033183705349843613
leaf_count=13711 12143 17298 14925 576 5099 939 1272
internal_value=0 -0.407844 0.277095 -0.158403 0.463762 -0.223971 -0.0940209
internal_count=65963 32524 33439 18813 20024 18237 13415
shrinkage=0.05


Tree=12
num_leaves=8
num_cat=0
split_feature=5 0 0 5 1 3 2
split_gain=210.861 65.0192 54.7537 47.658 27.1687 22.4206 21.5448
threshold=2.2323504983388713 49.500000000000007 38.500000000000007 2.9186431329288474 1.5000000000000002 89.833333333333357 24.850000000000005
decision_type=10 2 2 10 2 10 10
left_child=1 -1 -2 -4 5 -5 -3
right_child=2 6 3 4 -6 -7 -8
leaf_value=-0.033308993923767842 -0.022663291888578775 -0.0061790361135699058 0.011786964777430291 0.030260836020497856 0.097107562363923705 0.073071033779847569 0.035010578834618979
leaf_count=30619 3599 8562 12430 7125 733 1056 1839
internal_value=0 -0.428699 0.435305 0.545715 0.857866 0.750576 0.0475545
internal_count=65963 41020 24943 21344 8914 8181 10401
shrinkage=0.05


Tree=13
num_leaves=8
num_cat=0
split_feature=5 0 0 5 6 6 7
split_gain=190.49 62.7041 48.2906 39.8417 24.605 21.3379 16.5609
threshold=2.2323504983388713 47.500000000000007 38.500000000000007 2.9186431329288474 5.5500000000000007 5.5500000000000007 1.0000000180025095e-35
decision_type=10 2 2 10 10 10 2
left_child=1 -1 -2 4 -4 -3 -5
right_child=2 5 3 6 -6 -7 -8
leaf_value=-0.035083479285342001 -0.022028906753651191 -0.013026300655528001 -0.0015461200338640309 0.035308196172809003 0.030373556006458937 0.017666555895554121 0.084198031218525982
leaf_count=27173 3599 9061 8080 8452 4350 4786 462
internal_value=0 -0.416215 0.405021 0.505276 0.221435 -0.0258 0.783136
internal_count=65963 41020 24943 21344 12430 13847 8914
shrinkage=0.05


Tree=14
num_leaves=8
num_cat=0
split_feature=5 0 0 5 6 6 4
split_gain=172.229 59.9338 42.9998 38.6007 23.5563 19.2138 16.5013
threshold=2.2323504983388713 47.500000000000007 36.500000000000007 3.7523584905660381 5.5500000000000007 5.5500000000000007 149.16666666666671
decision_type=10 2 2 10 10 10 10
left_child=1 -1 -2 4 6 -3 -4
right_child=2 5 3 -5 -6 -7 -8
leaf_value=-0.034522703700036676 -0.028423077608845285 -0.012539223817140102 0.0043804789305605584 0.054739296957746465 0.030494070793127128 0.016506436816476823 0.059395850247073445
leaf_count=27173 2711 9061 12243 2171 7329 4786 489
internal_value=0 -0.403881 0.377333 0.455541 0.341419 -0.0246279 0.147737
internal_count=65963 41020 24943 22232 20061 13847 12732
shrinkage=0.05


Tree=15
num_leaves=8
num_cat=0
split_feature=5 0 0 5 4 2 6
split_gain=155.844 57.2193 38.6851 27.445 19.1616 17.8685 14.9795
threshold=2.2323504983388713 47.500000000000007 40.500000000000007 3.2450904890257992 137.16666666666671 24.850000000000005 5.5500000000000007
decision_type=10 2 2 10 10 10 8
left_child=1 -1 6 4 -4 -3 -2
right_child=2 5 3 -5 -6 -7 -8
leaf_value=-0.033952928372704513 -0.028540010448011147 -0.0081579873952535333 0.0086922154759864253 0.040326501772145022 0.038464538153026764 0.025559508677367743 0.0094388672241407442
leaf_count=27173 3334 11484 11858 4662 2415 2363 2674
internal_value=0 -0.391681 0.352031 0.469765 0.30053 -0.0235042 -0.20533
internal_count=65963 41020 24943 18935 14273 13847 6008
shrinkage=0.05


Tree=16
num_leaves=8
num_cat=0
split_feature=6 0 2 3 6 2 7
split_gain=95.6798 49.2701 30.802 25.8316 24.1387 19.4512 16.0336
threshold=5.5500000000000007 45.500000000000007 27.150000000000002 95.833333333333357 5.9500000000000011 21.350000000000005 1.0000000180025095e-35
decision_type=10 2 10 10 10 10 2
left_child=1 3 6 5 -2 -1 -3
right_child=4 2 -4 -5 -6 -7 -8
leaf_value=-0.042433235224349393 0.01003381279336551 -0.0056757160980829202 0.04474501279183412 0.048523416039524134 0.035569623294511472 -0.017705072798806815 0.04117894984632274
leaf_count=11539 13199 16821 1439 538 5077 16589 761
internal_value=0 -0.220559 0.0419559 -0.478418 0.387812 -0.526022 -0.0577876
internal_count=65963 47687 19021 28666 18276 28128 17582
shrinkage=0.05


Tree=17
num_leaves=8
num_cat=0
split_feature=6 0 2 2 3 6 7
split_gain=85.7361 45.9944 26.7181 24.7704 21.2028 20.4828 14.1027
threshold=5.5500000000000007 45.500000000000007 27.150000000000002 21.350000000000005 95.833333333333357 5.9500000000000011 1.0000000180025095e-35
decision_type=10 2 10 8 10 10 2
left_child=1 3 6 -1 -5 -2 -3
right_child=5 2 -4 4 -6 -7 -8
leaf_value=-0.042067032194798348 0.0094414438934422307 -0.0054229275604181426 0.040818539681108934 -0.017263254464607591 0.052153045990190265 0.032682016039001616 0.037777050305789872
leaf_count=11527 13199 16821 1439 16671 468 5077 761
internal_value=0 -0.211981 0.039857 -0.465605 -0.280074 0.361672 -0.0550065
internal_count=65963 47687 19021 28666 17139 18276 17582
shrinkage=0.05


Tree=18
num_leaves=8
num_cat=0
split_feature=5 6 5 1 3 3 5
split_gain=132.643 33.3871 28.4145 24.5076 25.2161 18.9601 11.7793
threshold=2.3470804988662137 5.5500000000000007 3.588760504201681 1.5000000000000002 92.833333333333357 95.833333333333357 1.718925561797753
decision_type=10 10 10 2 10 8 10
left_child=1 5 3 4 -2 -1 -3
right_child=2 6 -4 -5 -6 -7 -8
leaf_value=-0.026984608702305457 0.0020224089542960205 -0.012723958199801792 0.038330895229286857 0.041899709271926794 0.044246356282626992 0.031472965715133451 0.013388237960969629
leaf_count=32729 15104 5263 3362 2361 1199 822 5123
internal_value=0 -0.341034 0.345007 0.222523 0.129582 -0.498661 0.0277195
internal_count=65963 43937 22026 18664 16303 33551 10386
shrinkage=0.05


Tree=19
num_leaves=8
num_cat=0
split_feature=5 5 6 6 2 5 4
split_gain=121.444 45.9421 30.7461 22.5889 13.9011 13.4463 12.5662
threshold=1.7971993732863301 2.9186431329288474 5.5500000000000007 5.9500000000000011 22.550000000000004 4.1567251461988315 122.25000000000001
decision_type=10 10 10 10 10 10 10
left_child=3 2 6 -1 -5 -3 -2
right_child=1 5 -4 4 -6 -7 -8
leaf_value=-0.02947921305048112 -0.019657248639564681 0.020755309781717118 0.016779260416233652 -0.019788979680007542 0.051977851826834148 0.050182125193965747 0.00083542704328577646
leaf_count=26933 10239 9306 8227 619 603 1093 8943
internal_value=0 0.207147 0.0116761 -0.513936 0.380756 0.502184 -0.185576
internal_count=65963 37808 27409 28155 1222 10399 19182
shrinkage=0.05


Tree=20
num_leaves=8
num_cat=0
split_feature=5 0 5 0 0 5 6
split_gain=111.413 42.6201 28.1816 27.1948 17.5593 15.4309 14.1579
threshold=1.7971993732863301 40.500000000000007 2.9028324154209293 50.500000000000007 63.500000000000007 3.588760504201681 5.5500000000000007
decision_type=10 2 10 2 2 10 10
left_child=3 5 4 -1 6 -2 -3
right_child=1 2 -4 -5 -6 -7 -8
leaf_value=-0.034351187380265415 -0.023018228681468966 -0.0031968829864637625 0.027128663851717277 -0.0023387677077401185 0.088030035987916019 0.021796462004178369 0.016227710566430211
leaf_count=22646 8412 13431 8067 5509 205 863 6830
internal_value=0 0.194809 0.299034 -0.501048 0.125329 -0.312455 0.0976027
internal_count=65963 37808 28533 28155 20466 9275 20261
shrinkage=0.05


Tree=21
num_leaves=8
num_cat=0
split_feature=5 5 6 1 6 7 2
split_gain=102.248 35.5603 21.2561 20.9524 18.7168 15.1418 14.2268
threshold=1.7971993732863301 2.8295277633627403 5.9500000000000011 1.5000000000000002 5.5500000000000007 1.0000000180025095e-35 21.150000000000002
decision_type=10 10 10 2 10 2 10
left_child=2 4 -1 5 -2 -3 -5
right_child=1 3 -4 6 -6 -7 -8
leaf_value=-0.028281466127017547 -0.0084331908288172181 0.013639948624344721 0.01881062608774875 -0.017856451011807519 0.012566105856129869 0.054069630709784759 0.070473071694778622
leaf_count=26933 18221 10319 1222 171 7742 498 857
internal_value=0 0.183381 -0.488236 0.414319 -0.00634755 0.335125 1.15043
internal_count=65963 37808 28155 11845 25963 10817 1028
shrinkage=0.05


Tree=22
num_leaves=8
num_cat=0
split_feature=5 0 5 0 0 1 1
split_gain=93.8115 38.637 26.8367 26.4678 20.5572 14.884 13.3364
threshold=1.7971993732863301 36.500000000000007 2.9186431329288474 50.500000000000007 44.500000000000007 1.5000000000000002 1.5000000000000002
decision_type=10 2 10 2 2 2 2
left_child=3 -2 4 -1 -3 -6 -4
right_child=1 2 6 -5 5 -7 -8
leaf_value=-0.0333398679137955 -0.030835005579748734 -0.013447802732667947 0.019296051460277255 -0.0012449958247823965 0.0049711102199680966 0.031896191716857043 0.054345800755317288
leaf_count=22646 4236 9231 8532 5509 11962 3072 775
internal_value=0 0.172734 0.23232 -0.475391 0.0735057 0.207938 0.454466
internal_count=65963 37808 33572 28155 24265 15034 9307
shrinkage=0.05


Tree=23
num_leaves=8
num_cat=0
split_feature=5 5 6 6 1 2 3
split_gain=86.0601 28.0285 19.9197 16.2291 14.8014 14.1388 13.5731
threshold=1.7971993732863301 2.8295277633627403 5.9500000000000011 5.5500000000000007 1.5000000000000002 26.450000000000003 90.250000000000014
decision_type=10 10 10 10 2 8 10
left_child=2 3 -1 5 6 -2 -3
right_child=1 4 -4 -5 -6 -7 -8
leaf_value=-0.02707672742016061 -0.01306439124965263 0.010539192996169865 0.018517613537458934 0.011471939456394116 0.047579834646810926 0.017577827680498152 0.038620653038569604
leaf_count=26933 15662 9711 1222 7742 1028 2559 1106
internal_value=0 0.162691 -0.462665 -0.00726731 0.36261 -0.160371 0.29505
internal_count=65963 37808 28155 25963 11845 18221 10817
shrinkage=0.05


Tree=24
num_leaves=8
num_cat=0
split_feature=5 0 0 5 0 6 0
split_gain=78.9423 34.684 25.8141 20.6736 15.1081 18.1469 12.2165
threshold=1.7971993732863301 36.500000000000007 47.500000000000007 2.8130296610169494 49.500000000000007 6.3500000000000005 57.500000000000007
decision_type=10 2 2 10 2 10 2
left_child=2 -2 -1 4 5 -3 -4
right_child=1 3 6 -5 -6 -7 -8
leaf_value=-0.035739416137498509 -0.030283243217696085 -0.0093493010480541518 -0.012770046270852887 0.018997206957909157 0.013258404971793945 0.054296131210620095 0.027364337266450229
leaf_count=19289 4236 14558 7666 10799 7793 422 1200
internal_value=0 0.153413 -0.449933 0.208204 0.0528696 -0.120983 -0.116722
internal_count=65963 37808 28155 33572 22773 14980 8866
shrinkage=0.05


end of trees

feature importances:
H25_lhrate=50
H25_age=41
H25_a1c=28
H25_bmi=18
H25_dbp=12
H25_sbp=10
H25_ht=9
H25_sex=7

parameters:
[boosting: gbdt]
[objective: binary]
[metric: binary]
[tree_learner: serial]
[device_type: cpu]
[data: ]
[valid: ]
[num_iterations: 100]
[learning_rate: 0.05]
[num_leaves: 8]
[num_threads: 0]
[max_depth: -1]
[min_data_in_leaf: 20]
[min_sum_hessian_in_leaf: 1]
[bagging_fraction: 0.4]
[bagging_freq: 0]
[bagging_seed: 3]
[feature_fraction: 0.8]
[feature_fraction_seed: 2]
[early_stopping_round: 0]
[max_delta_step: 0]
[lambda_l1: 0]
[lambda_l2: 1]
[min_gain_to_split: 0]
[drop_rate: 0.1]
[max_drop: 50]
[skip_drop: 0.5]
[xgboost_dart_mode: 0]
[uniform_drop: 0]
[drop_seed: 4]
[top_rate: 0.2]
[other_rate: 0.1]
[min_data_per_group: 100]
[max_cat_threshold: 32]
[cat_l2: 10]
[cat_smooth: 10]
[max_cat_to_onehot: 4]
[top_k: 20]
[monotone_constraints: ]
[feature_contri: ]
[forcedsplits_filename: ]
[refit_decay_rate: 0.9]
[verbosity: 0]
[max_bin: 255]
[min_data_in_bin: 3]
[bin_construct_sample_cnt: 200000]
[histogram_pool_size: -1]
[data_random_seed: 1]
[output_model: LightGBM_model.txt]
[snapshot_freq: -1]
[input_model: ]
[output_result: LightGBM_predict_result.txt]
[initscore_filename: ]
[valid_data_initscores: ]
[pre_partition: 0]
[enable_bundle: 1]
[max_conflict_rate: 0]
[is_enable_sparse: 1]
[sparse_threshold: 0.8]
[use_missing: 1]
[zero_as_missing: 0]
[two_round: 0]
[save_binary: 0]
[enable_load_from_binary_file: 1]
[header: 0]
[label_column: ]
[weight_column: ]
[group_column: ]
[ignore_column: ]
[categorical_feature: ]
[predict_raw_score: 0]
[predict_leaf_index: 0]
[predict_contrib: 0]
[num_iteration_predict: -1]
[pred_early_stop: 0]
[pred_early_stop_freq: 10]
[pred_early_stop_margin: 10]
[convert_model_language: ]
[convert_model: gbdt_prediction.cpp]
[num_class: 1]
[is_unbalance: 0]
[scale_pos_weight: 1]
[sigmoid: 1]
[boost_from_average: 1]
[reg_sqrt: 0]
[alpha: 0.9]
[fair_c: 1]
[poisson_max_delta_step: 0.7]
[tweedie_variance_power: 1.5]
[max_position: 20]
[label_gain: ]
[metric_freq: 1]
[is_provide_training_metric: 0]
[eval_at: ]
[num_machines: 1]
[local_listen_port: 12400]
[time_out: 120]
[machine_list_filename: ]
[machines: ]
[gpu_platform_id: -1]
[gpu_device_id: -1]
[gpu_use_dp: 0]

end of parameters

pandas_categorical:[]
