tree
version=v2
num_class=1
num_tree_per_iteration=1
label_index=0
max_feature_idx=8
objective=binary sigmoid:1
feature_names=H25_age H25_sex H25_bmi H25_dbp H25_sbp H25_lhrate H25_a1c H25_ht H25_dm
feature_infos=[18:74] [1:2] [0:65.599999999999994] [0:145] [0:228] [0.18181818181818185:8.8461538461538485] [2.7999999999999998:15.300000000000001] [0:1] [0:1]
tree_sizes=721 739 734 740 731 726 735 735 741 742 745 740 743 744 742 739 745 745 741 741 743 741 737 743 743

Tree=0
num_leaves=8
num_cat=0
split_feature=5 0 0 6 5 6 7
split_gain=621.857 154.423 140.153 69.6814 59.2194 51.6848 46.8225
threshold=2.6616515837104076 44.500000000000007 49.500000000000007 6.1500000000000012 3.7564271588661837 5.8500000000000005 1.0000000180025095e-35
decision_type=10 2 2 10 10 10 2
left_child=2 3 -1 -2 6 -4 -3
right_child=1 4 5 -5 -6 -7 -8
leaf_value=-4.0664709248618189 -4.0190451492165966 -3.9556105651238105 -4.0316194324993786 -3.8592874048953343 -3.854832586714287 -3.9680819099385332 -3.8291783217191218
leaf_count=37580 6392 6441 11284 369 1275 2189 433
internal_value=0 1.37138 -0.401622 0.510095 2.07723 0.266971 1.76843
internal_count=65963 14910 51053 6761 8149 13473 6874
shrinkage=1


Tree=1
num_leaves=8
num_cat=0
split_feature=6 0 4 4 7 3 0
split_gain=247.832 167.273 67.407 42.5199 39.4386 30.9528 21.5934
threshold=5.8500000000000005 44.500000000000007 138.16666666666671 130.83333333333334 1.0000000180025095e-35 95.833333333333357 57.500000000000007
decision_type=10 2 8 10 2 10 2
left_child=1 5 4 -2 6 -1 -3
right_child=3 2 -4 -5 -6 -7 -8
leaf_value=-0.029954301924859417 0.042180315264198347 -0.0012061582776516616 0.060065350530645371 0.10298540807469421 0.079352997534194045 0.056252878354562809 0.040420055925891964
leaf_count=30127 4245 21912 3656 2648 910 579 1886
internal_value=0 -0.165705 0.251661 1.32816 0.106966 -0.564235 0.0445402
internal_count=65963 59070 28364 6893 24708 30706 23798
shrinkage=0.05


Tree=2
num_leaves=8
num_cat=0
split_feature=5 0 0 5 4 5 5
split_gain=525.318 118.063 108.638 63.5919 62.617 38.9492 31.9178
threshold=2.5687964841108863 49.500000000000007 44.500000000000007 3.6698717948717952 135.83333333333334 1.8011627906976748 2.0863133248190726
decision_type=10 2 2 10 10 8 10
left_child=1 6 3 -2 -4 -3 -1
right_child=2 5 4 -5 -6 -7 -8
leaf_value=-0.039090315718185942 0.0041479633911224671 -0.010767931181477793 0.063226967949164034 0.093300615707124293 0.13307439711008265 0.03032251595498674 -0.011495710355653109
leaf_count=27827 6273 6571 7045 1359 2185 6338 8365
internal_value=0 -0.418546 1.11229 0.416834 1.62219 0.190635 -0.654165
internal_count=65963 49101 16862 7632 9230 12909 36192
shrinkage=0.05


Tree=3
num_leaves=8
num_cat=0
split_feature=2 0 0 6 6 4 6
split_gain=212.086 100.462 96.8322 56.3281 54.5303 45.5889 36.1891
threshold=23.950000000000003 44.500000000000007 46.500000000000007 5.5500000000000007 6.1500000000000012 134.83333333333334 6.6500000000000012
decision_type=8 2 2 10 10 8 10
left_child=2 4 6 -4 -2 -3 -1
right_child=1 5 3 -5 -6 -7 -8
leaf_value=-0.03274976399568949 -0.0076389906044225537 0.034141575238581183 -0.0099101580991367219 0.036289173616001334 0.10256722291733263 0.081327186055548006 0.13704718966463308
leaf_count=26621 9910 8479 11087 5360 542 3845 119
internal_value=0 0.573013 -0.328083 0.114686 -0.00221987 0.999416 -0.631174
internal_count=65963 22776 43187 16447 10452 12324 26740
shrinkage=0.05


Tree=4
num_leaves=8
num_cat=0
split_feature=5 5 5 3 6 1 6
split_gain=443.44 83.1556 57.1288 49.0859 34.5869 29.4588 29.0128
threshold=2.5359730848861286 3.586161187698834 1.8011627906976748 92.833333333333357 5.5500000000000007 1.5000000000000002 5.5500000000000007
decision_type=10 10 10 10 10 2 10
left_child=2 3 -1 4 -2 -6 -4
right_child=1 -3 6 -5 5 -7 -8
leaf_value=-0.03234504216265046 0.01343095823505364 0.095650342767309757 -0.014908513472585963 0.1038343422995794 0.039009922335199149 0.11626001006832409 0.016746860021967413
leaf_count=28278 8591 3365 14269 1037 3912 706 5805
internal_value=0 0.948564 -0.414514 0.692647 0.559207 1.04008 -0.10235
internal_count=65963 17611 48352 14246 13209 4618 20074
shrinkage=0.05


Tree=5
num_leaves=8
num_cat=0
split_feature=5 0 0 5 5 3 0
split_gain=393.11 95.2705 84.2896 57.7303 35.939 28.8965 28.13
threshold=2.3464102564102567 44.500000000000007 49.500000000000007 3.2446712018140595 2.9425824175824187 100.83333333333336 36.500000000000007
decision_type=10 2 2 10 10 10 2
left_child=2 3 5 -2 -3 -1 -5
right_child=1 4 -4 6 -6 -7 -8
leaf_value=-0.035618218594372475 -0.010922536990374911 0.037997101271376267 0.0038242416392010349 -0.014058956937823403 0.07583877359645011 0.0837879364401036 0.070010649968255609
leaf_count=32330 7079 6693 11352 662 5439 247 2161
internal_value=0 0.746519 -0.46649 0.17235 1.13068 -0.688718 1.0148
internal_count=65963 22034 43929 9902 12132 32577 2823
shrinkage=0.05


Tree=6
num_leaves=8
num_cat=0
split_feature=5 0 0 5 1 3 3
split_gain=349.948 80.2766 77.8309 49.7097 32.0851 28.229 26.2359
threshold=2.3464102564102567 49.500000000000007 44.500000000000007 3.2446712018140595 1.5000000000000002 91.583333333333357 100.83333333333336
decision_type=10 2 2 10 2 10 10
left_child=1 6 3 -2 5 -4 -1
right_child=2 -3 4 -5 -6 -7 -8
leaf_value=-0.035058989705376402 -0.010492966746988778 0.0036203219970479422 0.037319391555639993 0.045894386775538143 0.096109012555390297 0.09010500777059452 0.075156955107491208
leaf_count=32330 7079 11352 9512 2823 1528 1092 247
internal_value=0 -0.45364 0.683389 0.161982 1.01686 0.880397 -0.677076
internal_count=65963 43929 22034 9902 12132 10604 32577
shrinkage=0.05


Tree=7
num_leaves=8
num_cat=0
split_feature=5 4 0 5 0 0 5
split_gain=314.065 77.126 69.2353 54.5967 33.0834 30.4501 31.0612
threshold=2.2342087765957452 137.83333333333334 49.500000000000007 2.9425824175824187 43.500000000000007 36.500000000000007 4.5949163449163457
decision_type=10 10 2 10 2 2 10
left_child=2 3 -1 4 -2 -5 -7
right_child=1 -3 -4 5 -6 6 -8
leaf_value=-0.034959809785365607 -0.021959706190662381 0.069736160455644167 0.0014071312972647686 -0.023030212964289427 0.017405522838716419 0.040802618854605177 0.1375168670207024
leaf_count=30629 5207 3907 10460 922 7448 7082 308
internal_value=0 0.578982 -0.480095 0.392112 0.0663252 0.795386 0.924057
internal_count=65963 24874 41089 20967 12655 8312 7390
shrinkage=0.05


Tree=8
num_leaves=8
num_cat=0
split_feature=5 5 6 6 7 4 7
split_gain=282.291 64.2883 37.1997 35.288 33.7077 29.7376 25.2195
threshold=2.2342087765957452 2.8937782076079954 5.9500000000000011 7.3500000000000005 1.0000000180025095e-35 137.83333333333334 1.0000000180025095e-35
decision_type=10 10 10 10 2 10 2
left_child=2 3 -1 6 5 -3 -2
right_child=1 4 -4 -5 -6 -7 -8
leaf_value=-0.026635979069957506 0.0029836520397028259 0.031090119600757384 0.023100251258704192 0.13231803537197426 0.11689147074367939 0.07611237873850954 0.070106693633960382
leaf_count=38931 13355 8638 2158 198 476 1612 595
internal_value=0 0.534642 -0.467243 0.189861 0.891595 0.795921 0.135651
internal_count=65963 24874 41089 14148 10726 10250 13950
shrinkage=0.05


Tree=9
num_leaves=8
num_cat=0
split_feature=5 0 0 5 4 2 0
split_gain=254.413 67.2116 63.4389 58.085 35.8674 27.9171 19.2255
threshold=2.2342087765957452 48.500000000000007 36.500000000000007 3.7564271588661837 137.83333333333334 24.850000000000005 42.500000000000007
decision_type=10 2 2 10 10 10 2
left_child=1 -1 -2 4 6 -3 -4
right_child=2 5 3 -5 -6 -7 -8
leaf_value=-0.035034529975520486 -0.031398400598212715 -0.0086229417639939882 -0.0054243586547213542 0.07439091287504912 0.051970716294693013 0.037829572820655882 0.02247283618312701
leaf_count=28993 2673 9984 4692 2161 3255 2112 12093
internal_value=0 -0.454378 0.495509 0.600048 0.465408 0.00514699 0.318217
internal_count=65963 41089 24874 22201 20040 12096 16785
shrinkage=0.05


Tree=10
num_leaves=8
num_cat=0
split_feature=2 0 2 0 2 3 7
split_gain=134.137 70.2127 45.4788 40.4725 40.0254 30.2129 30.1213
threshold=21.650000000000002 44.500000000000007 31.150000000000002 49.500000000000007 26.550000000000004 93.833333333333357 1.0000000180025095e-35
decision_type=8 2 10 2 10 10 2
left_child=3 2 5 -1 6 -2 -3
right_child=1 4 -4 -5 -6 -7 -8
leaf_value=-0.035933801266581959 -0.016548855016204338 0.011220677630045049 0.062679275890830999 0.0007374964527418203 0.048817514417115772 0.058546844118797806 0.069883053807938258
leaf_count=19047 17203 16530 1025 5814 4730 658 956
internal_value=0 0.233458 -0.147176 -0.504073 0.473657 -0.255509 0.303215
internal_count=65963 41102 18886 24861 22216 17861 17486
shrinkage=0.05


Tree=11
num_leaves=8
num_cat=0
split_feature=2 0 2 0 2 0 3
split_gain=122.853 61.6764 39.5747 38.807 33.1758 28.5834 26.6984
threshold=21.650000000000002 44.500000000000007 31.150000000000002 49.500000000000007 26.550000000000004 57.500000000000007 93.833333333333357
decision_type=8 2 10 2 10 2 10
left_child=3 2 6 -1 5 -3 -2
right_child=1 4 -4 -5 -6 -7 -8
leaf_value=-0.035385140031285671 -0.015983932863854071 0.0088299454227078692 0.056293952073800127 0.00070046056530428599 0.04427278677299748 0.051613712895793612 0.05292298333127942
leaf_count=19047 17203 15568 1025 5814 4730 1918 658
internal_value=0 0.219273 -0.140807 -0.491185 0.439874 0.283985 -0.24582
internal_count=65963 41102 18886 24861 22216 17486 17861
shrinkage=0.05


Tree=12
num_leaves=8
num_cat=0
split_feature=5 0 0 5 4 2 5
split_gain=211.682 57.8786 51.75 43.9028 24.0938 20.6631 15.4481
threshold=2.2342087765957452 48.500000000000007 36.500000000000007 3.7564271588661837 137.83333333333334 24.850000000000005 2.9112517580872015
decision_type=10 2 2 10 10 10 10
left_child=1 -1 -2 4 6 -3 -4
right_child=2 5 3 -5 -6 -7 -8
leaf_value=-0.033807660877652378 -0.030436231447621656 -0.0087559310758016928 0.0053454667279538744 0.062767588935039517 0.042524731297693616 0.02971024377137918 0.026686705730766432
leaf_count=28993 2673 9984 10811 2161 3255 2112 5974
internal_value=0 -0.431861 0.433787 0.522049 0.404649 -0.0169453 0.282315
internal_count=65963 41089 24874 22201 20040 12096 16785
shrinkage=0.05


Tree=13
num_leaves=8
num_cat=0
split_feature=5 0 0 5 6 7 6
split_gain=191.211 55.2735 46.0664 35.749 26.2284 28.8231 21.2934
threshold=2.2342087765957452 48.500000000000007 36.500000000000007 3.7564271588661837 6.4500000000000011 1.0000000180025095e-35 5.5500000000000007
decision_type=10 2 2 10 10 2 10
left_child=1 -1 -2 4 5 -4 -3
right_child=2 6 3 -5 -6 -7 -8
leaf_value=-0.033223883002046102 -0.029815189443994691 -0.013604642103540183 0.012157390527521454 0.056253725085496101 0.064328324048786065 0.064839308146823191 0.018674364167208097
leaf_count=28993 2673 7708 18247 2161 941 852 4388
internal_value=0 -0.419347 0.403482 0.483747 0.377046 0.312655 -0.0161287
internal_count=65963 41089 24874 22201 20040 19099 12096
shrinkage=0.05


Tree=14
num_leaves=8
num_cat=0
split_feature=5 0 0 5 6 6 3
split_gain=172.942 52.7124 41.1314 32.6998 21.6034 19.1587 16.001
threshold=2.2342087765957452 48.500000000000007 36.500000000000007 2.8937782076079954 7.3500000000000005 5.5500000000000007 100.83333333333336
decision_type=10 2 2 10 10 10 10
left_child=1 6 -2 4 -4 -3 -1
right_child=2 5 3 -5 -6 -7 -8
leaf_value=-0.033797102877612374 -0.029190551280677119 -0.013103856121185052 0.0072979935598838711 0.034381574662134047 0.095549724893241372 0.017431822764670892 0.06383327763223498
leaf_count=28805 2673 7708 12392 9614 195 4388 188
internal_value=0 -0.406971 0.376001 0.449253 0.194483 -0.0154295 -0.652643
internal_count=65963 41089 24874 22201 12587 12096 28993
shrinkage=0.05


Tree=15
num_leaves=8
num_cat=0
split_feature=5 0 5 0 3 6 6
split_gain=157.504 46.0352 43.9709 31.1318 17.8376 17.4025 16.0629
threshold=1.9813067784765896 50.500000000000007 2.8937782076079954 43.500000000000007 100.83333333333336 5.9500000000000011 5.5500000000000007
decision_type=10 2 10 2 10 10 8
left_child=1 4 3 -2 -1 -3 -4
right_child=2 5 6 -5 -6 -7 -8
leaf_value=-0.035349198588992915 -0.01783765037133014 -0.0056783665905087172 0.013270881090622017 0.01276481112636129 0.070817910456507357 0.047081597746817937 0.037294906993111193
leaf_count=26803 8458 6146 4299 12888 167 775 6427
internal_value=0 -0.47685 0.291037 0.0674005 -0.681201 0.0421239 0.574132
internal_count=65963 33891 32072 21346 26970 6921 10726
shrinkage=0.05


Tree=16
num_leaves=8
num_cat=0
split_feature=6 2 0 2 3 6 0
split_gain=90.6854 60.3198 31.1462 24.3829 23.0459 22.7495 21.9243
threshold=5.5500000000000007 21.350000000000005 42.500000000000007 25.150000000000002 91.833333333333357 6.8500000000000005 49.500000000000007
decision_type=10 8 2 8 10 10 2
left_child=1 -1 4 -4 -3 6 -2
right_child=5 2 3 -5 -6 -7 -8
leaf_value=-0.032734121930815596 0.0030639740431353236 -0.023350388570155492 -0.0023542344804650256 0.025564698528023195 0.050745903709682905 0.055556317339793874 0.027799932245941558
leaf_count=17656 10291 11983 12346 5100 507 1245 6835
internal_value=0 -0.212843 -0.0261987 0.14786 -0.372767 0.380837 0.301187
internal_count=65963 47592 29936 17446 12490 18371 17126
shrinkage=0.05


Tree=17
num_leaves=8
num_cat=0
split_feature=2 7 6 0 3 0 2
split_gain=83.1505 41.9503 34.13 33.6975 24.1524 25.126 17.7208
threshold=21.650000000000002 1.0000000180025095e-35 5.5500000000000007 45.500000000000007 95.833333333333357 42.500000000000007 26.350000000000005
decision_type=8 2 10 2 8 2 8
left_child=3 2 4 -1 5 -2 -7
right_child=1 -3 -4 -5 -6 6 -8
leaf_value=-0.03786463719629013 -0.02240623772864286 0.049409747062856342 0.018637359365787389 -0.0054038161935225856 0.045292852564158492 -0.0036999582184529412 0.026535613039994656
leaf_count=14903 11260 1972 12127 9958 939 12244 2560
internal_value=0 0.166998 0.103585 -0.434942 -0.0651861 -0.118749 0.0548428
internal_count=65963 41102 39130 24861 27003 26064 14804
shrinkage=0.05


Tree=18
num_leaves=8
num_cat=0
split_feature=5 5 6 6 2 4 5
split_gain=133.52 35.6345 25.6321 21.3258 15.6466 14.5657 15.327
threshold=1.9813067784765896 2.8937782076079954 5.9500000000000011 5.5500000000000007 26.450000000000003 129.83333333333334 1.8011627906976748
decision_type=10 10 10 10 8 8 8
left_child=2 3 5 4 -2 -1 -7
right_child=1 -3 -4 -5 -6 6 -8
leaf_value=-0.031689358631722148 -0.012232830288146692 0.025347089142106899 0.020399023290970868 0.01774173459940372 0.02026112122872312 -0.019968901956141098 0.027516352069007124
leaf_count=25632 12447 10726 1596 6634 2265 5170 1493
internal_value=0 0.259084 -0.453971 0.0568745 -0.124867 -0.524824 -0.174994
internal_count=65963 32072 33891 21346 14712 32295 6663
shrinkage=0.05


Tree=19
num_leaves=8
num_cat=0
split_feature=5 5 6 6 4 4 5
split_gain=121.813 30.928 23.8363 18.9922 15.325 14.0554 13.8972
threshold=1.9813067784765896 2.8937782076079954 5.9500000000000011 5.5500000000000007 121.16666666666667 129.83333333333334 1.8011627906976748
decision_type=10 10 10 10 10 8 8
left_child=2 3 5 4 -2 -1 -7
right_child=1 -3 -4 -5 -6 6 -8
leaf_value=-0.031077599652515765 -0.019829532635148236 0.023509546384884769 0.019037857186951369 0.016573871152287326 0.005356778928887319 -0.019360235775485866 0.02552647694068292
leaf_count=25632 7289 10726 1596 6634 7423 5170 1493
internal_value=0 0.24305 -0.441296 0.0538379 -0.119401 -0.511932 -0.167797
internal_count=65963 32072 33891 21346 14712 32295 6663
shrinkage=0.05


Tree=20
num_leaves=8
num_cat=0
split_feature=5 0 0 5 3 7 6
split_gain=111.144 41.5436 36.0664 24.4865 15.5595 14.5147 16.0547
threshold=1.9813067784765896 50.500000000000007 36.500000000000007 3.2446712018140595 100.83333333333336 1.0000000180025095e-35 6.1500000000000012
decision_type=10 2 2 10 10 2 10
left_child=1 4 -2 5 -1 6 -4
right_child=2 -3 3 -5 -6 -7 -8
leaf_value=-0.033445403876486736 -0.030209785374275312 0.003105247796816089 0.002795068204105652 0.029398971441831713 0.062411757962260929 0.038168920196168778 0.03504983677712873
leaf_count=26803 3491 6921 20613 5476 167 1133 1359
internal_value=0 -0.428714 0.228158 0.287357 -0.640903 0.167222 0.116999
internal_count=65963 33891 32072 28581 26970 23105 21972
shrinkage=0.05


Tree=21
num_leaves=8
num_cat=0
split_feature=5 5 4 2 1 1 3
split_gain=102.422 30.1225 21.9713 21.527 17.5674 11.8592 12.9066
threshold=1.8011627906976748 2.8937782076079954 122.25000000000001 25.550000000000004 1.5000000000000002 1.5000000000000002 90.250000000000014
decision_type=10 10 10 10 2 2 10
left_child=3 2 4 -1 -2 6 -3
right_child=1 5 -4 -5 -6 -7 -8
leaf_value=-0.028675029668605568 -0.019316864006197278 0.013263795218447791 0.010715434055119336 0.014180539625406139 0.013929874126705131 0.050308827736677532 0.042260147375079847
leaf_count=26074 10178 8831 13221 2204 3560 888 1007
internal_value=0 0.184621 0.0203543 -0.485924 -0.219998 0.411251 0.350888
internal_count=65963 37685 26959 28278 13738 10726 9838
shrinkage=0.05


Tree=22
num_leaves=8
num_cat=0
split_feature=5 0 0 1 5 0 6
split_gain=93.9515 33.895 26.5117 21.7779 21.148 20.3973 20.1458
threshold=1.8011627906976748 40.500000000000007 57.500000000000007 1.5000000000000002 2.6616515837104076 46.500000000000007 6.8500000000000005
decision_type=10 2 2 2 10 2 10
left_child=2 6 -1 4 -3 -5 -2
right_child=1 3 -4 5 -6 -7 -8
leaf_value=-0.027683167026775448 -0.017255246288104785 -0.0018490818953800997 0.028834978563717018 0.001692420416646337 0.017587408389159575 0.049170873716724378 0.089204146093067441
leaf_count=27081 9083 13359 1197 2022 10218 2900 103
internal_value=0 0.173875 -0.473078 0.26581 0.188722 0.684669 -0.276822
internal_count=65963 37685 28278 28499 23577 4922 9186
shrinkage=0.05


Tree=23
num_leaves=8
num_cat=0
split_feature=5 6 2 5 3 1 2
split_gain=86.1682 26.6215 20.5738 20.0126 18.6748 16.8343 19.0038
threshold=1.8011627906976748 5.5500000000000007 25.550000000000004 2.9112517580872015 95.833333333333357 1.5000000000000002 27.350000000000005
decision_type=10 10 10 10 10 2 10
left_child=2 3 -1 4 5 -2 -7
right_child=1 -3 -4 -5 -6 6 -8
leaf_value=-0.027494203432667633 -0.01632611032381755 0.018796498915952271 0.014631518431587399 0.013424415492628686 0.042526965696288103 0.0042706066249688724 0.099406953710522383
leaf_count=26074 14971 12361 2204 6334 661 3081 277
internal_value=0 0.163842 -0.460276 0.0112591 -0.150652 -0.213279 0.317448
internal_count=65963 37685 28278 25324 18990 18329 3358
shrinkage=0.05


Tree=24
num_leaves=8
num_cat=0
split_feature=5 0 0 5 0 6 0
split_gain=79.0373 31.1922 24.9387 21.0748 17.712 16.7354 14.0564
threshold=1.8011627906976748 36.500000000000007 57.500000000000007 3.7564271588661837 49.500000000000007 6.4500000000000011 44.500000000000007
decision_type=10 2 2 10 2 10 2
left_child=2 -2 6 4 5 -3 -1
right_child=1 3 -4 -5 -6 -7 -8
leaf_value=-0.038296538831364711 -0.029215520972375831 -0.0023202513596409374 0.028222769130922309 0.032266528403795534 0.016543019590986242 0.041702060841213986 -0.015449696378263659
leaf_count=15512 4210 20078 1197 2161 10606 630 11569
internal_value=0 0.154521 -0.44755 0.205257 0.143305 0.0047978 -0.529842
internal_count=65963 37685 28278 33475 31314 20708 27081
shrinkage=0.05


end of trees

feature importances:
H25_lhrate=46
H25_age=45
H25_a1c=27
H25_bmi=17
H25_dbp=14
H25_sbp=12
H25_ht=8
H25_sex=6

parameters:
[boosting: gbdt]
[objective: binary]
[metric: binary]
[tree_learner: serial]
[device_type: cpu]
[data: ]
[valid: ]
[num_iterations: 100]
[learning_rate: 0.05]
[num_leaves: 8]
[num_threads: 0]
[max_depth: -1]
[min_data_in_leaf: 20]
[min_sum_hessian_in_leaf: 1]
[bagging_fraction: 0.4]
[bagging_freq: 0]
[bagging_seed: 3]
[feature_fraction: 0.8]
[feature_fraction_seed: 2]
[early_stopping_round: 0]
[max_delta_step: 0]
[lambda_l1: 0]
[lambda_l2: 1]
[min_gain_to_split: 0]
[drop_rate: 0.1]
[max_drop: 50]
[skip_drop: 0.5]
[xgboost_dart_mode: 0]
[uniform_drop: 0]
[drop_seed: 4]
[top_rate: 0.2]
[other_rate: 0.1]
[min_data_per_group: 100]
[max_cat_threshold: 32]
[cat_l2: 10]
[cat_smooth: 10]
[max_cat_to_onehot: 4]
[top_k: 20]
[monotone_constraints: ]
[feature_contri: ]
[forcedsplits_filename: ]
[refit_decay_rate: 0.9]
[verbosity: 0]
[max_bin: 255]
[min_data_in_bin: 3]
[bin_construct_sample_cnt: 200000]
[histogram_pool_size: -1]
[data_random_seed: 1]
[output_model: LightGBM_model.txt]
[snapshot_freq: -1]
[input_model: ]
[output_result: LightGBM_predict_result.txt]
[initscore_filename: ]
[valid_data_initscores: ]
[pre_partition: 0]
[enable_bundle: 1]
[max_conflict_rate: 0]
[is_enable_sparse: 1]
[sparse_threshold: 0.8]
[use_missing: 1]
[zero_as_missing: 0]
[two_round: 0]
[save_binary: 0]
[enable_load_from_binary_file: 1]
[header: 0]
[label_column: ]
[weight_column: ]
[group_column: ]
[ignore_column: ]
[categorical_feature: ]
[predict_raw_score: 0]
[predict_leaf_index: 0]
[predict_contrib: 0]
[num_iteration_predict: -1]
[pred_early_stop: 0]
[pred_early_stop_freq: 10]
[pred_early_stop_margin: 10]
[convert_model_language: ]
[convert_model: gbdt_prediction.cpp]
[num_class: 1]
[is_unbalance: 0]
[scale_pos_weight: 1]
[sigmoid: 1]
[boost_from_average: 1]
[reg_sqrt: 0]
[alpha: 0.9]
[fair_c: 1]
[poisson_max_delta_step: 0.7]
[tweedie_variance_power: 1.5]
[max_position: 20]
[label_gain: ]
[metric_freq: 1]
[is_provide_training_metric: 0]
[eval_at: ]
[num_machines: 1]
[local_listen_port: 12400]
[time_out: 120]
[machine_list_filename: ]
[machines: ]
[gpu_platform_id: -1]
[gpu_device_id: -1]
[gpu_use_dp: 0]

end of parameters

pandas_categorical:[]
