tree
version=v2
num_class=1
num_tree_per_iteration=1
label_index=0
max_feature_idx=8
objective=binary sigmoid:1
feature_names=H25_age H25_sex H25_bmi H25_dbp H25_sbp H25_lhrate H25_a1c H25_ht H25_dl
feature_infos=[19:75] [1:2] [0:65.599999999999994] [0:169] [0:238] [0.18181818181818185:8.8461538461538485] [2.7999999999999998:14.800000000000001] [0:1] [0:1]
tree_sizes=721 717 723 733 726 715 720 722 727 725 732 733 732 739 734 734 726 738 731 742 730 735 732 730 741

Tree=0
num_leaves=8
num_cat=0
split_feature=6 6 6 6 5 2 2
split_gain=5760.13 388.363 32.6569 28.9448 20.9791 20.1093 15.5212
threshold=6.5500000000000007 6.0500000000000007 5.7500000000000009 6.1500000000000012 2.0287784679089031 24.150000000000002 32.550000000000004
decision_type=10 10 10 10 10 8 10
left_child=1 2 6 -3 -5 -4 -1
right_child=-2 3 5 4 -6 -7 -8
leaf_value=-5.2786530487247232 -3.8347514039504951 -5.1319142035519976 -5.2604917437460017 -5.1264088410946957 -4.8872757883397613 -5.1842548468007896 -5.1816759272415389
leaf_count=58400 1177 868 3393 471 1028 2842 642
internal_value=0 -0.563797 -0.767888 4.70423 5.84308 0.175022 -0.867704
internal_count=68821 67644 65277 2367 1499 6235 59042
shrinkage=1


Tree=1
num_leaves=8
num_cat=0
split_feature=6 6 6 0 1 1 4
split_gain=1685.33 91.2398 56.5934 44.9646 18.446 13.3589 14.7874
threshold=6.1500000000000012 6.7500000000000009 5.7500000000000009 61.500000000000007 1.5000000000000002 1.5000000000000002 128.83333333333334
decision_type=10 10 10 2 2 2 10
left_child=2 5 -1 -3 -4 -2 -7
right_child=1 3 4 -5 -6 6 -8
leaf_value=-0.043072237197569578 0.24171127234741904 0.42684538529198357 0.044483394063593466 0.045754638447877118 -0.027759269715371085 -0.014423569472108978 0.16607560623426781
leaf_count=59042 1402 821 4780 52 2323 231 170
internal_value=0 6.50389 -0.71485 8.1547 0.421323 4.35694 1.76493
internal_count=68821 2676 66145 873 7103 1803 401
shrinkage=0.05


Tree=2
num_leaves=8
num_cat=0
split_feature=6 6 6 3 2 2 4
split_gain=1177.47 47.3849 30.3026 24.4982 16.9163 15.2133 15.0537
threshold=6.0500000000000007 6.3500000000000005 5.7500000000000009 63.833333333333336 24.150000000000002 32.550000000000004 162.16666666666671
decision_type=10 10 10 10 8 10 10
left_child=2 -2 5 -3 -4 -1 -5
right_child=1 3 4 6 -6 -7 -8
leaf_value=-0.044070039033941077 0.12236215579152276 0.028480395750831462 -0.026140183056689654 0.259934301308826 0.042606353502740661 0.051643920986469499 0.040035923373879144
leaf_count=58400 1879 78 3393 1532 2842 642 55
internal_value=0 4.3278 -0.749321 4.9211 0.141041 -0.854993 5.08046
internal_count=68821 3544 65277 1665 6235 59042 1587
shrinkage=0.05


Tree=3
num_leaves=8
num_cat=0
split_feature=6 6 2 6 2 2 8
split_gain=900.978 31.5062 39.6125 29.4544 15.023 14.4049 9.20096
threshold=6.0500000000000007 7.4500000000000011 29.550000000000004 5.7500000000000009 24.150000000000002 32.550000000000004 1.0000000180025095e-35
decision_type=10 10 8 10 8 10 2
left_child=3 2 -2 5 -5 6 -1
right_child=1 -3 -4 4 -6 -7 -8
leaf_value=-0.045793962128582881 0.11331725015055455 0.23709326948659637 0.22701688274273965 -0.02553626432282944 0.038977907272374733 0.047661933204465906 -0.0014732622137544151
leaf_count=55736 2549 384 611 3393 2842 642 2664
internal_value=0 3.35718 2.85638 -0.739526 0.132929 -0.848312 -0.875702
internal_count=68821 3544 3160 65277 6235 59042 58400
shrinkage=0.05


Tree=4
num_leaves=8
num_cat=0
split_feature=6 1 6 5 8 2 2
split_gain=725.33 30.5503 28.6184 24.2611 14.1815 13.668 13.4689
threshold=6.0500000000000007 1.5000000000000002 5.7500000000000009 2.9954166666666668 1.0000000180025095e-35 32.550000000000004 25.850000000000005
decision_type=10 2 10 10 2 10 8
left_child=2 4 5 -3 -2 -1 -4
right_child=1 3 6 -5 -6 -7 -8
leaf_value=-0.043490672816781907 0.13683188763682799 0.0099905137514578711 -0.015323281362423238 0.17995667158778914 0.22703465121896893 0.044088405181397339 0.049368130485003346
leaf_count=58400 2457 637 4450 95 355 642 1785
internal_value=0 2.74122 -0.729529 1.04035 3.00361 -0.841424 0.125305
internal_count=68821 3544 65277 732 2812 59042 6235
shrinkage=0.05


Tree=5
num_leaves=8
num_cat=0
split_feature=6 6 1 5 6 2 0
split_gain=601.06 27.82 18.7697 19.4581 13.162 15.0513 13.0323
threshold=6.0500000000000007 5.7500000000000009 1.5000000000000002 2.9954166666666668 7.4500000000000011 29.450000000000003 60.500000000000007
decision_type=10 10 2 10 10 8 2
left_child=1 -1 4 -4 5 -2 -6
right_child=2 -3 3 -5 6 -7 -8
leaf_value=-0.041715412482233823 0.088391096405550262 0.0059435411535398389 0.0094590514864958015 0.15542113757753606 0.17461226641467045 0.15600934761443327 -0.0027380080017713891
leaf_count=59042 1946 6235 637 95 324 516 26
internal_value=0 -0.719282 2.30534 0.967711 2.49128 2.1534 3.30049
internal_count=68821 65277 3544 732 2812 2462 350
shrinkage=0.05


Tree=6
num_leaves=8
num_cat=0
split_feature=6 6 2 8 0 0 4
split_gain=509.246 23.3451 20.2355 19.4006 14.2113 17.3508 15.7909
threshold=5.9500000000000011 6.3500000000000005 33.150000000000013 1.0000000180025095e-35 46.500000000000007 34.500000000000007 123.83333333333336
decision_type=10 10 10 2 2 2 10
left_child=2 -2 -1 4 5 -3 -7
right_child=1 3 -4 -5 -6 6 -8
leaf_value=-0.038952440451210033 0.053635778046851462 -0.028999829936828026 0.067403088003423858 0.18726512969561632 0.078936518460061639 0.056155990053729843 0.17594661987548199
leaf_count=63353 3189 21 614 181 1059 119 285
internal_value=0 1.8823 -0.745114 2.19509 1.95645 2.7132 2.94889
internal_count=68821 4854 63967 1665 1484 425 404
shrinkage=0.05


Tree=7
num_leaves=8
num_cat=0
split_feature=6 6 2 6 2 4 0
split_gain=439.862 18.8686 18.8432 14.1466 11.9043 12.3765 10.6187
threshold=5.9500000000000011 6.7500000000000009 32.550000000000004 5.7500000000000009 29.750000000000004 135.83333333333334 39.500000000000007
decision_type=10 10 10 10 8 10 2
left_child=2 4 3 -1 -2 -6 -3
right_child=1 6 -4 -5 5 -7 -8
leaf_value=-0.042586354661028988 0.04564759396213533 -0.0042962657285628937 0.054225064511599114 -0.0032683384993100351 0.045100423499199536 0.15543300740130672 0.10808556254642449
leaf_count=58400 3376 33 756 4811 328 277 840
internal_value=0 1.64963 -0.7352 -0.773213 1.19345 2.08117 2.07486
internal_count=68821 4854 63967 63211 3981 605 873
shrinkage=0.05


Tree=8
num_leaves=8
num_cat=0
split_feature=6 2 6 6 3 8 2
split_gain=383.381 18.8808 21.3064 14.0753 12.5938 11.3003 11.1812
threshold=5.9500000000000011 25.450000000000003 5.6500000000000012 6.1500000000000012 88.833333333333357 1.0000000180025095e-35 33.150000000000013
decision_type=10 8 8 10 8 2 8
left_child=1 -1 -3 4 -2 -5 -4
right_child=3 2 6 5 -6 -7 -8
leaf_value=-0.0433701222755511 0.0075167188280702568 -0.039624404758993641 0.0095896096148712466 0.072270556964081162 0.11133045528621131 0.12692898527731103 0.1057098961898103
leaf_count=51346 1865 6993 5230 2333 313 343 398
internal_value=0 -0.725111 -0.191793 1.4597 0.580771 1.60426 0.452253
internal_count=68821 63967 12621 4854 2178 2676 5628
shrinkage=0.05


Tree=9
num_leaves=8
num_cat=0
split_feature=6 6 2 1 5 3 2
split_gain=336.888 18.7939 23.4695 14.7061 18.2231 23.6835 10.2576
threshold=5.9500000000000011 5.6500000000000012 25.050000000000004 1.5000000000000002 2.9954166666666668 75.833333333333357 34.650000000000013
decision_type=10 8 8 2 8 10 10
left_child=1 -1 -3 -2 -5 -6 -4
right_child=3 2 6 4 5 -7 -8
leaf_value=-0.047097396977742956 0.071827163765997168 -0.034659745115581841 0.0094958612399450113 -0.0090474734884829107 -0.031972644613404988 0.19498600001887328 0.118218368398678
leaf_count=39943 3717 17554 6290 999 63 75 180
internal_value=0 -0.714794 -0.366832 1.3029 0.393863 2.16747 0.364453
internal_count=68821 63967 24024 4854 1137 138 6470
shrinkage=0.05


Tree=10
num_leaves=8
num_cat=0
split_feature=6 6 2 6 8 8 2
split_gain=297.655 18.834 22.1264 11.7516 11.175 9.34015 13.3138
threshold=5.9500000000000011 5.6500000000000012 25.050000000000004 6.7500000000000009 1.0000000180025095e-35 1.0000000180025095e-35 34.650000000000013
decision_type=10 8 8 10 2 2 8
left_child=1 -1 -3 -2 -5 6 -4
right_child=3 2 5 4 -6 -7 -8
leaf_value=-0.04694232704586862 0.042102435074255463 -0.034117942692013223 -0.0056838439861651834 0.064807483632333296 0.13607381443961128 0.084256803289128449 0.10854457148878516
leaf_count=39943 3981 17554 5518 806 67 704 248
internal_value=0 -0.704248 -0.354669 1.16988 1.46785 0.345117 0.116364
internal_count=68821 63967 24024 4854 873 6470 5766
shrinkage=0.05


Tree=11
num_leaves=8
num_cat=0
split_feature=6 6 2 1 3 2 8
split_gain=264.76 18.8667 20.9208 10.4711 14.614 8.0932 9.29732
threshold=5.9500000000000011 5.6500000000000012 25.050000000000004 1.5000000000000002 73.833333333333357 33.150000000000013 1.0000000180025095e-35
decision_type=10 8 8 2 10 10 2
left_child=1 -1 -3 -2 -5 6 -4
right_child=3 2 5 4 -6 -7 -8
leaf_value=-0.04678122272530999 0.058139010759341581 -0.033566966735878341 -0.0049182938296803112 -0.033960921403877457 0.053521467068422847 0.086509722346136783 0.073561950870442344
leaf_count=39943 3717 17554 5500 631 506 302 668
internal_value=0 -0.69343 -0.342333 1.05866 0.313253 0.329212 0.140193
internal_count=68821 63967 24024 4854 1137 6470 6168
shrinkage=0.05


Tree=12
num_leaves=8
num_cat=0
split_feature=6 6 2 2 6 1 5
split_gain=236.041 18.8664 19.7412 9.86922 10.3332 7.33123 7.2413
threshold=5.9500000000000011 5.6500000000000012 25.050000000000004 29.750000000000004 7.5500000000000007 1.5000000000000002 4.202040816326531
decision_type=10 8 8 10 10 2 10
left_child=1 -1 -3 4 5 -2 -4
right_child=3 2 6 -5 -6 -7 -8
leaf_value=-0.046613832500206821 0.037261917291681483 -0.033007234603662151 0.0086827362762096471 0.071578583335530771 0.070047548697926898 -0.0046327139001933922 0.10099804182421056
leaf_count=39943 2840 17554 6217 794 248 972 253
internal_value=0 -0.682446 -0.33036 0.960274 0.800298 0.632533 0.313306
internal_count=68821 63967 24024 4854 4060 3812 6470
shrinkage=0.05


Tree=13
num_leaves=8
num_cat=0
split_feature=6 6 8 2 1 2 8
split_gain=214.944 19.8199 12.7045 10.2381 9.52966 9.3095 7.0081
threshold=5.7500000000000009 6.1500000000000012 1.0000000180025095e-35 32.550000000000004 1.5000000000000002 25.050000000000004 1.0000000180025095e-35
decision_type=10 10 2 10 2 10 2
left_child=2 4 3 -1 -2 -4 -3
right_child=1 6 5 -5 -6 -7 -8
leaf_value=-0.043499768757775129 0.02325839999891223 0.043048409934149059 -0.026396272293709541 0.03293845576618664 -0.027114374162331086 0.064162530093588896 0.078790902156969225
leaf_count=55736 4780 2333 1671 580 2323 1055 343
internal_value=0 0.767834 -0.772246 -0.833317 0.194865 0.321586 0.965595
internal_count=68821 9779 59042 56316 7103 2726 2676
shrinkage=0.05


Tree=14
num_leaves=8
num_cat=0
split_feature=6 6 8 2 2 3 5
split_gain=195.111 16.5698 12.2817 9.81409 8.19802 7.64502 12.6249
threshold=5.7500000000000009 6.1500000000000012 1.0000000180025095e-35 32.550000000000004 25.050000000000004 91.833333333333357 2.2515060240963858
decision_type=10 10 2 10 10 8 10
left_child=2 5 3 -1 -4 -2 -7
right_child=1 -3 4 -5 -6 6 -8
leaf_value=-0.043200861338057825 0.0016105060469843843 0.044080698264895177 -0.025863376240316011 0.03080797135245579 0.05837942030101001 -0.032238197274260298 0.11440622843646496
leaf_count=55736 6509 2676 1671 580 1055 244 350
internal_value=0 0.706269 -0.763115 -0.826039 0.30401 0.182944 1.26734
internal_count=68821 9779 59042 56316 2726 7103 594
shrinkage=0.05


Tree=15
num_leaves=8
num_cat=0
split_feature=6 6 8 2 1 2 0
split_gain=177.561 13.812 11.8676 9.41615 8.43157 7.24855 5.79971
threshold=5.7500000000000009 6.1500000000000012 1.0000000180025095e-35 32.550000000000004 1.5000000000000002 25.050000000000004 36.500000000000007
decision_type=10 10 2 10 2 10 2
left_child=2 4 3 -1 -2 -4 -3
right_child=1 6 5 -5 -6 -7 -8
leaf_value=-0.042891586909299978 0.02096698179887916 -0.025871574830504143 -0.025332077120005365 0.0288524749960061 -0.026590768886272764 0.053318867177845321 0.041791366727109563
leaf_count=55736 4780 39 1671 580 2323 1055 2637
internal_value=0 0.651619 -0.75376 -0.818534 0.173816 0.287259 0.807162
internal_count=68821 9779 59042 56316 7103 2726 2676
shrinkage=0.05


Tree=16
num_leaves=8
num_cat=0
split_feature=6 6 5 1 0 2 2
split_gain=161.754 12.0983 11.0128 10.1114 12.6547 12.6887 8.6864
threshold=5.7500000000000009 6.3500000000000005 4.4555335968379453 1.5000000000000002 59.500000000000007 27.650000000000002 31.650000000000002
decision_type=10 10 10 2 2 10 10
left_child=2 3 6 4 -2 -6 -1
right_child=1 -3 -4 -5 5 -7 -8
leaf_value=-0.04072740467459933 0.014506373038947343 0.039512034249917394 0.069623150779199547 -0.022206782707454943 0.030788091546090818 0.19547269552887866 0.021156193086814577
leaf_count=57706 5046 1665 453 2572 420 76 883
internal_value=0 0.601847 -0.74418 0.263261 0.461979 1.84475 -0.772168
internal_count=68821 9779 59042 8114 5542 496 58589
shrinkage=0.05


Tree=17
num_leaves=8
num_cat=0
split_feature=6 8 1 3 2 7 6
split_gain=147.951 11.803 10.5097 11.878 8.72825 7.28921 6.87821
threshold=5.7500000000000009 1.0000000180025095e-35 1.5000000000000002 75.833333333333357 32.550000000000004 1.0000000180025095e-35 5.5500000000000007
decision_type=10 2 2 10 10 2 8
left_child=1 4 5 -4 -1 -2 -3
right_child=2 6 3 -5 -6 -7 -8
leaf_value=-0.042264182733109737 0.028821868869363654 -0.03022863572797195 -0.031627935521093935 0.032971390944933718 0.02561423405557724 0.064397532047231795 0.047823249484513844
leaf_count=55736 6343 1293 1858 956 580 622 1433
internal_value=0 -0.734286 0.559164 -0.0251143 -0.803378 0.65008 0.310138
internal_count=68821 59042 9779 2814 56316 6965 2726
shrinkage=0.05


Tree=18
num_leaves=8
num_cat=0
split_feature=6 2 6 2 0 3 6
split_gain=135.321 10.5435 10.0653 7.88612 13.0818 7.31628 6.06803
threshold=5.7500000000000009 29.650000000000002 6.7500000000000009 27.350000000000005 59.500000000000007 83.833333333333357 5.6500000000000012
decision_type=10 10 10 8 2 10 8
left_child=1 -1 3 5 -5 -2 -3
right_child=2 6 -4 4 -6 -7 -8
leaf_value=-0.039471432974111077 -0.0048580017931076636 -0.023226909849722588 0.038233228682643831 0.023390431318500968 0.12318441072071949 0.030322278334597143 0.051703830874895523
leaf_count=56997 5216 1263 873 1923 134 1633 782
internal_value=0 -0.724273 0.519019 0.311553 0.66022 0.106515 0.300256
internal_count=68821 59042 9779 8906 2057 6849 2045
shrinkage=0.05


Tree=19
num_leaves=8
num_cat=0
split_feature=6 8 6 2 2 1 8
split_gain=124.117 11.6826 8.65826 8.1509 6.35127 6.09012 5.32741
threshold=5.7500000000000009 1.0000000180025095e-35 6.1500000000000012 32.550000000000004 25.050000000000004 1.5000000000000002 1.0000000180025095e-35
decision_type=10 2 10 10 10 2 2
left_child=1 3 5 -1 -3 -2 -4
right_child=2 4 6 -5 -6 -7 -8
leaf_value=-0.041603121384281586 0.015236390182460403 -0.023349001241677839 0.025923422885620464 0.023107168889157131 0.051574523644321135 -0.025445506236121525 0.053364717594349742
leaf_count=55736 4780 1671 2333 580 1055 2323 343
internal_value=0 -0.714038 0.483834 -0.787499 0.329833 0.113629 0.598099
internal_count=68821 59042 9779 56316 2726 7103 2676
shrinkage=0.05


Tree=20
num_leaves=8
num_cat=0
split_feature=6 8 6 2 8 0 0
split_gain=113.806 11.2234 7.98625 7.8619 6.99571 7.87553 8.20887
threshold=5.7500000000000009 1.0000000180025095e-35 6.7500000000000009 34.650000000000013 1.0000000180025095e-35 46.500000000000007 39.500000000000007
decision_type=10 2 10 10 2 2 2
left_child=1 3 -2 -1 5 6 -4
right_child=2 -3 4 -5 -6 -7 -8
leaf_value=-0.040637607795439637 0.013410925007999834 0.01554164208250651 -0.019534353396731801 0.040338301509891483 0.072368008122986716 0.017295629543984538 0.060049764078447157
leaf_count=56049 8906 2726 33 267 67 570 203
internal_value=0 -0.703576 0.450835 -0.778869 0.663401 0.560223 1.00161
internal_count=68821 59042 9779 56316 873 806 236
shrinkage=0.05


Tree=21
num_leaves=8
num_cat=0
split_feature=6 6 5 1 5 3 2
split_gain=104.536 10.8352 14.4975 7.51437 11.8128 14.4516 6.59021
threshold=5.7500000000000009 5.6500000000000012 4.202040816326531 1.5000000000000002 2.9954166666666668 75.833333333333357 25.250000000000004
decision_type=10 8 10 2 10 10 10
left_child=1 -1 6 -2 -5 -6 -3
right_child=3 2 -4 4 5 -7 -8
leaf_value=-0.045079562050026438 0.024667838278342524 -0.032723135211171338 0.11212544592602414 -0.01954850869400869 -0.036123508882910868 0.11229721425006273 0.0067718970386796782
leaf_count=39943 6965 14587 311 2571 123 120 4201
internal_value=0 -0.692869 -0.30933 0.421369 -0.0644286 1.15637 -0.414717
internal_count=68821 59042 19099 9779 2814 243 18788
shrinkage=0.05


Tree=22
num_leaves=8
num_cat=0
split_feature=6 2 6 5 2 1 6
split_gain=95.9901 10.8468 8.75027 12.1068 7.2787 9.44379 7.02244
threshold=5.7500000000000009 25.450000000000003 5.6500000000000012 2.5575346784363182 29.750000000000004 1.5000000000000002 9.5500000000000025
decision_type=10 10 8 10 8 2 8
left_child=1 -1 -3 -4 5 6 -2
right_child=4 2 3 -5 -6 -7 -8
leaf_value=-0.04187558806506872 0.01627684835536641 -0.032491508538118635 -0.025761758475262311 0.059560806755383715 0.036070870205672144 -0.016087234473875587 0.065789012865067914
leaf_count=48276 5949 6726 2069 1971 1196 2579 55
internal_value=0 -0.681917 -0.155877 0.384552 0.393641 0.288677 0.380392
internal_count=68821 59042 10766 4040 9779 8583 6004
shrinkage=0.05


Tree=23
num_leaves=8
num_cat=0
split_feature=6 8 2 6 2 5 2
split_gain=88.3142 11.1194 7.61111 6.4222 8.87719 8.68473 6.16014
threshold=5.7500000000000009 1.0000000180025095e-35 32.550000000000004 7.0500000000000007 33.750000000000007 2.5158770161290325 36.150000000000013
decision_type=10 2 10 10 8 10 10
left_child=1 2 -1 4 -2 -6 -7
right_child=3 -3 -4 -5 5 6 -8
leaf_value=-0.040176633629281013 0.0086917263185325461 0.017420198325636193 0.022111008973627427 0.030698722135089597 -0.00021621691962040495 0.11624980856344549 0.010451916222681443
leaf_count=55736 8843 2726 580 600 158 113 65
internal_value=0 -0.670992 -0.7531 0.368473 0.247296 1.07185 1.74116
internal_count=68821 59042 56316 9779 9179 336 178
shrinkage=0.05


Tree=24
num_leaves=8
num_cat=0
split_feature=6 6 5 6 2 5 2
split_gain=81.3165 11.2598 12.6028 5.89269 6.09611 5.84742 5.32153
threshold=5.7500000000000009 5.6500000000000012 4.202040816326531 6.0500000000000007 24.150000000000002 2.5575346784363182 25.450000000000003
decision_type=10 8 10 10 8 10 10
left_child=1 -1 5 4 -2 -3 -7
right_child=3 2 -4 -5 -6 6 -8
leaf_value=-0.044433623774745107 -0.023480809487826784 -0.030026725704606145 0.10165979238419519 0.021009819043738241 0.015717651498295522 -0.022824102851811939 0.03611446630930603
leaf_count=39943 3393 13953 311 3544 2842 3016 1819
internal_value=0 -0.659746 -0.259707 0.345747 -0.00732513 -0.369493 0.173541
internal_count=68821 59042 19099 9779 6235 18788 4835
shrinkage=0.05


end of trees

feature importances:
H25_a1c=63
H25_bmi=45
H25_dl=17
H25_sex=14
H25_lhrate=13
H25_age=10
H25_dbp=8
H25_sbp=4
H25_ht=1

parameters:
[boosting: gbdt]
[objective: binary]
[metric: binary]
[tree_learner: serial]
[device_type: cpu]
[data: ]
[valid: ]
[num_iterations: 100]
[learning_rate: 0.05]
[num_leaves: 8]
[num_threads: 0]
[max_depth: -1]
[min_data_in_leaf: 20]
[min_sum_hessian_in_leaf: 1]
[bagging_fraction: 0.4]
[bagging_freq: 0]
[bagging_seed: 3]
[feature_fraction: 0.9]
[feature_fraction_seed: 2]
[early_stopping_round: 0]
[max_delta_step: 0]
[lambda_l1: 0]
[lambda_l2: 1]
[min_gain_to_split: 0]
[drop_rate: 0.1]
[max_drop: 50]
[skip_drop: 0.5]
[xgboost_dart_mode: 0]
[uniform_drop: 0]
[drop_seed: 4]
[top_rate: 0.2]
[other_rate: 0.1]
[min_data_per_group: 100]
[max_cat_threshold: 32]
[cat_l2: 10]
[cat_smooth: 10]
[max_cat_to_onehot: 4]
[top_k: 20]
[monotone_constraints: ]
[feature_contri: ]
[forcedsplits_filename: ]
[refit_decay_rate: 0.9]
[verbosity: 0]
[max_bin: 255]
[min_data_in_bin: 3]
[bin_construct_sample_cnt: 200000]
[histogram_pool_size: -1]
[data_random_seed: 1]
[output_model: LightGBM_model.txt]
[snapshot_freq: -1]
[input_model: ]
[output_result: LightGBM_predict_result.txt]
[initscore_filename: ]
[valid_data_initscores: ]
[pre_partition: 0]
[enable_bundle: 1]
[max_conflict_rate: 0]
[is_enable_sparse: 1]
[sparse_threshold: 0.8]
[use_missing: 1]
[zero_as_missing: 0]
[two_round: 0]
[save_binary: 0]
[enable_load_from_binary_file: 1]
[header: 0]
[label_column: ]
[weight_column: ]
[group_column: ]
[ignore_column: ]
[categorical_feature: ]
[predict_raw_score: 0]
[predict_leaf_index: 0]
[predict_contrib: 0]
[num_iteration_predict: -1]
[pred_early_stop: 0]
[pred_early_stop_freq: 10]
[pred_early_stop_margin: 10]
[convert_model_language: ]
[convert_model: gbdt_prediction.cpp]
[num_class: 1]
[is_unbalance: 0]
[scale_pos_weight: 1]
[sigmoid: 1]
[boost_from_average: 1]
[reg_sqrt: 0]
[alpha: 0.9]
[fair_c: 1]
[poisson_max_delta_step: 0.7]
[tweedie_variance_power: 1.5]
[max_position: 20]
[label_gain: ]
[metric_freq: 1]
[is_provide_training_metric: 0]
[eval_at: ]
[num_machines: 1]
[local_listen_port: 12400]
[time_out: 120]
[machine_list_filename: ]
[machines: ]
[gpu_platform_id: -1]
[gpu_device_id: -1]
[gpu_use_dp: 0]

end of parameters

pandas_categorical:[]
