tree
version=v2
num_class=1
num_tree_per_iteration=1
label_index=0
max_feature_idx=8
objective=binary sigmoid:1
feature_names=H25_age H25_sex H25_bmi H25_dbp H25_sbp H25_lhrate H25_a1c H25_ht H25_dl
feature_infos=[19:75] [1:2] [0:65.599999999999994] [0:169] [0:238] [0.18181818181818185:8.8461538461538485] [2.7999999999999998:14.800000000000001] [0:1] [0:1]
tree_sizes=721 720 722 724 722 724 732 720 733 730 732 735 738 733 723 728 728 743 723 736 740 730 729 733 735

Tree=0
num_leaves=8
num_cat=0
split_feature=6 6 6 3 2 2 3
split_gain=6024.48 416.939 47.0437 25.8455 21.8045 10.6284 9.66421
threshold=6.5500000000000007 6.1500000000000012 5.8500000000000005 74.833333333333357 22.750000000000004 32.550000000000004 91.833333333333357
decision_type=10 10 10 10 10 10 10
left_child=1 2 5 -3 -4 -1 -6
right_child=-2 3 4 -5 6 -7 -8
leaf_value=-5.2773709539353959 -3.8125243182698032 -5.1185839565043887 -5.2671210514062929 -4.8627040191858368 -5.1896841056736331 -5.1991184555162997 -5.0767640517598025
leaf_count=61231 1195 497 1467 1002 2415 701 313
internal_value=0 -0.580451 -0.750923 6.17986 0.63774 -0.846644 1.33396
internal_count=68821 67626 66127 1499 4195 61932 2728
shrinkage=1


Tree=1
num_leaves=8
num_cat=0
split_feature=6 6 6 0 1 5 1
split_gain=1755.38 72.2689 45.4066 31.0647 29.1355 18.0512 15.9613
threshold=6.1500000000000012 6.7500000000000009 5.7500000000000009 60.500000000000007 1.5000000000000002 1.7971993732863301 1.5000000000000002
decision_type=10 10 10 2 2 10 2
left_child=2 4 -1 -3 5 -2 -4
right_child=1 3 6 -5 -6 -7 -8
leaf_value=-0.043572752050485122 0.083924627676491739 0.42391116145549479 0.036310399472524839 0.11262072692937436 0.071943316422469913 0.28677034087690284 -0.031222186812159016
leaf_count=58972 241 794 4820 83 408 1168 2335
internal_value=0 6.52951 -0.741047 8.03439 4.56432 5.20499 0.286396
internal_count=68821 2694 66127 877 1817 1409 7155
shrinkage=0.05


Tree=2
num_leaves=8
num_cat=0
split_feature=6 6 0 6 2 2 6
split_gain=1218.26 43.8181 24.0231 23.9569 15.325 14.645 13.5313
threshold=6.1500000000000012 5.7500000000000009 39.500000000000007 6.7500000000000009 20.450000000000003 22.750000000000004 5.9500000000000011
decision_type=10 10 2 10 8 10 10
left_child=1 -1 -2 4 -4 -3 -7
right_child=2 5 3 -5 -6 6 -8
leaf_value=-0.043268323435506441 0.034970187814670588 -0.026594657762365366 0.01141557087213976 0.27602772753014887 0.18935232327384893 0.0079502628686908897 0.08421313837261786
leaf_count=58972 91 2709 156 835 1612 2993 1453
internal_value=0 -0.731092 4.59667 4.73852 3.56479 0.267711 0.721798
internal_count=68821 66127 2694 2603 1768 7155 4446
shrinkage=0.05


Tree=3
num_leaves=8
num_cat=0
split_feature=6 6 6 4 2 8 4
split_gain=931.991 25.4407 19.994 21.9793 17.8301 17.2572 15.4242
threshold=6.0500000000000007 5.7500000000000009 6.3500000000000005 146.25000000000003 25.750000000000004 1.0000000180025095e-35 167.33333333333334
decision_type=10 10 10 8 10 2 10
left_child=1 -1 -2 5 -3 -4 -5
right_child=2 4 3 6 -6 -7 -8
leaf_value=-0.042953638713884371 0.10635386824108645 -0.021417410945593698 0.14772779342091183 0.31598257576801053 0.054198648646133586 0.27012854507968448 0.047891900233754101
leaf_count=58972 1850 4445 1333 168 1856 161 36
internal_value=0 -0.758397 3.38413 3.72096 0.0591087 3.31282 5.6972
internal_count=68821 65273 3548 1698 6301 1494 204
shrinkage=0.05


Tree=4
num_leaves=8
num_cat=0
split_feature=6 1 6 5 2 3 5
split_gain=754.614 30.9262 24.8672 16.3648 15.7572 10.6746 10.6479
threshold=6.0500000000000007 1.5000000000000002 5.7500000000000009 2.8976975405546836 24.550000000000004 81.583333333333357 4.0493902439024394
decision_type=10 2 10 10 10 10 8
left_child=2 6 -1 -3 -4 -6 -2
right_child=1 3 4 -5 5 -7 -8
leaf_value=-0.0426284646711 0.15840595093397938 0.018719051045158492 -0.027350790224909535 0.15875957983713765 -0.0010076658203011562 0.080062299046881572 0.063744648518868477
leaf_count=58972 2598 633 3691 111 1422 1188 206
internal_value=0 2.77652 -0.748849 1.08165 0.0563553 0.78529 3.04107
internal_count=68821 3548 65273 744 6301 2610 2804
shrinkage=0.05


Tree=5
num_leaves=8
num_cat=0
split_feature=6 6 1 2 5 3 8
split_gain=623.398 24.3012 18.7706 14.223 13.2183 13.1662 9.88484
threshold=6.0500000000000007 5.7500000000000009 1.5000000000000002 25.750000000000004 2.8976975405546836 75.833333333333357 1.0000000180025095e-35
decision_type=10 10 2 10 10 10 2
left_child=1 -1 6 -3 -4 -6 -2
right_child=2 3 4 -5 5 -7 -8
leaf_value=-0.042292580231012442 0.11537399392872166 -0.020360105402339148 0.017587268638498365 0.04569403186267549 -0.0025127965169324602 0.21136381917513458 0.18576237926498582
leaf_count=58972 2461 4445 633 1856 52 59 343
internal_value=0 -0.739069 2.32563 0.0540516 1.00179 2.77527 2.51174
internal_count=68821 65273 3548 6301 744 111 2804
shrinkage=0.05


Tree=6
num_leaves=8
num_cat=0
split_feature=6 6 2 3 8 2 0
split_gain=531.173 21.1581 16.9545 14.1127 10.0443 12.3001 9.50745
threshold=5.9500000000000011 6.1500000000000012 32.550000000000004 93.833333333333357 1.0000000180025095e-35 24.750000000000004 34.500000000000007
decision_type=10 10 10 10 2 10 2
left_child=2 3 4 -2 -1 -6 -3
right_child=1 6 -4 -5 5 -7 -8
leaf_value=-0.042260062458488096 0.015552699239962289 -0.026374008622803077 0.05845083029934587 0.15364987210823844 -0.03837173779568373 0.051683499879362542 0.10608633379797323
leaf_count=60111 2011 27 760 147 1782 1316 2667
internal_value=0 1.89923 -0.769586 0.721071 -0.800363 0.0423304 2.08551
internal_count=68821 4852 63969 2158 63209 3098 2694
shrinkage=0.05


Tree=7
num_leaves=8
num_cat=0
split_feature=6 1 2 5 4 6 2
split_gain=457.476 17.3531 16.3073 14.6976 16.0364 10.7115 12.2224
threshold=5.9500000000000011 1.5000000000000002 25.450000000000003 2.8976975405546836 133.83333333333334 7.0500000000000007 30.750000000000004
decision_type=10 2 10 10 10 10 8
left_child=2 5 -1 -3 -5 6 -2
right_child=1 3 -4 4 -6 -7 -8
leaf_value=-0.044372109148168519 0.063741414051292425 0.0024445130703756404 -0.012851704259014158 0.002453486926612243 0.20677763806270702 0.1145317491252526 0.12862745352301372
leaf_count=51626 2761 986 12343 109 55 543 398
internal_value=0 1.65714 -0.760315 0.601976 2.28241 1.8128 1.50829
internal_count=68821 4852 63969 1150 164 3702 3159
shrinkage=0.05


Tree=8
num_leaves=8
num_cat=0
split_feature=6 2 3 6 8 8 4
split_gain=399.901 16.2174 14.0115 18.3388 14.4718 11.989 10.9423
threshold=5.9500000000000011 25.450000000000003 92.833333333333357 6.1500000000000012 1.0000000180025095e-35 1.0000000180025095e-35 167.33333333333334
decision_type=10 10 10 10 2 2 10
left_child=1 -1 3 -2 -5 -3 -4
right_child=2 5 6 4 -6 -7 -8
leaf_value=-0.044102447105581803 0.012016505396316601 -0.020766505202862804 0.1345186878862123 0.065040848487776984 0.12850749164260808 0.052751595868969006 0.0021181614475271194
leaf_count=51626 1992 11208 407 2093 297 1135 63
internal_value=0 -0.750874 1.46868 1.31492 1.47978 -0.247578 2.39531
internal_count=68821 63969 4852 4382 2390 12343 470
shrinkage=0.05


Tree=9
num_leaves=8
num_cat=0
split_feature=6 2 6 2 5 8 0
split_gain=351.763 16.1245 12.6608 13.7102 21.0527 10.7787 8.83595
threshold=5.9500000000000011 25.450000000000003 6.7500000000000009 30.750000000000004 2.8404545454545462 1.0000000180025095e-35 39.500000000000007
decision_type=10 10 10 8 10 2 2
left_child=1 -1 3 -2 -5 -3 -4
right_child=2 5 6 4 -6 -7 -8
leaf_value=-0.043823180577183818 0.036662340431764272 -0.020162675206597321 -0.0086456352571801596 0.024845357703161781 0.16715975276609021 0.048293848283908591 0.085199616813669221
leaf_count=51626 3511 11208 42 264 200 1135 835
internal_value=0 -0.741178 1.31051 0.964465 1.9873 -0.237909 1.63127
internal_count=68821 63969 4852 3975 464 12343 877
shrinkage=0.05


Tree=10
num_leaves=8
num_cat=0
split_feature=6 2 4 6 1 4 8
split_gain=311.578 16.0283 11.5635 10.5771 10.5133 9.82697 7.60607
threshold=5.9500000000000011 32.550000000000004 149.16666666666671 5.7500000000000009 1.5000000000000002 176.50000000000003 1.0000000180025095e-35
decision_type=10 10 10 10 2 10 2
left_child=1 3 4 -1 6 -4 -2
right_child=2 -3 5 -5 -6 -7 -8
leaf_value=-0.041888412501410781 0.052374620536203988 0.056745004126718172 0.11329592910369027 -0.0054848813751528294 0.013135304398035192 -0.026374555282326441 0.094647477673009725
leaf_count=58322 2966 760 348 4887 1074 36 428
internal_value=0 -0.731261 1.17839 -0.766384 1.06122 2.04334 1.17284
internal_count=68821 63969 4852 63209 4468 384 3394
shrinkage=0.05


Tree=11
num_leaves=8
num_cat=0
split_feature=6 2 6 2 6 2 8
split_gain=277.323 16.3675 10.5223 11.2142 9.47807 10.4074 7.54969
threshold=5.9500000000000011 25.450000000000003 5.5500000000000007 33.150000000000013 6.7500000000000009 30.750000000000004 1.0000000180025095e-35
decision_type=10 10 8 8 10 8 2
left_child=1 -1 -3 6 5 -2 -4
right_child=4 2 3 -5 -6 -7 -8
leaf_value=-0.043266829273202606 0.029338075416323113 -0.036450872501740915 -0.012244889295489966 0.10171511753334553 0.066249869627890257 0.080508208752243682 0.057481901124100468
leaf_count=51626 3511 5650 5635 365 877 464 693
internal_value=0 -0.721094 -0.206787 0.189571 1.06515 0.78106 -0.0171579
internal_count=68821 63969 12343 6693 4852 3975 6328
shrinkage=0.05


Tree=12
num_leaves=8
num_cat=0
split_feature=6 6 2 3 2 5 0
split_gain=248.448 12.8867 12.3481 10.0382 8.95998 9.63639 8.66231
threshold=5.8500000000000005 6.1500000000000012 25.450000000000003 89.833333333333357 22.750000000000004 1.4460498960498962 57.500000000000007
decision_type=10 10 10 8 10 10 2
left_child=2 3 -1 4 -2 -6 -4
right_child=1 -3 6 -5 5 -7 -8
leaf_value=-0.043954577909062223 -0.043930698280134677 0.052448046248746882 -0.019729879861355125 0.074844154297456084 0.12285913656464716 0.0064022538367724162 0.061589282084242691
leaf_count=50274 1387 2694 11001 504 153 2151 657
internal_value=0 0.915831 -0.750211 0.291171 0.00630208 0.400655 -0.274664
internal_count=68821 6889 61932 4195 3691 2304 11658
shrinkage=0.05


Tree=13
num_leaves=8
num_cat=0
split_feature=6 2 1 5 4 6 0
split_gain=223.991 12.3053 11.1788 10.9583 11.4911 7.91678 6.99155
threshold=5.8500000000000005 25.450000000000003 1.5000000000000002 2.8976975405546836 133.83333333333334 5.5500000000000007 57.500000000000007
decision_type=10 10 2 8 10 8 2
left_child=1 -1 -2 -4 -5 -3 -7
right_child=2 5 3 4 -6 6 -8
leaf_value=-0.043672428046384576 0.046950454673676617 -0.035752755851761117 -0.010700558993209023 -0.0072789756240420576 0.13839468442281228 -0.0027481372896167866 0.083545188215390129
leaf_count=50274 5059 5650 1606 148 76 5647 361
internal_value=0 -0.740514 0.837808 0.158505 1.42569 -0.264058 0.125007
internal_count=68821 61932 6889 1830 224 11658 6008
shrinkage=0.05


Tree=14
num_leaves=8
num_cat=0
split_feature=6 2 6 4 5 3 6
split_gain=202.47 12.2455 10.4334 10.4324 10.2254 17.158 7.53393
threshold=5.8500000000000005 25.450000000000003 6.3500000000000005 148.16666666666671 2.6039701257861636 99.833333333333357 5.5500000000000007
decision_type=10 10 10 10 10 10 8
left_child=1 -1 -2 -4 -5 -6 -3
right_child=2 6 3 4 5 -7 -8
leaf_value=-0.043380298891741234 0.019364796440573075 -0.035251374094071523 0.040478886866264475 0.03479192339768556 0.16482564850593862 -0.0030716847286376102 0.0060696053119321126
leaf_count=50274 5191 5650 1528 85 60 25 6008
internal_value=0 -0.730598 0.768638 0.934535 1.736 2.4993 -0.253735
internal_count=68821 61932 6889 1698 170 85 11658
shrinkage=0.05


Tree=15
num_leaves=8
num_cat=0
split_feature=6 6 2 1 6 0 8
split_gain=184.958 13.7704 9.03795 8.48223 5.7366 7.60762 7.10258
threshold=5.7500000000000009 6.1500000000000012 31.650000000000002 1.5000000000000002 9.4500000000000011 45.500000000000007 1.0000000180025095e-35
decision_type=10 10 10 2 10 2 2
left_child=2 3 -1 -2 6 -6 -3
right_child=1 4 -4 -5 5 -7 -8
leaf_value=-0.040336829438765646 0.020837374278582985 0.032489636886432791 0.030257407796534849 -0.028903296259944214 0.0091881151691056897 0.10920194646534312 0.066745991822730166
leaf_count=58048 4820 2271 924 2335 33 56 334
internal_value=0 0.664161 -0.770647 0.155438 0.809563 1.59226 0.748873
internal_count=68821 9849 58972 7155 2694 89 2605
shrinkage=0.05


Tree=16
num_leaves=8
num_cat=0
split_feature=6 6 2 1 3 5 5
split_gain=168.872 11.7219 8.63091 7.71087 5.4647 6.37195 9.50708
threshold=5.7500000000000009 6.1500000000000012 31.650000000000002 1.5000000000000002 91.583333333333357 2.6810052420598218 2.0503164556962026
decision_type=10 10 10 2 8 10 10
left_child=2 3 -1 4 -2 6 -6
right_child=1 -3 -4 -5 5 -7 -8
leaf_value=-0.03993214926567995 0.0097559094154621873 0.037279370576022632 0.028341279604064792 -0.028330754496650724 -0.0048386444757001932 -0.0026318419799802825 0.16460762421728226
leaf_count=58048 4313 2694 924 2335 147 216 144
internal_value=0 0.614775 -0.761495 0.146046 0.388553 1.2858 2.11201
internal_count=68821 9849 58972 7155 4820 507 291
shrinkage=0.05


Tree=17
num_leaves=8
num_cat=0
split_feature=6 1 3 2 8 2 4
split_gain=154.418 10.3185 8.89928 8.45278 9.18576 5.98877 6.52026
threshold=5.7500000000000009 1.5000000000000002 73.833333333333357 25.050000000000004 1.0000000180025095e-35 24.650000000000002 133.83333333333334
decision_type=10 2 10 10 2 10 10
left_child=3 -2 -3 -1 -5 -4 -7
right_child=1 2 5 4 -6 6 -8
leaf_value=-0.044284593870712347 0.032975641122813613 -0.031684091412338418 -0.017850812944437178 -0.025559936554928817 0.045857597842702574 -0.007490348799987865 0.073701485026824734
leaf_count=46412 7010 1677 598 11529 1031 258 306
internal_value=0 0.570124 -0.0130623 -0.752113 -0.341444 0.494341 0.921511
internal_count=68821 9849 2839 58972 12560 1162 564
shrinkage=0.05


Tree=18
num_leaves=8
num_cat=0
split_feature=6 6 2 4 5 4 1
split_gain=141.255 9.59818 8.4553 8.38232 9.1452 12.7537 7.20532
threshold=5.7500000000000009 6.3500000000000005 25.050000000000004 147.25000000000003 2.6039701257861636 162.16666666666671 1.5000000000000002
decision_type=10 10 10 10 10 8 2
left_child=2 6 -1 -3 -5 -6 -2
right_child=1 3 -4 4 5 -7 -8
leaf_value=-0.044018101946858304 0.019163590882754242 0.028810332788749834 -0.016494997529300739 0.02487897525622948 0.12318715178582573 -0.016946058893250234 -0.020118402566425421
leaf_count=46412 5573 1509 12560 98 68 23 2578
internal_value=0 0.528706 -0.742541 0.686024 1.31032 1.96051 0.222633
internal_count=68821 9849 58972 1698 189 91 8151
shrinkage=0.05


Tree=19
num_leaves=8
num_cat=0
split_feature=6 2 8 6 4 1 5
split_gain=129.601 8.43621 8.49904 8.27322 7.12425 6.47253 6.13575
threshold=5.7500000000000009 25.050000000000004 1.0000000180025095e-35 6.3500000000000005 148.16666666666671 1.5000000000000002 2.6039701257861636
decision_type=10 10 2 10 10 2 10
left_child=1 -1 -3 5 -5 -2 -6
right_child=3 2 -4 4 6 -7 -8
leaf_value=-0.043741955663353947 0.017885996838176203 -0.024533563713145055 0.043613132781774124 0.027033827094337055 0.024099208487239898 -0.019546134999789456 0.087501932292972512
leaf_count=46412 5573 11529 1031 1528 85 2578 85
internal_value=0 -0.732791 -0.319004 0.492378 0.635905 0.20904 1.23437
internal_count=68821 58972 12560 9849 1698 8151 170
shrinkage=0.05


Tree=20
num_leaves=8
num_cat=0
split_feature=6 2 8 6 2 8 1
split_gain=119.019 8.41597 7.76715 7.49845 7.94956 6.97529 6.76069
threshold=5.7500000000000009 25.050000000000004 1.0000000180025095e-35 6.7500000000000009 30.750000000000004 1.0000000180025095e-35 1.5000000000000002
decision_type=10 10 2 10 8 2 2
left_child=1 -1 -3 4 6 -6 -2
right_child=3 2 -4 -5 5 -7 -8
leaf_value=-0.043455924745118384 0.013979521409776999 -0.023915972081978314 0.040354446922009415 0.033175903392453042 0.023400913458805097 0.094613061658863462 -0.020997297688044262
leaf_count=46412 5661 11529 1031 877 602 130 2579
internal_value=0 -0.722777 -0.307854 0.459243 0.280684 0.869565 0.16035
internal_count=68821 58972 12560 9849 8972 732 8240
shrinkage=0.05


Tree=21
num_leaves=8
num_cat=0
split_feature=6 2 6 3 2 0 5
split_gain=109.422 8.43067 6.6362 5.18242 5.50919 4.86014 8.66796
threshold=5.7500000000000009 31.650000000000002 6.1500000000000012 91.583333333333357 33.150000000000013 53.500000000000007 2.6810052420598218
decision_type=10 10 10 8 10 2 10
left_child=1 -1 3 4 -2 6 -5
right_child=2 -3 -4 5 -6 -7 -8
leaf_value=-0.037808104905841265 -0.0073943024410133285 0.030574157415446848 0.025973491409560297 0.11921135234705271 0.069055876597642327 -0.016061851143661394 -0.013348031614192395
leaf_count=58048 6424 924 2694 226 139 201 165
internal_value=0 -0.712552 0.42906 0.0844471 -0.0553458 0.887031 1.41947
internal_count=68821 58972 9849 7155 6563 592 391
shrinkage=0.05


Tree=22
num_leaves=8
num_cat=0
split_feature=6 2 6 6 2 5 6
split_gain=100.681 8.60829 6.35168 5.92007 6.5379 6.54577 7.44649
threshold=5.7500000000000009 25.050000000000004 5.5500000000000007 6.7500000000000009 30.750000000000004 2.8404545454545462 6.3500000000000005
decision_type=10 10 8 10 8 10 10
left_child=1 -1 -3 4 -2 -6 -7
right_child=3 2 -4 -5 5 6 -8
leaf_value=-0.042891976826934075 0.0067452783613555752 -0.034205598396098512 0.0068482116077656641 0.02892156450332414 0.0077266204430505667 0.013124828609209084 0.10185754167248207
leaf_count=46412 8240 6609 5951 877 422 242 68
internal_value=0 -0.702047 -0.275839 0.401479 0.244315 0.762371 1.31161
internal_count=68821 58972 12560 9849 8972 732 310
shrinkage=0.05


Tree=23
num_leaves=8
num_cat=0
split_feature=6 2 8 8 2 4 0
split_gain=92.771 8.52791 7.26601 6.21782 8.11161 7.76274 7.1875
threshold=5.7500000000000009 25.050000000000004 1.0000000180025095e-35 1.0000000180025095e-35 30.450000000000003 149.16666666666671 54.500000000000007
decision_type=10 10 2 2 8 10 2
left_child=1 -1 -3 5 -5 -2 -6
right_child=3 2 -4 4 6 -7 -8
leaf_value=-0.042576294927725196 0.0116660907812419 -0.022124344965613586 0.040216969676140461 0.023217867408224058 0.10675816464058928 0.042784558962994462 -0.011772687003674148
leaf_count=46412 8192 11529 1031 946 125 560 26
internal_value=0 -0.691509 -0.266456 0.376246 0.809395 0.308748 1.69225
internal_count=68821 58972 12560 9849 1097 8752 151
shrinkage=0.05


Tree=24
num_leaves=8
num_cat=0
split_feature=6 2 8 6 2 2 8
split_gain=85.4879 8.45667 6.62706 5.65552 7.2039 6.64085 8.1095
threshold=5.7500000000000009 25.050000000000004 1.0000000180025095e-35 9.4500000000000011 27.350000000000005 27.450000000000003 1.0000000180025095e-35
decision_type=10 10 2 10 8 8 2
left_child=1 -1 -3 4 -2 -6 -7
right_child=3 2 -4 -5 5 6 -8
leaf_value=-0.042249912539318292 0.0081146408031257267 -0.021517944820306792 0.037294691869898748 0.051544524412483195 0.097867434633381448 0.016196271258320783 0.05730023974376644
leaf_count=46412 7364 11529 1031 89 62 1964 370
internal_value=0 -0.68067 -0.256395 0.352798 0.313517 0.53924 0.476603
internal_count=68821 58972 12560 9849 9760 2396 2334
shrinkage=0.05


end of trees

feature importances:
H25_a1c=58
H25_bmi=39
H25_dl=17
H25_lhrate=15
H25_sex=13
H25_sbp=13
H25_dbp=11
H25_age=9

parameters:
[boosting: gbdt]
[objective: binary]
[metric: binary]
[tree_learner: serial]
[device_type: cpu]
[data: ]
[valid: ]
[num_iterations: 100]
[learning_rate: 0.05]
[num_leaves: 8]
[num_threads: 0]
[max_depth: -1]
[min_data_in_leaf: 20]
[min_sum_hessian_in_leaf: 1]
[bagging_fraction: 0.4]
[bagging_freq: 0]
[bagging_seed: 3]
[feature_fraction: 0.9]
[feature_fraction_seed: 2]
[early_stopping_round: 0]
[max_delta_step: 0]
[lambda_l1: 0]
[lambda_l2: 1]
[min_gain_to_split: 0]
[drop_rate: 0.1]
[max_drop: 50]
[skip_drop: 0.5]
[xgboost_dart_mode: 0]
[uniform_drop: 0]
[drop_seed: 4]
[top_rate: 0.2]
[other_rate: 0.1]
[min_data_per_group: 100]
[max_cat_threshold: 32]
[cat_l2: 10]
[cat_smooth: 10]
[max_cat_to_onehot: 4]
[top_k: 20]
[monotone_constraints: ]
[feature_contri: ]
[forcedsplits_filename: ]
[refit_decay_rate: 0.9]
[verbosity: 0]
[max_bin: 255]
[min_data_in_bin: 3]
[bin_construct_sample_cnt: 200000]
[histogram_pool_size: -1]
[data_random_seed: 1]
[output_model: LightGBM_model.txt]
[snapshot_freq: -1]
[input_model: ]
[output_result: LightGBM_predict_result.txt]
[initscore_filename: ]
[valid_data_initscores: ]
[pre_partition: 0]
[enable_bundle: 1]
[max_conflict_rate: 0]
[is_enable_sparse: 1]
[sparse_threshold: 0.8]
[use_missing: 1]
[zero_as_missing: 0]
[two_round: 0]
[save_binary: 0]
[enable_load_from_binary_file: 1]
[header: 0]
[label_column: ]
[weight_column: ]
[group_column: ]
[ignore_column: ]
[categorical_feature: ]
[predict_raw_score: 0]
[predict_leaf_index: 0]
[predict_contrib: 0]
[num_iteration_predict: -1]
[pred_early_stop: 0]
[pred_early_stop_freq: 10]
[pred_early_stop_margin: 10]
[convert_model_language: ]
[convert_model: gbdt_prediction.cpp]
[num_class: 1]
[is_unbalance: 0]
[scale_pos_weight: 1]
[sigmoid: 1]
[boost_from_average: 1]
[reg_sqrt: 0]
[alpha: 0.9]
[fair_c: 1]
[poisson_max_delta_step: 0.7]
[tweedie_variance_power: 1.5]
[max_position: 20]
[label_gain: ]
[metric_freq: 1]
[is_provide_training_metric: 0]
[eval_at: ]
[num_machines: 1]
[local_listen_port: 12400]
[time_out: 120]
[machine_list_filename: ]
[machines: ]
[gpu_platform_id: -1]
[gpu_device_id: -1]
[gpu_use_dp: 0]

end of parameters

pandas_categorical:[]
