tree
version=v2
num_class=1
num_tree_per_iteration=1
label_index=0
max_feature_idx=8
objective=binary sigmoid:1
feature_names=H25_age H25_sex H25_bmi H25_dbp H25_sbp H25_lhrate H25_a1c H25_ht H25_dl
feature_infos=[19:75] [1:2] [0:65.599999999999994] [0:145] [0:228] [0.18181818181818185:8.8461538461538485] [2.7999999999999998:14.199999999999999] [0:1] [0:1]
tree_sizes=721 716 719 729 724 730 725 726 719 724 731 724 734 736 731 736 721 740 727 731 732 732 733 743 737

Tree=0
num_leaves=8
num_cat=0
split_feature=6 6 6 6 3 2 6
split_gain=5441.66 453.905 105.323 54.3531 20.7511 19.4139 12.7369
threshold=6.5500000000000007 6.1500000000000012 6.7500000000000009 5.9500000000000011 91.833333333333357 33.150000000000013 5.7500000000000009
decision_type=10 10 10 10 10 10 10
left_child=1 3 -2 5 -5 6 -1
right_child=2 -3 -4 4 -6 -7 -8
leaf_value=-5.2783346208832871 -4.738384898045739 -4.909770050304874 -3.7230930401042812 -5.1999682540714538 -5.0219468062625774 -5.1658623752146156 -5.2414834770289689
leaf_count=58450 314 1506 885 1946 208 611 4901
internal_value=0 -0.552473 26.9806 -0.730869 1.34073 -0.804389 -0.829305
internal_count=68821 67622 1199 66116 2154 63962 63351
shrinkage=1


Tree=1
num_leaves=8
num_cat=0
split_feature=6 6 6 3 3 0 1
split_gain=1756.48 69.7695 50.7107 39.0568 21.2869 16.4285 16.6237
threshold=6.1500000000000012 6.3500000000000005 5.9500000000000011 63.833333333333336 92.833333333333357 61.500000000000007 1.5000000000000002
decision_type=10 10 10 10 10 2 2
left_child=2 -2 -1 -3 -4 6 -5
right_child=1 3 4 5 -6 -7 -8
leaf_value=-0.039801651095690491 0.16305917488999666 0.057432451671350304 0.030031920046181632 0.42230834623197427 0.20701587001324839 0.12082441197176406 0.17927278539066607
leaf_count=63962 991 90 1979 1315 175 108 201
internal_value=0 6.71954 -0.720441 7.49731 1.23051 7.7689 8.02126
internal_count=68821 2705 66116 1714 2154 1624 1516
shrinkage=0.05


Tree=2
num_leaves=8
num_cat=0
split_feature=6 6 0 2 5 6 2
split_gain=1205.25 47.4566 27.2111 35.2535 28.0569 22.4966 18.6433
threshold=6.1500000000000012 5.9500000000000011 39.500000000000007 30.550000000000004 2.4424653215636827 7.5500000000000007 33.150000000000013
decision_type=10 10 2 8 10 10 10
left_child=1 6 -2 5 -5 -4 -1
right_child=2 -3 3 4 -6 -7 -8
leaf_value=-0.040710477095745365 0.023102108611281768 0.056691543861389464 0.17599093034598887 0.14505657606335273 0.42223964567429828 0.29523050282591973 0.065661073039828904
leaf_count=63351 83 2154 1953 152 271 246 611
internal_value=0 -0.70981 4.68458 4.83149 7.01899 4.18581 -0.787457
internal_count=68821 66116 2705 2622 423 2199 63962
shrinkage=0.05


Tree=3
num_leaves=8
num_cat=0
split_feature=6 6 6 8 4 2 2
split_gain=928.895 34.7024 27.8985 22.5886 22.2562 19.1809 17.2002
threshold=6.0500000000000007 6.3500000000000005 5.7500000000000009 1.0000000180025095e-35 117.25000000000001 24.150000000000002 33.150000000000013
decision_type=10 10 10 2 10 8 10
left_child=2 -2 6 4 -3 -4 -1
right_child=1 3 5 -5 -6 -7 -8
leaf_value=-0.043470630874742205 0.0980261468323982 0.082414392468407704 -0.028370271747388189 0.31938916328763423 0.19376490332075258 0.046628053753336007 0.063793990024344091
leaf_count=58450 1846 307 3411 181 1226 2891 509
internal_value=0 3.46206 -0.739169 3.90675 3.52739 0.136538 -0.84193
internal_count=68821 3560 65261 1714 1533 6302 58959
shrinkage=0.05


Tree=4
num_leaves=8
num_cat=0
split_feature=6 6 1 3 2 2 2
split_gain=745.789 27.0907 23.1306 19.6429 17.017 16.148 13.9357
threshold=6.0500000000000007 5.7500000000000009 1.5000000000000002 73.833333333333357 24.150000000000002 33.150000000000013 22.950000000000003
decision_type=10 10 2 10 8 10 10
left_child=1 5 -2 -4 -3 -1 -5
right_child=2 4 3 6 -6 -7 -8
leaf_value=-0.043164057800982751 0.15274935019725447 -0.027775058193978398 -0.014634322892129873 -0.026533914269395106 0.042510071130402109 0.058494525890009579 0.14819269135089702
leaf_count=58450 2826 3411 362 84 2891 509 288
internal_value=0 -0.729132 2.82039 1.26331 0.128676 -0.834803 2.33407
internal_count=68821 65261 3560 734 6302 58959 372
shrinkage=0.05


Tree=5
num_leaves=8
num_cat=0
split_feature=6 6 6 2 2 8 3
split_gain=612.796 26.2935 17.3575 15.2001 15.151 13.4921 15.0476
threshold=6.0500000000000007 5.7500000000000009 6.3500000000000005 33.150000000000013 24.150000000000002 1.0000000180025095e-35 90.833333333333357
decision_type=10 10 10 10 8 2 10
left_child=1 3 -2 -1 -3 6 -4
right_child=2 4 5 -5 -6 -7 -8
leaf_value=-0.042847140489275175 0.070030515035278199 -0.027177978962072503 0.10346772044397444 0.053786325411987426 0.038899480877017049 0.20712728244727724 0.18141272235074124
leaf_count=58450 1846 3411 1308 509 2891 181 225
internal_value=0 -0.718884 2.35282 -0.827455 0.121278 2.61585 2.37916
internal_count=68821 65261 3560 58959 6302 1714 1533
shrinkage=0.05


Tree=6
num_leaves=8
num_cat=0
split_feature=6 1 4 6 2 2 0
split_gain=521.272 24.3204 16.4919 14.8307 19.6056 11.7777 16.9831
threshold=5.9500000000000011 1.5000000000000002 135.83333333333334 5.6500000000000012 25.050000000000004 29.550000000000004 39.500000000000007
decision_type=10 2 10 8 8 10 2
left_child=3 5 -3 -1 -5 -2 -7
right_child=1 2 -4 4 -6 6 -8
leaf_value=-0.046890173720433262 0.092256347178930609 -0.0052527042384409367 0.10189291974289938 -0.036093165324895558 0.011630243263852241 -0.011709388977561406 0.15445737923926756
leaf_count=39975 3047 878 255 17504 6483 59 620
internal_value=0 1.9123 0.656014 -0.75136 -0.447179 2.11473 2.84383
internal_count=68821 4859 1133 63962 23987 3726 679
shrinkage=0.05


Tree=7
num_leaves=8
num_cat=0
split_feature=6 6 6 2 1 0 0
split_gain=448.62 20.6311 14.9232 18.5805 14.8956 11.619 11.2857
threshold=5.9500000000000011 6.3500000000000005 5.6500000000000012 25.050000000000004 1.5000000000000002 59.500000000000007 55.500000000000007
decision_type=10 10 8 8 2 2 2
left_child=2 4 -1 -4 5 6 -2
right_child=1 -3 3 -5 -6 -7 -8
leaf_value=-0.046723692314398803 0.064103860240507363 0.09741956196910416 -0.03557839312544625 0.010941766188597744 -0.014246674292405455 0.15459683753545161 -0.027923061852094162
leaf_count=39975 1720 1714 17504 6483 869 231 325
internal_value=0 1.66901 -0.741723 -0.434864 0.937814 1.30531 0.977891
internal_count=68821 4859 63962 23987 3145 2276 2045
shrinkage=0.05


Tree=8
num_leaves=8
num_cat=0
split_feature=6 6 2 6 0 0 6
split_gain=390.411 14.9972 17.6014 14.9691 9.66532 11.1662 9.88689
threshold=5.9500000000000011 5.6500000000000012 25.050000000000004 6.3500000000000005 48.500000000000007 39.500000000000007 7.9500000000000011
decision_type=10 8 8 10 2 2 10
left_child=1 -1 -3 -2 5 -5 -6
right_child=3 2 -4 4 6 -7 -8
leaf_value=-0.046550839938912576 0.042892835855441937 -0.035053494003130528 0.0103007988819439 0.0047582803695009855 0.056582916324595202 0.11626101571384294 0.11673453636268449
leaf_count=39975 3145 17504 6483 56 981 557 120
internal_value=0 -0.731869 -0.42264 1.474 1.69961 2.15996 1.37834
internal_count=68821 63962 23987 4859 1714 613 1101
shrinkage=0.05


Tree=9
num_leaves=8
num_cat=0
split_feature=6 6 2 1 3 5 2
split_gain=343.219 15.0523 16.666 12.6522 12.1902 9.99468 9.34716
threshold=5.9500000000000011 5.6500000000000012 25.050000000000004 1.5000000000000002 73.833333333333357 2.9954166666666668 34.650000000000013
decision_type=10 8 8 2 10 10 8
left_child=1 -1 -3 -2 -5 -6 -4
right_child=3 2 6 4 5 -7 -8
leaf_value=-0.04637135707335216 0.072002211171172836 -0.03451877847780023 0.0014030845765405937 -0.025586606391162073 0.026115772249510928 0.14482498999452662 0.099050169813604566
leaf_count=39975 3726 17504 6212 610 444 79 271
internal_value=0 -0.721803 -0.41052 1.31604 0.462024 1.14621 0.194066
internal_count=68821 63962 23987 4859 1133 523 6483
shrinkage=0.05


Tree=10
num_leaves=8
num_cat=0
split_feature=6 6 2 3 6 8 4
split_gain=303.23 15.1116 15.8591 11.4631 16.3106 11.5712 11.4486
threshold=5.9500000000000011 5.6500000000000012 25.050000000000004 89.833333333333357 6.1500000000000012 1.0000000180025095e-35 167.33333333333334
decision_type=10 8 8 10 10 2 10
left_child=1 -1 -3 4 -2 -6 -5
right_child=3 2 -4 6 5 -7 -8
leaf_value=-0.046184972528842551 0.0035657138308256573 -0.033974602814362827 0.0093008585174985097 0.099211003222123673 0.051232223470796069 0.10727183962161553 -0.018243491230256988
leaf_count=39975 1873 17504 6483 669 1972 281 64
internal_value=0 -0.711425 -0.39799 1.18136 1.01898 1.1798 1.79675
internal_count=68821 63962 23987 4859 4126 2253 733
shrinkage=0.05


Tree=11
num_leaves=8
num_cat=0
split_feature=6 6 2 2 6 4 4
split_gain=269.668 15.1274 14.9972 9.2635 15.0223 10.0964 15.3658
threshold=5.9500000000000011 5.6500000000000012 25.050000000000004 29.550000000000004 8.7500000000000018 162.16666666666671 135.83333333333334
decision_type=10 8 8 8 10 10 10
left_child=1 -1 -3 4 -2 6 -5
right_child=3 2 -4 5 -6 -7 -8
leaf_value=-0.045991427111073041 0.038745529233256817 -0.033421354102732746 0.0087697211248540102 0.047316651039622321 0.10723801993393825 -0.032622888723051031 0.1193149186948993
leaf_count=39975 3916 17504 6483 457 92 41 353
internal_value=0 -0.700947 -0.386122 1.06804 0.902529 1.52802 1.64444
internal_count=68821 63962 23987 4859 4008 851 810
shrinkage=0.05


Tree=12
num_leaves=8
num_cat=0
split_feature=6 6 2 6 1 0 2
split_gain=241.095 15.1234 14.1736 8.57985 9.05633 9.24434 8.12863
threshold=5.9500000000000011 5.6500000000000012 25.050000000000004 6.3500000000000005 1.5000000000000002 59.500000000000007 34.650000000000013
decision_type=10 8 8 10 2 2 8
left_child=1 -1 -3 4 5 -2 -4
right_child=3 2 6 -5 -6 -7 -8
leaf_value=-0.045790457533221016 0.027661124738775002 -0.032859469602509274 0.00044434237474362141 0.056038409098234113 -0.017737686018353679 0.10789920260519247 0.088374987425150264
leaf_count=39975 2045 17504 6212 1714 869 231 271
internal_value=0 -0.690273 -0.374397 0.971267 0.550231 0.791159 0.165462
internal_count=68821 63962 23987 4859 3145 2276 6483
shrinkage=0.05


Tree=13
num_leaves=8
num_cat=0
split_feature=6 2 1 6 6 5 0
split_gain=216.175 16.3435 12.5411 11.0869 8.67947 8.50578 7.94774
threshold=5.8500000000000005 33.150000000000013 1.5000000000000002 6.4500000000000011 5.6500000000000012 2.7517123287671237 47.500000000000007
decision_type=10 10 2 10 8 10 2
left_child=1 4 -2 -4 -1 -6 -5
right_child=2 -3 3 6 5 -7 -8
leaf_value=-0.046361567991681507 0.047507225171417089 0.059574890349647053 -0.024195825788533663 0.10155198299219043 -0.033109618233298825 0.0059109064193694928 0.0089390970864296395
leaf_count=39661 5076 560 1626 58 17164 4535 141
internal_value=0 -0.714233 0.840806 0.122879 -0.754629 -0.486202 0.904239
internal_count=68821 61920 6901 1825 61360 21699 199
shrinkage=0.05


Tree=14
num_leaves=8
num_cat=0
split_feature=6 6 2 2 8 6 6
split_gain=195.288 17.7561 14.1387 8.57639 7.59166 8.22843 7.44892
threshold=5.7500000000000009 6.1500000000000012 33.150000000000013 20.850000000000005 1.0000000180025095e-35 10.050000000000002 5.5500000000000007
decision_type=10 10 10 8 2 10 8
left_child=2 3 -1 -2 5 -3 -4
right_child=1 4 6 -5 -6 -7 -8
leaf_value=-0.039734428418883382 -0.043123738252946811 0.03600028607415947 -0.028454583333945266 0.016995689589195877 0.077255694400721803 0.092423594824602037 0.097985680517268831
leaf_count=58450 1374 2302 246 5783 341 62 263
internal_value=0 0.717303 -0.754386 0.157938 0.895284 0.795594 1.06844
internal_count=68821 9862 58959 7157 2705 2364 509
shrinkage=0.05


Tree=15
num_leaves=8
num_cat=0
split_feature=6 6 2 1 8 3 6
split_gain=177.639 15.0337 13.3082 12.7485 6.89136 6.52328 6.45906
threshold=5.7500000000000009 6.1500000000000012 33.150000000000013 1.5000000000000002 1.0000000180025095e-35 96.750000000000014 5.5500000000000007
decision_type=10 10 10 2 2 8 8
left_child=2 3 4 5 -1 -2 -4
right_child=1 -3 6 -5 -6 -7 -8
leaf_value=-0.041542652719080031 0.015207229705563756 0.041068449894868693 -0.028102099464841098 -0.037559325179116358 0.0053304744557447119 0.091566763979314555 0.088535044793885256
leaf_count=55810 4635 2705 246 2292 2640 230 263
internal_value=0 0.662119 -0.744767 0.147948 -0.786223 0.454664 0.98996
internal_count=68821 9862 58959 7157 58450 4865 509
shrinkage=0.05


Tree=16
num_leaves=8
num_cat=0
split_feature=6 1 2 6 3 6 0
split_gain=161.819 12.7951 12.5305 10.4756 8.58379 6.67675 6.24338
threshold=5.7500000000000009 1.5000000000000002 33.150000000000013 6.4500000000000011 76.833333333333357 10.050000000000002 47.500000000000007
decision_type=10 2 10 10 10 10 2
left_child=2 5 -1 -3 -5 -2 -6
right_child=1 3 -4 4 6 -7 -8
leaf_value=-0.038876544924324574 0.03329139456941279 -0.026731171940384268 0.045874044332206029 -0.015583607540923253 0.12453415088709603 0.083522257054557 0.020955904655078902
leaf_count=58450 7001 2608 509 103 33 54 63
internal_value=0 0.612192 -0.734937 -0.0375766 0.713394 0.715529 1.42253
internal_count=68821 9862 58959 2807 199 7055 96
shrinkage=0.05


Tree=17
num_leaves=8
num_cat=0
split_feature=6 2 6 1 8 8 6
split_gain=147.831 11.7959 11.6728 10.6048 6.97743 6.10405 6.0186
threshold=5.7500000000000009 33.150000000000013 6.1500000000000012 1.5000000000000002 1.0000000180025095e-35 1.0000000180025095e-35 6.2500000000000009
decision_type=10 10 10 2 2 2 10
left_child=1 4 3 -2 -1 -4 -7
right_child=2 -3 5 -5 -6 6 -8
leaf_value=-0.040819695358720265 0.019058624654511209 0.042488129308769107 0.030912611144675264 -0.036783735856058361 0.0070012149350271785 -0.0076730664895110091 0.073187252360912433
leaf_count=55810 4865 509 2364 2292 2640 99 242
internal_value=0 -0.724883 0.568141 0.119317 -0.768597 0.702574 1.24709
internal_count=68821 58959 9862 7157 58450 2705 341
shrinkage=0.05


Tree=18
num_leaves=8
num_cat=0
split_feature=6 2 6 1 6 5 2
split_gain=135.091 11.3516 10.0195 9.752 8.60099 7.15487 5.70218
threshold=5.7500000000000009 29.650000000000002 6.1500000000000012 1.5000000000000002 5.5500000000000007 2.5687964841108863 30.550000000000004
decision_type=10 10 10 2 8 10 8
left_child=1 -1 3 -2 -3 -6 -4
right_child=2 4 6 -5 5 -7 -8
leaf_value=-0.038964924831079835 0.01779691208218356 -0.038284180248715285 0.027000951982105188 -0.036322039338369826 -0.016413841072915086 0.092207281835898935 0.051051462612037912
leaf_count=56938 4865 1013 2250 2292 407 601 455
internal_value=0 -0.71462 0.52746 0.111964 0.379977 1.10151 0.649304
internal_count=68821 58959 9862 7157 2021 1008 2705
shrinkage=0.05


Tree=19
num_leaves=8
num_cat=0
split_feature=6 2 1 2 6 5 5
split_gain=123.62 10.8769 8.69057 9.17009 7.73086 7.5566 6.01789
threshold=5.7500000000000009 29.650000000000002 1.5000000000000002 24.550000000000004 5.5500000000000007 2.7517123287671237 2.5687964841108863
decision_type=10 10 2 10 8 10 10
left_child=1 -1 -2 -4 -3 -5 -6
right_child=2 4 3 5 6 -7 -8
leaf_value=-0.038521666335906091 0.028489328739940336 -0.037930360235203846 -0.032400901524117093 -0.0010592753410830376 -0.016045607259761913 0.073876582339915356 0.082546357140057564
leaf_count=56938 7055 1013 1951 635 407 221 601
internal_value=0 -0.704177 0.49053 -0.046401 0.357372 0.496088 1.01156
internal_count=68821 58959 9862 2807 2021 856 1008
shrinkage=0.05


Tree=20
num_leaves=8
num_cat=0
split_feature=6 2 6 1 6 3 5
split_gain=113.249 10.4121 8.26386 8.27805 6.9697 5.57501 5.10288
threshold=5.7500000000000009 29.650000000000002 6.1500000000000012 1.5000000000000002 5.5500000000000007 96.750000000000014 2.5687964841108863
decision_type=10 10 10 2 8 10 10
left_child=1 -1 3 5 -3 -2 -6
right_child=2 4 -4 -5 6 -7 -8
leaf_value=-0.038066767868885576 0.0084092625434262769 -0.037573256968816915 0.02820406376020922 -0.035668853403621137 -0.015683843485055117 0.074125511539150965 0.074308539031015405
leaf_count=56938 4635 1013 2705 2292 407 230 601
internal_value=0 -0.693542 0.456771 0.083872 0.33561 0.296489 0.930813
internal_count=68821 58959 9862 7157 2021 4865 1008
shrinkage=0.05


Tree=21
num_leaves=8
num_cat=0
split_feature=6 2 6 2 5 2 1
split_gain=103.888 10.1078 7.8129 7.63478 6.76441 6.61194 8.7777
threshold=5.7500000000000009 25.050000000000004 5.5500000000000007 20.450000000000003 2.4855042016806728 21.150000000000002 1.5000000000000002
decision_type=10 10 8 8 8 10 2
left_child=1 -1 -3 -2 -4 6 -5
right_child=3 2 4 5 -6 -7 -8
leaf_value=-0.041999329363168671 -0.015631670638176484 -0.037476555562341744 -0.023975727363301072 0.094673803182861338 0.031119053401820258 0.021732536165038861 -0.029160821755479367
leaf_count=46413 1328 6526 2678 310 3342 7972 252
internal_value=0 -0.682722 -0.217564 0.426233 0.173893 0.474147 1.39244
internal_count=68821 58959 12546 9862 6020 8534 562
shrinkage=0.05


Tree=22
num_leaves=8
num_cat=0
split_feature=6 2 6 2 6 4 1
split_gain=95.4089 9.95384 7.36536 7.23709 9.36854 7.76404 6.61914
threshold=5.7500000000000009 25.050000000000004 5.5500000000000007 27.350000000000005 8.5500000000000025 162.16666666666671 1.5000000000000002
decision_type=10 10 8 8 10 10 2
left_child=1 -1 -3 4 6 -5 -2
right_child=3 2 -4 5 -6 -7 -8
leaf_value=-0.041651739170436679 0.01288486746078654 -0.037023348389115203 0.0081862358976701154 0.034376469353085769 0.054822292603434533 -0.04037500377153163 -0.020301111945830622
leaf_count=46413 5016 6526 6020 2316 84 90 2356
internal_value=0 -0.671853 -0.210022 0.397994 0.248511 0.627839 0.163235
internal_count=68821 58959 12546 9862 7456 2406 7372
shrinkage=0.05


Tree=23
num_leaves=8
num_cat=0
split_feature=6 2 8 2 6 1 8
split_gain=87.6777 9.7947 8.27952 7.3112 6.56697 6.94456 4.95743
threshold=5.7500000000000009 25.050000000000004 1.0000000180025095e-35 34.650000000000013 6.1500000000000012 1.5000000000000002 1.0000000180025095e-35
decision_type=10 10 2 8 10 2 2
left_child=1 -1 3 -3 5 -2 -6
right_child=4 2 -4 -5 6 -7 -8
leaf_value=-0.041292978379571833 0.011475574301466122 -0.025604594284377464 0.056122200013315041 0.052295906240052273 0.019758134616387084 -0.035150552675311177 0.04574899276416252
leaf_count=46413 4865 11245 1029 272 2364 2292 341
internal_value=0 -0.660784 -0.202499 -0.366561 0.372187 0.0456772 0.464516
internal_count=68821 58959 12546 11517 9862 7157 2705
shrinkage=0.05


Tree=24
num_leaves=8
num_cat=0
split_feature=6 2 8 2 3 3 5
split_gain=80.5459 9.67969 7.45062 7.03387 6.11183 7.30583 10.0838
threshold=5.7500000000000009 25.050000000000004 1.0000000180025095e-35 37.650000000000013 91.833333333333357 98.250000000000014 2.1916350918099687
decision_type=10 10 2 8 10 10 10
left_child=1 -1 3 -3 -2 6 -6
right_child=4 2 -4 -5 5 -7 -8
leaf_value=-0.04092292801026888 0.013812834805365458 -0.023048484029091779 0.051659103084406237 0.07439321256548953 -0.0035595452732712601 0.0018551795437545292 0.071562994219243184
leaf_count=46413 8903 11414 1029 103 236 293 430
internal_value=0 -0.64927 -0.192881 -0.354441 0.348467 0.743012 1.05166
internal_count=68821 58959 12546 11517 9862 959 666
shrinkage=0.05


end of trees

feature importances:
H25_a1c=71
H25_bmi=41
H25_sex=16
H25_dbp=12
H25_age=10
H25_dl=10
H25_lhrate=9
H25_sbp=6

parameters:
[boosting: gbdt]
[objective: binary]
[metric: binary]
[tree_learner: serial]
[device_type: cpu]
[data: ]
[valid: ]
[num_iterations: 100]
[learning_rate: 0.05]
[num_leaves: 8]
[num_threads: 0]
[max_depth: -1]
[min_data_in_leaf: 20]
[min_sum_hessian_in_leaf: 1]
[bagging_fraction: 0.4]
[bagging_freq: 0]
[bagging_seed: 3]
[feature_fraction: 0.9]
[feature_fraction_seed: 2]
[early_stopping_round: 0]
[max_delta_step: 0]
[lambda_l1: 0]
[lambda_l2: 1]
[min_gain_to_split: 0]
[drop_rate: 0.1]
[max_drop: 50]
[skip_drop: 0.5]
[xgboost_dart_mode: 0]
[uniform_drop: 0]
[drop_seed: 4]
[top_rate: 0.2]
[other_rate: 0.1]
[min_data_per_group: 100]
[max_cat_threshold: 32]
[cat_l2: 10]
[cat_smooth: 10]
[max_cat_to_onehot: 4]
[top_k: 20]
[monotone_constraints: ]
[feature_contri: ]
[forcedsplits_filename: ]
[refit_decay_rate: 0.9]
[verbosity: 0]
[max_bin: 255]
[min_data_in_bin: 3]
[bin_construct_sample_cnt: 200000]
[histogram_pool_size: -1]
[data_random_seed: 1]
[output_model: LightGBM_model.txt]
[snapshot_freq: -1]
[input_model: ]
[output_result: LightGBM_predict_result.txt]
[initscore_filename: ]
[valid_data_initscores: ]
[pre_partition: 0]
[enable_bundle: 1]
[max_conflict_rate: 0]
[is_enable_sparse: 1]
[sparse_threshold: 0.8]
[use_missing: 1]
[zero_as_missing: 0]
[two_round: 0]
[save_binary: 0]
[enable_load_from_binary_file: 1]
[header: 0]
[label_column: ]
[weight_column: ]
[group_column: ]
[ignore_column: ]
[categorical_feature: ]
[predict_raw_score: 0]
[predict_leaf_index: 0]
[predict_contrib: 0]
[num_iteration_predict: -1]
[pred_early_stop: 0]
[pred_early_stop_freq: 10]
[pred_early_stop_margin: 10]
[convert_model_language: ]
[convert_model: gbdt_prediction.cpp]
[num_class: 1]
[is_unbalance: 0]
[scale_pos_weight: 1]
[sigmoid: 1]
[boost_from_average: 1]
[reg_sqrt: 0]
[alpha: 0.9]
[fair_c: 1]
[poisson_max_delta_step: 0.7]
[tweedie_variance_power: 1.5]
[max_position: 20]
[label_gain: ]
[metric_freq: 1]
[is_provide_training_metric: 0]
[eval_at: ]
[num_machines: 1]
[local_listen_port: 12400]
[time_out: 120]
[machine_list_filename: ]
[machines: ]
[gpu_platform_id: -1]
[gpu_device_id: -1]
[gpu_use_dp: 0]

end of parameters

pandas_categorical:[]
