tree
version=v2
num_class=1
num_tree_per_iteration=1
label_index=0
max_feature_idx=8
objective=binary sigmoid:1
feature_names=H25_age H25_sex H25_bmi H25_dbp H25_sbp H25_lhrate H25_a1c H25_ht H25_dl
feature_infos=[19:75] [1:2] [0:65.599999999999994] [0:169] [0:238] [0.18181818181818185:8.8461538461538485] [3:14.800000000000001] [0:1] [0:1]
tree_sizes=718 716 724 718 718 728 729 727 732 726 733 732 738 732 733 730 727 740 732 732 737 737 734 725 734

Tree=0
num_leaves=8
num_cat=0
split_feature=6 6 6 2 2 2 3
split_gain=5595.33 407.112 57.3617 24.3451 23.3363 12.0718 11.0623
threshold=6.5500000000000007 6.1500000000000012 5.7500000000000009 24.550000000000004 24.150000000000002 32.550000000000004 70.833333333333357
decision_type=10 10 10 10 8 10 10
left_child=1 2 5 6 -4 -1 -3
right_child=-2 3 4 -5 -6 -7 -8
leaf_value=-5.2810632178765129 -3.8503486895339796 -5.2386975329213019 -5.2525055320642275 -4.8594233763613417 -5.1747365436247561 -5.1942872301456999 -5.0552089633048389
leaf_count=58470 1166 204 3662 899 3364 630 425
internal_value=0 -0.554246 -0.72442 6.07563 0.443522 -0.864246 2.70883
internal_count=68820 67654 66126 1528 7026 59100 629
shrinkage=1


Tree=1
num_leaves=8
num_cat=0
split_feature=6 6 6 1 5 3 0
split_gain=1692.57 84.8212 54.912 37.8422 24.1347 22.3733 14.7308
threshold=6.1500000000000012 6.7500000000000009 5.7500000000000009 1.5000000000000002 1.7870596442274154 91.833333333333357 40.500000000000007
decision_type=10 10 10 2 10 8 2
left_child=2 3 -1 4 -2 -4 -3
right_child=1 6 5 -5 -6 -7 -8
leaf_value=-0.042893240955125533 0.077834397465811597 0.10826978897796598 0.007265000096840041 0.053420633636951258 0.29083377954564593 0.13033271106137306 0.42591080499190687
leaf_count=59100 263 59 6449 400 1178 577 794
internal_value=0 6.55575 -0.714039 4.48963 5.19443 0.412652 8.22039
internal_count=68820 2694 66126 1841 1441 7026 853
shrinkage=0.05


Tree=2
num_leaves=8
num_cat=0
split_feature=6 6 8 5 6 2 4
split_gain=1170.41 52.7875 25.5314 23.0654 25.227 19.4972 13.9549
threshold=6.1500000000000012 5.7500000000000009 1.0000000180025095e-35 2.1965749414519915 6.3500000000000005 27.350000000000005 137.16666666666671
decision_type=10 10 2 10 10 8 10
left_child=1 -1 3 -2 6 -3 -5
right_child=2 5 -4 4 -6 -7 -8
leaf_value=-0.042564348316006959 0.13777821213737859 -0.00030313297585722051 0.35708129616155732 0.14271487210182529 0.26063785684447288 0.0820433557610631 -0.028033347575040831
leaf_count=59100 876 5555 336 378 973 1471 131
internal_value=0 -0.703384 4.60602 4.14898 4.75669 0.387995 2.00068
internal_count=68820 66126 2694 2358 1482 7026 509
shrinkage=0.05


Tree=3
num_leaves=8
num_cat=0
split_feature=6 6 6 2 5 3 0
split_gain=906.36 31.3119 31.0385 25.747 17.0434 16.7504 14.2163
threshold=6.0500000000000007 6.7500000000000009 5.7500000000000009 29.650000000000002 2.6258333333333339 80.833333333333357 39.500000000000007
decision_type=10 10 10 10 10 10 2
left_child=2 3 -1 -2 -5 -4 -3
right_child=1 6 5 4 -6 -7 -8
leaf_value=-0.042224733834170004 0.096537270379018589 0.018697045462063151 -0.018883929239593034 0.080404708689660098 0.28111838679671552 0.051274760000716325 0.21483842366116923
leaf_count=59100 2276 41 3918 208 257 2208 812
internal_value=0 3.41769 -0.73276 2.53848 4.30156 0.16279 4.16903
internal_count=68820 3594 65226 2741 465 6126 853
shrinkage=0.05


Tree=4
num_leaves=8
num_cat=0
split_feature=6 1 6 7 6 0 0
split_gain=728.807 38.1396 30.1181 20.375 15.8757 20.599 16.5879
threshold=6.0500000000000007 1.5000000000000002 5.7500000000000009 1.0000000180025095e-35 7.4500000000000011 60.500000000000007 42.500000000000007
decision_type=10 2 10 2 10 2 2
left_child=2 3 -1 4 -2 6 -6
right_child=1 -3 -4 -5 5 -7 -8
leaf_value=-0.041874197247949177 0.11929759877110134 0.046803902913720066 0.0076900778373511147 0.2528455682267185 0.029007299821141242 -0.0052625744063515304 0.22786570672144679
leaf_count=59100 2244 755 6126 279 40 26 250
internal_value=0 2.78883 -0.722606 3.08915 2.81025 3.83717 4.17465
internal_count=68820 3594 65226 2839 2560 316 290
shrinkage=0.05


Tree=5
num_leaves=8
num_cat=0
split_feature=6 1 2 3 7 6 6
split_gain=603.687 35.9374 20.196 14.0752 13.831 15.9384 13.6306
threshold=5.9500000000000011 1.5000000000000002 32.550000000000004 73.833333333333357 1.0000000180025095e-35 6.3500000000000005 5.7500000000000009
decision_type=10 2 10 10 2 10 10
left_child=2 4 6 -3 5 -2 -1
right_child=1 3 -4 -5 -6 -7 -8
leaf_value=-0.042811078219734372 0.06673954231990567 -0.02254347220141396 0.066744602606037401 0.074842384145872007 0.19471124455397992 0.1285100775100263 -0.0049465228602251854
leaf_count=58470 2066 621 750 530 356 1298 4729
internal_value=0 2.21887 -0.751023 0.646822 2.48256 2.27439 -0.783788
internal_count=68820 4871 63949 1151 3720 3364 63199
shrinkage=0.05


Tree=6
num_leaves=8
num_cat=0
split_feature=6 1 2 6 4 2 2
split_gain=512.535 25.2595 19.5944 18.1101 14.5184 11.7468 11.6307
threshold=5.9500000000000011 1.5000000000000002 25.050000000000004 5.6500000000000012 128.83333333333334 33.150000000000013 29.550000000000004
decision_type=10 2 8 8 10 10 10
left_child=2 6 -1 -4 -3 -5 -2
right_child=1 4 3 5 -6 -7 -8
leaf_value=-0.044615636886795818 0.092442375147181927 -0.016194334962242377 -0.037343395158754338 0.0054016316799712959 0.081276753956830775 0.11399234438274747 0.14282694473346647
leaf_count=49199 3038 750 8252 6187 401 311 682
internal_value=0 1.91044 -0.741275 -0.255138 0.599671 0.301068 2.11311
internal_count=68820 4871 63949 14750 1151 6498 3720
shrinkage=0.05


Tree=7
num_leaves=8
num_cat=0
split_feature=6 2 1 6 4 2 6
split_gain=440.627 19.5011 18.2119 17.0814 12.2823 10.0801 8.93017
threshold=5.9500000000000011 25.050000000000004 1.5000000000000002 5.6500000000000012 128.83333333333334 33.150000000000013 7.0500000000000007
decision_type=10 8 2 8 10 10 10
left_child=1 -1 6 -3 -4 -5 -2
right_child=2 3 4 5 -6 -7 -8
leaf_value=-0.044354627867059251 0.077080524537074063 -0.036864939014118733 -0.01569699963731145 0.0051134548930878362 0.072692162988912887 0.10240848258144152 0.11447372348060036
leaf_count=49199 3207 8252 750 6187 401 311 513
internal_value=0 -0.731297 1.66633 -0.244943 0.55866 0.286143 1.82613
internal_count=68820 63949 4871 14750 1151 6498 3720
shrinkage=0.05


Tree=8
num_leaves=8
num_cat=0
split_feature=6 2 6 6 8 3 2
split_gain=383.093 19.3797 16.0985 15.3319 14.3866 9.43019 8.76983
threshold=5.9500000000000011 25.050000000000004 5.6500000000000012 6.3500000000000005 1.0000000180025095e-35 88.833333333333357 33.150000000000013
decision_type=10 8 8 10 2 8 8
left_child=1 -1 -3 5 -5 -2 -4
right_child=3 2 6 4 -6 -7 -8
leaf_value=-0.044084276796504805 0.028015898932446395 -0.036376363639412997 0.0040802994484989931 0.076174691997464017 0.14785570895161013 0.095994762197851774 0.086522550554167091
leaf_count=49199 2726 8252 6086 1509 172 464 412
internal_value=0 -0.721109 -0.235106 1.47095 1.70269 0.851179 0.271856
internal_count=68820 63949 14750 4871 1681 3190 6498
shrinkage=0.05


Tree=9
num_leaves=8
num_cat=0
split_feature=6 2 6 1 4 5 5
split_gain=336.571 19.2275 15.1542 12.4295 10.1364 7.82264 7.81283
threshold=5.9500000000000011 25.050000000000004 5.6500000000000012 1.5000000000000002 135.83333333333334 2.2053038285915005 4.2055052790346918
decision_type=10 8 8 2 10 10 10
left_child=1 -1 -3 -2 -5 -6 -4
right_child=3 2 6 4 5 -7 -8
leaf_value=-0.043804315587992887 0.07163747092502934 -0.035877904602808312 0.005914038080718346 -0.0073843754575399481 0.0051274664195867237 0.12294386197704919 0.1017120763775201
leaf_count=49199 3720 8252 6245 903 138 110 253
internal_value=0 -0.710725 -0.225705 1.3131 0.435895 1.47442 0.257939
internal_count=68820 63949 14750 4871 1151 248 6498
shrinkage=0.05


Tree=10
num_leaves=8
num_cat=0
split_feature=6 6 2 2 8 6 6
split_gain=297.838 18.9652 13.772 13.4578 10.6638 8.2858 7.77043
threshold=5.8500000000000005 6.1500000000000012 25.450000000000003 22.750000000000004 1.0000000180025095e-35 5.6500000000000012 9.3500000000000032
decision_type=10 10 10 8 2 8 10
left_child=2 3 -1 -2 6 -4 -3
right_child=1 4 5 -5 -6 -7 -8
leaf_value=-0.043643448432946229 -0.033699376622308867 0.052460945629312097 -0.032511460867823742 0.039211030598860691 0.10627152636556168 0.0086988714184186074 0.10581386302089851
leaf_count=50257 1425 2258 6858 2744 336 4842 100
internal_value=0 1.10786 -0.743918 0.367898 1.29268 -0.257802 1.15372
internal_count=68820 6863 61957 4169 2694 11700 2358
shrinkage=0.05


Tree=11
num_leaves=8
num_cat=0
split_feature=6 6 2 1 7 0 0
split_gain=266.166 15.3602 13.6664 10.9021 8.3536 9.25805 8.61219
threshold=5.8500000000000005 6.3500000000000005 25.450000000000003 1.5000000000000002 1.0000000180025095e-35 59.500000000000007 55.500000000000007
decision_type=10 10 10 2 2 2 2
left_child=2 3 -1 4 5 -2 -6
right_child=1 -3 -4 -5 6 -7 -8
leaf_value=-0.043348290927066525 0.017040672630527661 0.061464223535588849 -0.012434045562073859 -0.018656020169186507 0.12387779314382773 0.098983003866061417 -0.0095162621676371188
leaf_count=50257 2988 1681 11700 1546 244 304 100
internal_value=0 1.0046 -0.734139 0.526326 0.765452 0.544153 1.84054
internal_count=68820 6863 61957 5182 3636 3292 344
shrinkage=0.05


Tree=12
num_leaves=8
num_cat=0
split_feature=6 8 1 2 4 6 5
split_gain=238.942 14.1542 13.8692 13.594 10.652 9.44989 10.1566
threshold=5.8500000000000005 1.0000000180025095e-35 1.5000000000000002 25.050000000000004 135.83333333333334 5.6500000000000012 4.2055052790346918
decision_type=10 2 2 10 10 8 10
left_child=3 2 -2 -1 -4 -5 -7
right_child=1 -3 4 5 -6 6 -8
leaf_value=-0.043700529562642407 0.045524247032188027 0.08483115028951399 -0.028120446131219737 -0.034106057868411185 0.051132278905347085 -0.0014789324528932319 0.11138061861125487
leaf_count=48367 4431 825 1315 7974 292 5401 215
internal_value=0 0.915796 0.788046 -0.724112 -0.0464183 -0.279524 0.151759
internal_count=68820 6863 6038 61957 1607 13590 5616
shrinkage=0.05


Tree=13
num_leaves=8
num_cat=0
split_feature=6 2 6 2 6 5 8
split_gain=214.895 13.5366 12.4194 12.6293 8.98441 8.9857 8.75024
threshold=5.8500000000000005 25.050000000000004 6.7500000000000009 29.650000000000002 5.6500000000000012 4.2055052790346918 1.0000000180025095e-35
decision_type=10 10 10 8 8 10 2
left_child=1 -1 3 -2 -3 -6 -4
right_child=2 4 6 -5 5 -7 -8
leaf_value=-0.043408912769854729 0.017615745454948078 -0.033567382933930773 0.050281722670089103 0.063514680083768163 -0.0014099037183376191 0.10183446443418209 0.11271451361189687
leaf_count=48367 5186 7974 800 824 5401 215 53
internal_value=0 -0.713776 0.836622 0.566259 -0.268559 0.147446 1.13585
internal_count=68820 61957 6863 6010 13590 5616 853
shrinkage=0.05


Tree=14
num_leaves=8
num_cat=0
split_feature=6 6 2 3 3 5 2
split_gain=195.823 16.7502 11.5416 11.009 7.56644 7.43253 5.96292
threshold=5.7500000000000009 6.1500000000000012 32.550000000000004 91.833333333333357 100.83333333333336 4.4624765478424022 22.550000000000004
decision_type=10 10 10 10 10 10 8
left_child=2 3 5 6 -5 -1 -2
right_child=1 -3 -4 4 -6 -7 -8
leaf_value=-0.040745565834550371 -0.029784056633204499 0.044599379171958366 0.04715013161324888 0.098453173083550935 -0.026646197713891508 0.049490961322874019 0.01169528676350013
leaf_count=58045 2382 2694 630 456 121 425 4067
internal_value=0 0.715643 -0.758685 0.183761 1.42916 -0.793915 -0.00754904
internal_count=68820 9720 59100 7026 577 58470 6449
shrinkage=0.05


Tree=15
num_leaves=8
num_cat=0
split_feature=6 6 2 3 5 3 0
split_gain=177.97 13.9958 10.8899 9.41239 7.08106 6.34318 5.54196
threshold=5.7500000000000009 6.1500000000000012 32.550000000000004 91.833333333333357 4.4624765478424022 100.83333333333336 39.500000000000007
decision_type=10 10 10 8 10 10 2
left_child=2 3 4 -2 -1 -5 -3
right_child=1 6 -4 5 -6 -7 -8
leaf_value=-0.040352960191748249 -0.00038887913896537693 -0.013606205204076344 0.04374430904671666 0.087246096425850447 0.046555925666359153 -0.02630990164259292 0.042551318638360446
leaf_count=58045 6449 91 630 456 425 121 2603
internal_value=0 0.659651 -0.749132 0.173698 -0.785377 1.28677 0.816236
internal_count=68820 9720 59100 7026 58470 577 2694
shrinkage=0.05


Tree=16
num_leaves=8
num_cat=0
split_feature=6 1 2 7 5 3 6
split_gain=162.094 11.9482 10.2884 8.4933 10.0716 8.84799 8.68363
threshold=5.7500000000000009 1.5000000000000002 32.550000000000004 1.0000000180025095e-35 3.7951631701631703 100.83333333333336 9.3500000000000032
decision_type=10 2 10 2 10 10 10
left_child=2 3 -1 6 5 -5 -2
right_child=1 -3 -4 4 -6 -7 -8
leaf_value=-0.038830191321788762 0.027407627548960187 -0.0011671141995750248 0.040659574130309295 0.089767388296277062 -0.034290461270071161 -0.03006031459906577 0.075329943638200836
leaf_count=58470 6250 2775 630 528 39 36 92
internal_value=0 0.609667 -0.73935 0.708392 1.35508 1.58894 0.621013
internal_count=68820 9720 59100 6945 603 564 6342
shrinkage=0.05


Tree=17
num_leaves=8
num_cat=0
split_feature=6 6 2 3 6 2 8
split_gain=147.961 11.1494 10.2298 7.83533 6.40776 7.07157 6.11437
threshold=5.7500000000000009 6.1500000000000012 25.050000000000004 91.833333333333357 5.5500000000000007 34.650000000000013 1.0000000180025095e-35
decision_type=10 10 10 8 8 8 2
left_child=2 3 -1 -2 -4 6 -6
right_child=1 -3 4 -5 5 -7 -8
leaf_value=-0.043873525238182505 -0.0015055944756665566 0.034955616525782017 -0.035066048122623213 0.055442734245688144 -0.014840382997763911 0.090794768932945968 0.059889809480863511
leaf_count=46466 6449 2694 6609 577 5274 160 591
internal_value=0 0.564841 -0.7294 0.137085 -0.289478 0.0776307 -0.0940933
internal_count=68820 9720 59100 7026 12634 6025 5865
shrinkage=0.05


Tree=18
num_leaves=8
num_cat=0
split_feature=6 2 6 2 5 1 0
split_gain=135.24 10.2175 10.0847 9.89026 9.43328 9.30506 8.44093
threshold=5.7500000000000009 25.050000000000004 6.7500000000000009 32.95000000000001 4.2055052790346918 1.5000000000000002 59.500000000000007
decision_type=10 10 10 8 10 2 2
left_child=1 -1 3 5 -3 6 -2
right_child=2 4 -4 -5 -6 -7 -8
leaf_value=-0.043591371943340118 0.011796530625872305 -0.019832150680007446 0.038869376025499912 0.061331403130065409 0.075886996244197577 -0.021165665297638636 0.059520189740101162
leaf_count=46466 5316 12222 853 389 412 2589 573
internal_value=0 -0.719165 0.524453 0.320513 -0.277651 0.220929 0.359296
internal_count=68820 59100 9720 8867 12634 8478 5889
shrinkage=0.05


Tree=19
num_leaves=8
num_cat=0
split_feature=6 2 5 6 1 8 2
split_gain=123.886 10.176 8.6337 8.55991 8.64943 7.27289 5.70547
threshold=5.7500000000000009 25.050000000000004 4.4624765478424022 6.7500000000000009 1.5000000000000002 1.0000000180025095e-35 33.250000000000007
decision_type=10 10 10 10 2 2 8
left_child=1 -1 -3 4 6 -5 -2
right_child=3 2 -4 5 -6 -7 -8
leaf_value=-0.043299203124657439 0.016913042604459787 -0.018484918285717019 0.082308004371831653 0.030842882241675758 -0.015347208863840551 0.080923170794074947 0.058606302191712062
leaf_count=46466 5909 12383 251 800 2675 53 283
internal_value=0 -0.70877 -0.266679 0.488406 0.300966 0.71737 0.423725
internal_count=68820 59100 12634 9720 8867 853 6192
shrinkage=0.05


Tree=20
num_leaves=8
num_cat=0
split_feature=6 2 5 8 1 5 5
split_gain=113.648 10.1256 7.95111 7.87398 8.54008 7.64665 7.38905
threshold=5.7500000000000009 25.050000000000004 4.2055052790346918 1.0000000180025095e-35 1.5000000000000002 2.7571662571662583 1.4103913630229423
decision_type=10 10 10 2 2 8 10
left_child=1 -1 -3 4 -2 -6 -5
right_child=3 2 -4 6 5 -7 -8
leaf_value=-0.042996794890096939 0.022892189684426821 -0.018679843353660752 0.066064537527080594 0.12781530351556789 -0.024918207516048323 0.040342191208084459 0.037265695111606587
leaf_count=46466 6139 12222 412 101 2161 344 975
internal_value=0 -0.69814 -0.255766 0.455882 0.375282 -0.191681 0.945934
internal_count=68820 59100 12634 9720 8644 2505 1076
shrinkage=0.05


Tree=21
num_leaves=8
num_cat=0
split_feature=6 2 6 3 5 0 5
split_gain=104.362 10.0539 7.43796 7.93573 7.25968 6.73105 9.66501
threshold=5.7500000000000009 25.050000000000004 6.0500000000000007 80.833333333333357 4.4624765478424022 46.500000000000007 2.7571662571662583
decision_type=10 10 10 10 10 2 10
left_child=1 -1 3 -2 -3 6 -5
right_child=2 4 -4 5 -6 -7 -8
leaf_value=-0.042683937434173785 -0.018761042260016795 -0.017366433116443234 0.025712986844151332 0.11632114455608807 0.071543856317856661 0.0033361513282895595 -0.0072335324460304981
leaf_count=46466 3918 12383 3594 385 251 1542 281
internal_value=0 -0.68734 0.425961 0.0280999 -0.245412 0.513077 1.34373
internal_count=68820 59100 9720 6126 12634 2208 666
shrinkage=0.05


Tree=22
num_leaves=8
num_cat=0
split_feature=6 6 2 3 0 0 2
split_gain=96.2454 9.01925 9.92402 7.02071 8.36381 6.74247 6.25392
threshold=5.6500000000000012 6.0500000000000007 33.150000000000013 91.833333333333357 59.500000000000007 61.500000000000007 25.050000000000004
decision_type=10 10 8 10 2 2 10
left_child=6 2 3 4 -2 -6 -1
right_child=1 -3 -4 -5 5 -7 -8
leaf_value=-0.042948974633357014 -0.021404455377922408 0.02392474867092758 0.075668477692843947 0.04178936157622834 0.10386980966943765 -0.014767925043192527 -0.016975691542336156
leaf_count=43562 8482 3594 290 734 319 369 11470
internal_value=0 0.373484 -0.00621794 -0.13422 -0.282989 1.03233 -0.721296
internal_count=68820 13788 10194 9904 9170 688 55032
shrinkage=0.05


Tree=23
num_leaves=8
num_cat=0
split_feature=6 8 1 3 0 6 6
split_gain=88.8688 8.98805 9.4471 8.4092 8.812 7.11255 6.69987
threshold=5.6500000000000012 1.0000000180025095e-35 1.5000000000000002 80.833333333333357 54.500000000000007 6.6500000000000012 9.3500000000000032
decision_type=10 2 2 10 2 10 10
left_child=-1 2 6 -3 -5 -4 -2
right_child=1 3 5 4 -6 -7 -8
leaf_value=-0.035555415951140694 0.014833443025759327 0.07008414474251573 -0.03169406037759849 0.040799444879389066 -0.031784215399253829 0.022496289335728961 0.053082755171028131
leaf_count=55032 8554 743 3626 456 206 111 92
internal_value=0 0.350417 0.269509 0.84708 0.340973 -0.28733 0.353976
internal_count=68820 13788 12383 1405 662 3737 8646
shrinkage=0.05


Tree=24
num_leaves=8
num_cat=0
split_feature=6 2 8 3 0 3 2
split_gain=82.0173 7.69128 7.64772 8.53841 7.95077 7.56572 9.37342
threshold=5.6500000000000012 20.650000000000002 1.0000000180025095e-35 80.833333333333357 54.500000000000007 91.833333333333357 26.550000000000004
decision_type=10 10 2 10 2 10 10
left_child=-1 -2 5 -4 -5 -3 -7
right_child=1 2 3 4 -6 6 -8
leaf_value=-0.035031350081111516 -0.015663728324728624 0.010487744553258916 0.069777215185276104 0.038364355838143807 -0.030983255668292055 0.073058910517206282 0.014354352112070774
leaf_count=55032 2426 9101 633 443 195 500 490
internal_value=0 0.328719 0.379459 0.835418 0.329386 0.299227 0.765655
internal_count=68820 13788 11362 1271 638 10091 990
shrinkage=0.05


end of trees

feature importances:
H25_a1c=61
H25_bmi=36
H25_lhrate=17
H25_dbp=16
H25_age=13
H25_sex=13
H25_dl=10
H25_sbp=5
H25_ht=4

parameters:
[boosting: gbdt]
[objective: binary]
[metric: binary]
[tree_learner: serial]
[device_type: cpu]
[data: ]
[valid: ]
[num_iterations: 100]
[learning_rate: 0.05]
[num_leaves: 8]
[num_threads: 0]
[max_depth: -1]
[min_data_in_leaf: 20]
[min_sum_hessian_in_leaf: 1]
[bagging_fraction: 0.4]
[bagging_freq: 0]
[bagging_seed: 3]
[feature_fraction: 0.9]
[feature_fraction_seed: 2]
[early_stopping_round: 0]
[max_delta_step: 0]
[lambda_l1: 0]
[lambda_l2: 1]
[min_gain_to_split: 0]
[drop_rate: 0.1]
[max_drop: 50]
[skip_drop: 0.5]
[xgboost_dart_mode: 0]
[uniform_drop: 0]
[drop_seed: 4]
[top_rate: 0.2]
[other_rate: 0.1]
[min_data_per_group: 100]
[max_cat_threshold: 32]
[cat_l2: 10]
[cat_smooth: 10]
[max_cat_to_onehot: 4]
[top_k: 20]
[monotone_constraints: ]
[feature_contri: ]
[forcedsplits_filename: ]
[refit_decay_rate: 0.9]
[verbosity: 0]
[max_bin: 255]
[min_data_in_bin: 3]
[bin_construct_sample_cnt: 200000]
[histogram_pool_size: -1]
[data_random_seed: 1]
[output_model: LightGBM_model.txt]
[snapshot_freq: -1]
[input_model: ]
[output_result: LightGBM_predict_result.txt]
[initscore_filename: ]
[valid_data_initscores: ]
[pre_partition: 0]
[enable_bundle: 1]
[max_conflict_rate: 0]
[is_enable_sparse: 1]
[sparse_threshold: 0.8]
[use_missing: 1]
[zero_as_missing: 0]
[two_round: 0]
[save_binary: 0]
[enable_load_from_binary_file: 1]
[header: 0]
[label_column: ]
[weight_column: ]
[group_column: ]
[ignore_column: ]
[categorical_feature: ]
[predict_raw_score: 0]
[predict_leaf_index: 0]
[predict_contrib: 0]
[num_iteration_predict: -1]
[pred_early_stop: 0]
[pred_early_stop_freq: 10]
[pred_early_stop_margin: 10]
[convert_model_language: ]
[convert_model: gbdt_prediction.cpp]
[num_class: 1]
[is_unbalance: 0]
[scale_pos_weight: 1]
[sigmoid: 1]
[boost_from_average: 1]
[reg_sqrt: 0]
[alpha: 0.9]
[fair_c: 1]
[poisson_max_delta_step: 0.7]
[tweedie_variance_power: 1.5]
[max_position: 20]
[label_gain: ]
[metric_freq: 1]
[is_provide_training_metric: 0]
[eval_at: ]
[num_machines: 1]
[local_listen_port: 12400]
[time_out: 120]
[machine_list_filename: ]
[machines: ]
[gpu_platform_id: -1]
[gpu_device_id: -1]
[gpu_use_dp: 0]

end of parameters

pandas_categorical:[]
