tree
version=v2
num_class=1
num_tree_per_iteration=1
label_index=0
max_feature_idx=8
objective=binary sigmoid:1
feature_names=H25_age H25_sex H25_bmi H25_dbp H25_sbp H25_lhrate H25_a1c H25_dm H25_dl
feature_infos=[18:74] [1:2] [0:65.599999999999994] [0:145] [0:228] [0.097560975609756101:8.8461538461538485] [3:15.300000000000001] [0:1] [0:1]
tree_sizes=722 729 731 732 731 731 742 731 736 736 739 739 737 730 741 742 733 743 734 744 733 745 742 742 735 734 744 738 731 735 736 737 735 737 742 740 741 732 746 746 742 738 746 739 740 733 747 742 741 740 746 742 738 732 742 737 740 735 730 738 746 740 729 734 741 738 732 735 751 739 741 725 731 737 750 736 726 745 734 734 743 742 733 721 740 720 735 734 750 733 739 734 734 738 750 732 736 730 726 738

Tree=0
num_leaves=8
num_cat=0
split_feature=4 3 3 0 0 3 2
split_gain=1548.62 299.908 293.975 114.281 99.5143 75.1213 62.3552
threshold=142.16666666666671 100.83333333333336 89.583333333333357 54.500000000000007 44.500000000000007 78.833333333333357 29.550000000000004
decision_type=8 10 10 2 2 10 8
left_child=2 4 3 5 -2 -1 -7
right_child=1 -3 -4 -5 -6 6 -8
leaf_value=-4.4364280323250496 -4.3151684586640631 -3.8599552775642532 -4.2488630444632172 -4.3595797109143728 -4.1417460984114252 -4.4072984420238051 -4.301241452766206
leaf_count=40237 1088 661 2083 5845 2440 13479 1176
internal_value=0 5.31207 -0.360775 -0.477877 4.07556 -0.60705 -0.0477236
internal_count=67009 4189 62820 60737 3528 54892 14655
shrinkage=1


Tree=1
num_leaves=8
num_cat=0
split_feature=4 3 3 0 5 3 0
split_gain=1117.31 196.957 154.255 99.3842 55.7802 50.4031 48.0935
threshold=139.25000000000003 87.833333333333357 93.250000000000014 58.500000000000007 1.9959459459459461 77.833333333333357 46.500000000000007
decision_type=8 10 10 2 8 10 2
left_child=1 3 6 5 -4 -1 -2
right_child=2 -3 4 -5 -6 -7 -8
leaf_value=-0.039284442261788677 0.048368879137453996 0.082378366030502456 0.1475181192456782 0.072498001361584088 0.30169200464247758 -0.0086902191770260127 0.15126500445926336
leaf_count=40280 1539 3326 758 1875 1353 15843 2035
internal_value=0 -0.405061 3.42446 -0.536846 5.04266 -0.609555 2.2234
internal_count=67009 61324 5685 57998 2111 56123 3574
shrinkage=0.05


Tree=2
num_leaves=8
num_cat=0
split_feature=4 3 0 3 2 6 0
split_gain=871.237 172.074 97.8273 84.792 53.6309 36.8245 33.1895
threshold=139.25000000000003 87.833333333333357 49.500000000000007 95.250000000000014 27.650000000000002 6.1500000000000012 58.500000000000007
decision_type=8 10 2 10 10 10 2
left_child=1 2 -1 5 6 -2 -4
right_child=3 -3 4 -5 -6 -7 -8
leaf_value=-0.037501984678241423 0.084206117408221745 0.072294058018823562 -0.011142696786892097 0.20128725983946871 0.10436244556005361 0.19869267438650229 0.052283170390069578
leaf_count=43539 3582 3326 11734 1617 984 486 1741
internal_value=0 -0.392981 -0.524029 2.75846 0.126857 2.02556 -0.031919
internal_count=67009 61324 57998 5685 14459 4068 13475
shrinkage=0.05


Tree=3
num_leaves=8
num_cat=0
split_feature=4 3 3 0 8 6 2
split_gain=711.211 119.277 118.75 67.2257 46.7342 41.0473 36.0847
threshold=137.83333333333334 92.833333333333357 83.833333333333357 49.500000000000007 1.0000000180025095e-35 6.1500000000000012 27.550000000000004
decision_type=8 8 10 2 2 10 10
left_child=2 5 3 -1 -4 -2 -5
right_child=1 -3 4 6 -6 -7 -8
leaf_value=-0.04012112068462504 0.046971298413430562 0.15614370734729605 0.019512284157607154 -0.0080026948189039406 0.14756385192913965 0.15214866607738212 0.084264346389921779
leaf_count=39673 4774 2481 6680 11507 519 580 795
internal_value=0 2.03632 -0.434442 -0.604078 0.60647 1.23267 -0.0165443
internal_count=67009 7835 59174 51975 7199 5354 12302
shrinkage=0.05


Tree=4
num_leaves=8
num_cat=0
split_feature=4 3 0 0 3 2 2
split_gain=607.088 138.194 66.6587 53.749 33.4512 32.1195 25.7578
threshold=132.83333333333334 93.250000000000014 49.500000000000007 49.500000000000007 85.833333333333357 29.150000000000002 23.150000000000002
decision_type=8 8 2 2 10 10 8
left_child=2 3 -1 4 -2 -4 -3
right_child=1 6 5 -5 -6 -7 -8
leaf_value=-0.037280862546618963 -0.0082602994232697253 0.073252495224769912 -0.0038568274053505641 0.077471836186669946 0.052291449644746461 0.10900852716606427 0.14838177924196333
leaf_count=40466 4286 742 12634 4142 2559 379 1801
internal_value=0 1.3888 -0.542176 0.862757 0.360898 0.0166786 2.57287
internal_count=67009 13530 53479 10987 6845 13013 2543
shrinkage=0.05


Tree=5
num_leaves=8
num_cat=0
split_feature=4 4 0 3 0 6 4
split_gain=526.18 104.501 64.1948 49.5441 34.1187 31.9328 28.6755
threshold=132.83333333333334 145.16666666666671 49.500000000000007 89.833333333333357 50.500000000000007 6.2500000000000009 117.25000000000001
decision_type=8 10 2 8 2 8 10
left_child=2 3 -1 4 -2 -3 -4
right_child=1 5 6 -5 -6 -7 -8
leaf_value=-0.036769182605670192 -0.00047698372459990389 0.085981603560198294 -0.02325486211097277 0.083273112349792192 0.056742100421963586 0.1604260724127291 0.019607869185591556
leaf_count=40466 5926 2410 5902 1871 2565 758 7111
internal_value=0 1.23345 -0.529326 0.736152 0.389312 2.11936 0.0162888
internal_count=67009 13530 53479 10362 8491 3168 13013
shrinkage=0.05


Tree=6
num_leaves=8
num_cat=0
split_feature=4 3 0 0 8 2 3
split_gain=459.764 77.9145 61.6691 40.1528 28.294 26.8857 26.4579
threshold=132.83333333333334 93.250000000000014 49.500000000000007 44.500000000000007 1.0000000180025095e-35 23.950000000000003 77.833333333333357
decision_type=8 10 2 2 2 10 10
left_child=2 3 6 4 -2 -4 -1
right_child=1 -3 5 -5 -6 -7 -8
leaf_value=-0.043547178120917615 -0.0086345915523542271 0.094722051655032044 -0.013771418798944834 0.052125814326450762 0.13983009028234192 0.029922363726173535 -0.013382980756181152
leaf_count=31442 3936 2525 8947 6902 167 4066 9024
internal_value=0 1.10487 -0.516555 0.71126 0.00560063 0.0152166 -0.724941
internal_count=67009 13530 53479 11005 4103 13013 40466
shrinkage=0.05


Tree=7
num_leaves=8
num_cat=0
split_feature=4 4 0 3 0 2 4
split_gain=404.066 66.1543 59.2071 33.1042 28.1784 30.1362 28.0385
threshold=132.83333333333334 145.16666666666671 49.500000000000007 89.833333333333357 58.500000000000007 25.450000000000003 169.50000000000003
decision_type=8 8 2 10 2 8 10
left_child=2 3 -1 4 5 -2 -3
right_child=1 6 -4 -5 -6 -7 -8
leaf_value=-0.035717227921852363 -0.011051691400722791 0.071194709303398371 0.00071704221070644089 0.065306703978319988 0.095219866444993542 0.042873118317347664 0.15815900414458314
leaf_count=40466 5202 2940 13013 1853 493 2796 246
internal_value=0 0.995974 -0.50382 0.603248 0.318807 0.169858 1.63264
internal_count=67009 13530 53479 10344 8491 7998 3186
shrinkage=0.05


Tree=8
num_leaves=8
num_cat=0
split_feature=4 4 0 2 3 5 5
split_gain=359.665 57.7669 53.428 28.51 26.8355 25.8562 28.8854
threshold=131.83333333333334 142.16666666666671 49.500000000000007 29.150000000000002 78.833333333333357 1.5821840166257324 2.4563310450038141
decision_type=8 8 2 10 10 10 10
left_child=2 4 -1 -4 -2 -6 -7
right_child=1 -3 3 -5 5 6 -8
leaf_value=-0.036024453774475135 -0.01810349839124193 0.067541213253407284 -0.0053931430643387743 0.097250028289737292 -0.010737338124602949 0.070773200804631189 0.017467397056134985
leaf_count=39579 2599 4189 12219 358 1707 3206 3152
internal_value=0 0.87065 -0.512752 -0.0127933 0.459955 0.660789 0.886591
internal_count=67009 14853 52156 12577 10664 8065 6358
shrinkage=0.05


Tree=9
num_leaves=8
num_cat=0
split_feature=3 0 4 3 6 3 2
split_gain=322.588 78.053 37.0769 36.5642 29.9528 21.8515 21.4238
threshold=83.833333333333357 49.500000000000007 130.83333333333334 89.583333333333357 6.4500000000000011 77.833333333333357 29.150000000000002
decision_type=8 2 10 8 10 10 10
left_child=1 5 6 4 -2 -1 -3
right_child=3 2 -4 -5 -6 -7 -8
leaf_value=-0.042381780603721858 0.01614181938590353 -0.011953846516193821 0.047898414081770993 0.060217946927370959 0.10952055105562758 -0.013274702191508567 0.086073095915445555
leaf_count=32763 7853 10556 2277 4655 452 8190 263
internal_value=0 -0.459785 0.111077 0.873081 0.465252 -0.714922 -0.151267
internal_count=67009 54049 13096 12960 8305 40953 10819
shrinkage=0.05


Tree=10
num_leaves=8
num_cat=0
split_feature=4 0 4 0 2 3 3
split_gain=287.492 49.6527 39.835 26.9276 34.8846 23.3849 23.325
threshold=131.83333333333334 49.500000000000007 145.16666666666671 58.500000000000007 25.450000000000003 78.833333333333357 87.833333333333357
decision_type=8 2 10 2 8 10 10
left_child=1 -1 3 4 6 -6 -2
right_child=2 -3 -4 -5 5 -7 -8
leaf_value=-0.034998883554288256 -0.018730462070401147 -0.00051232223786875004 0.059145667209368008 0.085444770753459132 -0.026726157874443969 0.05540155099315968 0.027578350545813098
leaf_count=39579 5220 12577 3168 655 768 3179 1863
internal_value=0 -0.488229 0.731402 0.451024 0.340757 0.884437 -0.00863902
internal_count=67009 52156 14853 11685 11030 3947 7083
shrinkage=0.05


Tree=11
num_leaves=8
num_cat=0
split_feature=3 0 3 8 4 2 6
split_gain=260.102 59.271 35.9202 33.4014 28.0247 26.0897 23.0546
threshold=81.583333333333357 57.500000000000007 89.583333333333357 1.0000000180025095e-35 116.16666666666667 24.750000000000004 6.8500000000000005
decision_type=8 2 8 2 10 8 10
left_child=1 5 3 -2 -3 -1 -7
right_child=2 4 -4 -5 -6 6 -8
leaf_value=-0.03635989124496198 0.0098267386496236776 -0.023006410223459405 0.049409551836407196 0.085430278045692587 0.070486165607788684 -0.01286742480877757 0.091168297759430028
leaf_count=37737 11204 904 4655 884 1320 9930 375
internal_value=0 -0.492603 0.655508 0.336384 0.767943 -0.592422 -0.144291
internal_count=67009 50266 16743 12088 2224 48042 10305
shrinkage=0.05


Tree=12
num_leaves=8
num_cat=0
split_feature=3 0 3 2 4 0 0
split_gain=237.231 53.7856 46.0228 35.8025 26.2884 25.4172 17.8517
threshold=78.833333333333357 57.500000000000007 87.833333333333357 29.850000000000005 116.16666666666667 58.500000000000007 49.500000000000007
decision_type=8 2 8 8 10 2 2
left_child=1 6 3 5 -3 -2 -1
right_child=2 4 -4 -5 -6 -7 -8
leaf_value=-0.040250992822606024 -0.0038138106390359196 -0.021060020757413551 0.041550869236490512 0.074323858617433888 0.076722838063855617 0.061194497411011774 -0.01412511184189754
leaf_count=34328 14107 859 6988 1084 942 761 7940
internal_value=0 -0.574452 0.510191 0.169324 0.763946 0.0371241 -0.677539
internal_count=67009 44069 22940 15952 1801 14868 42268
shrinkage=0.05


Tree=13
num_leaves=8
num_cat=0
split_feature=3 0 2 3 4 4 0
split_gain=215.298 49.8346 42.0741 31.9018 24.8077 21.9128 21.1704
threshold=78.833333333333357 57.500000000000007 25.250000000000004 85.833333333333357 169.50000000000003 116.16666666666667 38.500000000000007
decision_type=8 2 8 10 10 10 2
left_child=1 -1 3 -2 6 -3 -4
right_child=2 5 4 -5 -6 -7 -8
leaf_value=-0.03330596887647054 -0.010456744733827215 -0.020486703705048931 -0.020790490035107544 0.025517776048193233 0.12380370472977807 0.068075225617055146 0.042683681697233508
leaf_count=42268 9042 859 777 5672 119 942 7330
internal_value=0 -0.561957 0.473288 0.207131 0.840621 0.700541 0.75065
internal_count=67009 44069 22940 14714 8226 1801 8107
shrinkage=0.05


Tree=14
num_leaves=8
num_cat=0
split_feature=3 4 0 8 0 2 6
split_gain=197.17 45.2803 33.9386 33.4866 25.4586 28.044 19.5225
threshold=76.583333333333357 142.16666666666671 49.500000000000007 1.0000000180025095e-35 58.500000000000007 25.250000000000004 6.2500000000000009
decision_type=8 8 2 2 2 8 10
left_child=2 3 -1 4 5 -2 -4
right_child=1 -3 6 -5 -6 -7 -8
leaf_value=-0.041142234581411967 -0.012975109293960658 0.040481670266151959 -0.012700613472179654 0.060961965761194982 0.057357846126467195 0.020598555861437631 0.064109773982964802
leaf_count=31268 14248 4049 7803 1623 939 6511 568
internal_value=0 0.396045 -0.612867 0.169035 0.0671027 -0.0150038 -0.111226
internal_count=67009 27370 39639 23321 21698 20759 8371
shrinkage=0.05


Tree=15
num_leaves=8
num_cat=0
split_feature=3 4 8 0 0 4 2
split_gain=180.247 38.6681 42.0908 33.1493 28.6294 18.6213 17.9713
threshold=76.583333333333357 135.83333333333334 1.0000000180025095e-35 49.500000000000007 58.500000000000007 169.50000000000003 32.95000000000001
decision_type=8 8 2 2 2 10 10
left_child=3 2 4 -1 6 -3 -2
right_child=1 5 -4 -5 -6 -7 -8
leaf_value=-0.040747187305254701 -0.012290726704927245 0.027165446645455643 0.073629188460153691 -0.0052993294837675514 0.064883057012550677 0.080488103085476201 0.086461260419720229
leaf_count=31268 16083 8914 1200 8371 676 245 252
internal_value=0 0.369386 0.0469459 -0.600618 -0.091173 0.613058 -0.195841
internal_count=67009 27370 18211 39639 17011 9159 16335
shrinkage=0.05


Tree=16
num_leaves=8
num_cat=0
split_feature=3 2 0 3 0 0 0
split_gain=165.04 36.6655 32.3195 29.8217 27.4568 29.369 17.5463
threshold=76.583333333333357 25.250000000000004 49.500000000000007 85.833333333333357 58.500000000000007 59.500000000000007 39.500000000000007
decision_type=8 8 2 10 2 2 2
left_child=2 3 -1 4 -2 -6 -3
right_child=1 6 -4 -5 5 -7 -8
leaf_value=-0.040340935165552934 -0.019171633675936731 -0.0070983321248483337 -0.0050636074139169419 0.020719062535684164 0.14690458724853239 0.0018979656015589413 0.03831741127544256
leaf_count=31268 11668 1319 8371 5672 195 455 8061
internal_value=0 0.345372 -0.588297 0.114619 -0.225769 1.02645 0.663398
internal_count=67009 27370 39639 17990 12318 650 9380
shrinkage=0.05


Tree=17
num_leaves=8
num_cat=0
split_feature=4 0 0 8 2 2 2
split_gain=151.691 38.65 23.3753 22.8677 18.2159 17.3995 17.239
threshold=130.83333333333334 49.500000000000007 42.500000000000007 1.0000000180025095e-35 33.750000000000007 21.850000000000005 24.750000000000004
decision_type=8 2 2 2 8 8 8
left_child=1 6 3 -2 -4 -3 -1
right_child=2 5 4 -5 -6 -7 -8
leaf_value=-0.039491669411331753 -0.0078569231789080152 -0.022795607215783199 0.026030517996231003 0.10442275631040554 0.093179944654518454 0.013025691856754352 -0.0098962292382292587
leaf_count=30516 4339 4954 11305 148 268 7215 8264
internal_value=0 -0.427432 0.441572 -0.0299463 0.569053 -0.00636546 -0.648207
internal_count=67009 50949 16060 4487 11573 12169 38780
shrinkage=0.05


Tree=18
num_leaves=8
num_cat=0
split_feature=3 0 2 3 0 0 6
split_gain=141.786 30.4922 29.216 24.4323 23.7922 22.7806 16.8016
threshold=76.583333333333357 49.500000000000007 25.250000000000004 85.833333333333357 58.500000000000007 59.500000000000007 6.2500000000000009
decision_type=8 2 8 10 2 2 10
left_child=1 -1 3 4 -2 -6 -3
right_child=2 6 -4 -5 5 -7 -8
leaf_value=-0.039587391857505309 -0.018360629762820043 -0.011835926487023375 0.029157078991901959 0.01820845887902833 0.12335064090973974 0.0011118948838098614 0.057692082985755636
leaf_count=31268 11668 7803 9380 5672 195 455 568
internal_value=0 -0.566818 0.307935 0.100937 -0.213228 0.916018 -0.0978205
internal_count=67009 39639 27370 17990 12318 650 8371
shrinkage=0.05


Tree=19
num_leaves=8
num_cat=0
split_feature=3 0 4 8 6 3 0
split_gain=129.896 29.6532 26.2625 21.2981 17.4793 17.1444 17.8578
threshold=76.583333333333357 49.500000000000007 142.16666666666671 1.0000000180025095e-35 8.0500000000000025 89.583333333333357 54.500000000000007
decision_type=8 2 8 2 8 10 2
left_child=1 -1 3 5 -4 6 -2
right_child=2 -3 4 -5 -6 -7 -8
leaf_value=-0.039149482974485672 -0.010940615855506515 -0.0046567327808926025 0.022238699332082834 0.044179145088761508 0.063388415458097744 0.025923085888205438 0.023892810318196886
leaf_count=31268 17297 8371 3411 1623 638 1922 2479
internal_value=0 -0.554249 0.288479 0.115074 0.579871 0.0304534 -0.0877475
internal_count=67009 39639 27370 23321 4049 21698 19776
shrinkage=0.05


Tree=20
num_leaves=8
num_cat=0
split_feature=3 0 2 0 3 4 0
split_gain=119.083 28.7841 24.2395 21.7627 16.5062 15.1387 16.4314
threshold=76.583333333333357 49.500000000000007 25.250000000000004 44.500000000000007 88.833333333333357 168.83333333333334 38.500000000000007
decision_type=8 2 8 2 10 10 2
left_child=1 -1 3 4 -2 6 -4
right_child=2 -3 5 -5 -6 -7 -8
leaf_value=-0.038700168571580804 -0.034491540873037907 -0.0044467963224345897 -0.025008698239616902 0.012237207852081875 0.01297741677684704 0.07931585882609582 0.02641759665469471
leaf_count=31268 5603 8371 952 11570 817 132 8296
internal_value=0 -0.541661 0.270609 0.0821583 -0.36363 0.514765 0.450357
internal_count=67009 39639 27370 17990 6420 9380 9248
shrinkage=0.05


Tree=21
num_leaves=8
num_cat=0
split_feature=3 0 4 0 2 3 0
split_gain=109.144 27.9055 21.1488 19.1504 20.7358 15.2376 15.3082
threshold=76.583333333333357 49.500000000000007 142.16666666666671 38.500000000000007 30.750000000000004 89.583333333333357 54.500000000000007
decision_type=8 2 10 2 8 10 2
left_child=1 -1 3 -2 5 6 -5
right_child=2 -3 -4 4 -6 -7 -8
leaf_value=-0.038239482859404733 -0.038153403520846396 -0.0042454552518535072 0.025465355221117664 -0.0079521243414715018 0.054918924630469046 0.027577918175900079 0.022801432194278073
leaf_count=31268 2233 8371 4031 15625 949 1819 2713
internal_value=0 -0.529035 0.253837 0.0984945 0.164721 0.0928299 -0.0218807
internal_count=67009 39639 27370 23339 21106 20157 18338
shrinkage=0.05


Tree=22
num_leaves=8
num_cat=0
split_feature=3 0 2 6 4 6 8
split_gain=100.065 27.0197 19.996 16.7955 21.6204 14.9009 14.0836
threshold=76.583333333333357 49.500000000000007 22.350000000000005 6.8500000000000005 168.33333333333334 6.2500000000000009 1.0000000180025095e-35
decision_type=8 2 8 10 10 10 2
left_child=1 -1 -2 4 6 -3 -4
right_child=2 5 3 -5 -6 -7 -8
leaf_value=-0.037767476796896286 -0.0049486758724484395 -0.010867261717881944 0.0088303265162767118 0.056239098383660459 0.071361915988600297 0.05357508983814703 0.041205293785392706
leaf_count=31268 8457 7803 16536 815 174 568 1388
internal_value=0 -0.516387 0.238356 0.347902 0.293869 -0.0810487 0.243237
internal_count=67009 39639 27370 18913 18098 8371 17924
shrinkage=0.05


Tree=23
num_leaves=8
num_cat=0
split_feature=4 0 2 0 8 2 2
split_gain=92.2976 29.587 17.8975 15.606 17.1423 12.5356 11.9503
threshold=130.83333333333334 48.500000000000007 23.750000000000004 42.500000000000007 1.0000000180025095e-35 24.650000000000002 34.550000000000004
decision_type=8 2 10 2 2 8 8
left_child=1 5 -3 4 -2 -1 -5
right_child=3 2 -4 6 -6 -7 -8
leaf_value=-0.037498619595414187 -0.0091492416270947362 -0.01534499149462492 0.018893512498249915 0.018785793196170322 0.081040589866608725 -0.010278300177540023 0.074040630048449491
leaf_count=28638 4339 9555 4658 11364 148 8098 209
internal_value=0 -0.366901 -0.036388 0.313719 -0.0674848 -0.604777 0.410314
internal_count=67009 50949 14213 16060 4487 36736 11573
shrinkage=0.05


Tree=24
num_leaves=8
num_cat=0
split_feature=3 0 2 0 6 3 4
split_gain=86.1052 25.7167 16.9277 17.1544 16.0449 14.2563 10.9145
threshold=76.583333333333357 57.500000000000007 25.250000000000004 44.500000000000007 7.0500000000000007 88.833333333333357 116.16666666666667
decision_type=8 2 8 2 10 10 10
left_child=1 4 3 5 -1 -2 -3
right_child=2 6 -4 -5 -6 -7 -8
leaf_value=-0.03166450533014805 -0.033483366468380411 -0.016818267567601734 0.020491212370544565 0.009751273323996161 0.067795571549462419 0.01062899053163578 0.050305026658211141
leaf_count=37776 5603 813 9380 11570 323 817 727
internal_value=0 -0.494287 0.214387 0.0566264 -0.598837 -0.347663 0.481899
internal_count=67009 39639 27370 17990 38099 6420 1540
shrinkage=0.05


Tree=25
num_leaves=8
num_cat=0
split_feature=4 0 3 6 4 8 5
split_gain=79.7001 28.9804 20.7033 15.3262 18.2715 13.8633 20.2086
threshold=118.25000000000001 43.500000000000007 82.833333333333357 6.9500000000000011 168.33333333333334 1.0000000180025095e-35 2.1862435947970047
decision_type=8 2 10 10 10 2 8
left_child=-1 2 -2 4 -3 -4 -7
right_child=1 3 5 -5 -6 6 -8
leaf_value=-0.029305467923008116 -0.031498879236535382 0.01025311208445972 -0.00050110725132114238 0.051787858506051387 0.062744238261416146 0.19790116649835476 0.013486177946154155
leaf_count=30139 9991 21834 3868 820 188 39 130
internal_value=0 0.165785 -0.201851 0.293624 0.247679 0.100662 1.4283
internal_count=67009 36870 14028 22842 22022 4037 169
shrinkage=0.05


Tree=26
num_leaves=8
num_cat=0
split_feature=4 0 3 2 0 0 8
split_gain=73.6529 25.788 19.5142 13.9391 13.3005 19.1637 12.4482
threshold=118.25000000000001 43.500000000000007 82.833333333333357 23.750000000000004 57.500000000000007 59.500000000000007 1.0000000180025095e-35
decision_type=8 2 10 8 2 2 2
left_child=-1 2 -2 4 -3 -6 -4
right_child=1 3 6 -5 5 -7 -8
leaf_value=-0.028681412736547875 -0.030900388591340696 -0.0029160148009558188 -0.00047655861761731393 0.021082499103085097 0.068523575660791231 -0.0033656590017716614 0.066425197610163009
leaf_count=30139 9991 10419 3868 11130 615 678 169
internal_value=0 0.156692 -0.193073 0.275437 0.0690975 0.607919 0.097355
internal_count=67009 36870 14028 22842 11712 1293 4037
shrinkage=0.05


Tree=27
num_leaves=8
num_cat=0
split_feature=3 0 2 4 6 0 6
split_gain=68.5212 24.8654 14.0258 12.35 15.9022 11.8282 11.2569
threshold=76.583333333333357 49.500000000000007 22.350000000000005 155.16666666666671 6.8500000000000005 38.500000000000007 6.2500000000000009
decision_type=8 2 8 10 10 2 10
left_child=1 -1 -2 4 5 -4 -3
right_child=2 6 3 -5 -6 -7 -8
leaf_value=-0.035777469471121891 -0.005051045185152165 -0.0086206905355233881 -0.029378955631796041 0.034557243205002135 0.048902761583021835 0.0095987151067804897 0.045677875397306666
leaf_count=31268 8457 7803 1567 817 758 15771 568
internal_value=0 -0.460795 0.18317 0.270701 0.201699 0.146026 -0.0430186
internal_count=67009 39639 27370 18913 18096 17338 8371
shrinkage=0.05


Tree=28
num_leaves=8
num_cat=0
split_feature=4 0 3 2 2 2 6
split_gain=64.5079 24.3076 16.7649 14.2671 12.993 10.9918 11.2713
threshold=117.25000000000001 42.500000000000007 85.833333333333357 34.550000000000004 35.350000000000001 20.750000000000004 10.950000000000001
decision_type=8 2 10 8 8 10 10
left_child=-1 2 -2 5 -5 -3 -7
right_child=1 3 -4 4 -6 6 -8
leaf_value=-0.02899823443517642 -0.028417180944724198 -0.0099368432602624391 0.0067354341894429147 0.15208439355159162 0.032076030196724906 0.012499301537660238 0.12444597771202795
leaf_count=28311 10921 4060 2165 61 324 21122 45
internal_value=0 0.135375 -0.240703 0.236308 1.23616 0.207498 0.262314
internal_count=67009 38698 13086 25612 385 25227 21167
shrinkage=0.05


Tree=29
num_leaves=8
num_cat=0
split_feature=4 0 3 2 4 0 0
split_gain=59.6894 21.904 15.6717 12.4265 10.7851 10.6165 19.0331
threshold=117.25000000000001 42.500000000000007 85.833333333333357 34.550000000000004 168.33333333333334 58.500000000000007 59.500000000000007
decision_type=8 2 10 8 10 2 2
left_child=-1 2 -2 4 5 -3 -7
right_child=1 3 -4 -5 -6 6 -8
leaf_value=-0.028373506212332884 -0.027789885943523846 0.00537012609763147 0.0063647482493326864 0.056772827917539008 0.045167893748844876 0.066143880337788119 0.0069279292835497837
leaf_count=28311 10921 23239 2165 385 207 561 1220
internal_value=0 0.128179 -0.231758 0.222675 0.195472 0.164323 0.558227
internal_count=67009 38698 13086 25612 25227 25020 1781
shrinkage=0.05


Tree=30
num_leaves=8
num_cat=0
split_feature=4 0 3 2 8 5 2
split_gain=55.1805 19.7252 14.8375 11.0705 11.0194 13.0331 9.28257
threshold=117.25000000000001 42.500000000000007 82.833333333333357 20.850000000000005 1.0000000180025095e-35 2.1862435947970047 34.550000000000004
decision_type=8 2 10 8 2 8 10
left_child=-1 2 -2 -3 -4 -6 -5
right_child=1 3 4 6 5 -7 -8
leaf_value=-0.02774520651832374 -0.031130573815451503 -0.0092613580580138948 -0.0026479978061616184 0.012030613613509515 0.17130168108239568 0.013532490539005047 0.058444433693927239
leaf_count=28311 9628 4282 3329 21108 27 102 222
internal_value=0 0.121201 -0.22305 0.209702 0.0563853 1.32499 0.263963
internal_count=67009 38698 13086 25612 3458 129 21330
shrinkage=0.05


Tree=31
num_leaves=8
num_cat=0
split_feature=3 0 2 3 2 0 2
split_gain=51.0697 23.3551 10.7656 11.6355 10.3784 10.2126 9.35346
threshold=76.583333333333357 49.500000000000007 25.250000000000004 83.833333333333357 20.450000000000003 58.500000000000007 21.050000000000004
decision_type=8 2 8 10 10 2 10
left_child=1 -1 3 5 -5 -2 -3
right_child=2 6 -4 4 -6 -7 -8
leaf_value=-0.034195430139235802 -0.018984247381451963 -0.024916915284153737 0.01497100624328267 -0.018615407190181326 0.012553116337960408 0.024940325584188957 0.010309132441237025
leaf_count=31268 9655 2982 9380 1276 6532 527 5389
internal_value=0 -0.4183 0.150785 0.0250829 0.159503 -0.250086 -0.013034
internal_count=67009 39639 27370 17990 7808 10182 8371
shrinkage=0.05


Tree=32
num_leaves=8
num_cat=0
split_feature=4 0 3 2 2 0 0
split_gain=47.934 17.1674 20.8716 15.8251 10.0773 13.2608 9.70872
threshold=117.25000000000001 50.500000000000007 87.833333333333357 34.550000000000004 21.550000000000004 58.500000000000007 59.500000000000007
decision_type=8 2 10 10 8 2 2
left_child=-1 2 3 -2 5 -3 -7
right_child=1 4 -4 -5 -6 6 -8
leaf_value=-0.026622048021300488 -0.014860863318049675 -0.020248004413879906 0.01086456783555749 0.069017618929552257 0.019784436398791943 0.085911156750878612 0.0027980230093152245
leaf_count=28311 23465 2157 4430 269 7909 138 330
internal_value=0 0.10971 -0.0269607 -0.249992 0.302383 -0.0953997 0.707528
internal_count=67009 38698 28164 23734 10534 2625 468
shrinkage=0.05


Tree=33
num_leaves=8
num_cat=0
split_feature=4 0 2 3 5 4 6
split_gain=44.275 16.189 14.6055 14.1605 12.0517 9.81691 10.8352
threshold=117.25000000000001 43.500000000000007 25.750000000000004 96.583333333333357 2.291287878787879 168.33333333333334 6.9500000000000011
decision_type=8 2 8 10 8 10 10
left_child=-1 2 3 -2 -4 6 -3
right_child=1 5 4 -5 -6 -7 -8
leaf_value=-0.025987562242430418 -0.030656142144805026 0.0061274919913766272 0.040224800173505104 0.027661493596069994 -0.0051559963786753475 0.042590045511446226 0.037546109986819953
leaf_count=28311 10478 22779 1285 192 2933 203 828
internal_value=0 0.103834 -0.178229 -0.453672 0.161075 0.191334 0.161195
internal_count=67009 38698 14888 10670 4218 23810 23607
shrinkage=0.05


Tree=34
num_leaves=8
num_cat=0
split_feature=3 0 3 4 6 2 5
split_gain=41.0045 15.5761 9.66827 11.3879 10.2511 10.4389 8.37319
threshold=74.833333333333357 52.500000000000007 100.83333333333336 169.50000000000003 6.1500000000000012 29.050000000000004 3.1559027777777779
decision_type=8 2 10 10 10 8 8
left_child=1 -1 3 4 5 -2 -6
right_child=2 -3 -4 -5 6 -7 -8
leaf_value=-0.029952944071887769 -0.0025933190705044297 0.0041184613052235369 0.023656149895990401 0.064648824732294149 0.030915406961103897 0.019884364715053327 -0.0095973808022590465
leaf_count=31110 26479 4122 727 85 1700 2257 529
internal_value=0 -0.427647 0.117923 0.0734396 0.0562574 0.00403011 0.419539
internal_count=67009 35232 31777 31050 30965 28736 2229
shrinkage=0.05


Tree=35
num_leaves=8
num_cat=0
split_feature=4 0 8 5 3 4 2
split_gain=38.5234 14.3645 12.6468 11.7345 11.0503 9.53345 9.34684
threshold=117.25000000000001 42.500000000000007 1.0000000180025095e-35 2.1862435947970047 92.833333333333357 134.16666666666671 24.650000000000002
decision_type=8 2 2 8 10 10 10
left_child=6 2 4 -4 -2 -6 -1
right_child=1 -3 3 -5 5 -7 -8
leaf_value=-0.030988496554102379 -0.023505433175602424 0.0083558878693822253 0.13639009924357445 0.0075385883696727669 0.093383287849413688 0.0016463468333887017 0.0039763442189010463
leaf_count=24267 12132 25612 87 257 91 519 4044
internal_value=0 0.0944532 -0.204774 0.991663 -0.284745 0.200106 -0.497621
internal_count=67009 38698 13086 344 12742 610 28311
shrinkage=0.05


Tree=36
num_leaves=8
num_cat=0
split_feature=4 0 3 2 2 2 0
split_gain=35.5779 13.2706 16.4978 13.3369 8.8985 8.42361 11.7601
threshold=117.25000000000001 50.500000000000007 87.833333333333357 34.550000000000004 24.650000000000002 21.550000000000004 58.500000000000007
decision_type=8 2 10 10 10 8 2
left_child=4 2 3 -2 -1 6 -3
right_child=1 5 -4 -5 -6 -7 -8
leaf_value=-0.030385915419853422 -0.014014348463383744 -0.020190492990360388 0.009020574472987427 0.060358588337620249 0.0037712833836991556 0.016894346034501132 0.031382027229295575
leaf_count=24267 23465 2157 4430 269 4044 7909 468
internal_value=0 0.089626 -0.0315028 -0.234301 -0.484992 0.255115 -0.107141
internal_count=67009 38698 28164 23734 28311 10534 2625
shrinkage=0.05


Tree=37
num_leaves=8
num_cat=0
split_feature=3 0 2 0 2 2 6
split_gain=32.9998 15.1435 12.5363 8.42652 8.20912 9.26486 9.13299
threshold=74.833333333333357 46.500000000000007 24.150000000000002 34.500000000000007 34.550000000000004 35.45000000000001 10.950000000000001
decision_type=8 2 10 2 8 8 10
left_child=1 -1 -3 -2 6 -6 -5
right_child=3 2 -4 4 5 -7 -8
leaf_value=-0.034492093278886242 -0.027756166297459112 -0.016868727956717133 0.025375196589001184 0.0045882329550308082 0.10028404387487133 0.018293986945310772 0.09713077410414328
leaf_count=24237 1782 8626 2369 29442 78 425 50
internal_value=0 -0.396352 -0.0888883 0.102614 0.123069 0.729667 0.100438
internal_count=67009 35232 10995 31777 29995 503 29492
shrinkage=0.05


Tree=38
num_leaves=8
num_cat=0
split_feature=4 0 2 3 5 2 7
split_gain=30.8806 11.6026 12.4692 12.0496 10.3959 8.26501 7.93615
threshold=117.25000000000001 43.500000000000007 25.750000000000004 96.583333333333357 2.291287878787879 24.650000000000002 1.0000000180025095e-35
decision_type=8 2 8 10 8 10 2
left_child=5 2 3 -2 -4 6 -1
right_child=1 -3 4 -5 -6 -7 -8
leaf_value=-0.031120208708590405 -0.029295989061742668 0.0076610198857567013 0.036443537404498065 0.023712073961099634 -0.0051378733727421629 0.0037196110198324688 0.069436976028881367
leaf_count=24100 10478 23810 1285 192 2933 4044 167
internal_value=0 0.0816226 -0.161289 -0.426404 0.146519 -0.462851 -0.58677
internal_count=67009 38698 14888 10670 4218 28311 24267
shrinkage=0.05


Tree=39
num_leaves=8
num_cat=0
split_feature=4 0 2 2 8 0 0
split_gain=28.8049 17.8739 10.0959 9.23922 8.34792 8.74104 7.06809
threshold=130.83333333333334 48.500000000000007 24.650000000000002 21.850000000000005 1.0000000180025095e-35 57.500000000000007 34.500000000000007
decision_type=8 2 8 10 2 2 2
left_child=1 2 -1 -3 5 -5 -2
right_child=6 3 -4 4 -6 -7 -8
leaf_value=-0.031857503901721561 -0.027226071751941291 -0.017507774962069584 -0.0050410303118372897 -0.0054530602149188076 0.044714206433413457 0.030708737573274133 0.0086439865717742367
leaf_count=28638 993 5919 8098 6315 816 1163 15067
internal_value=0 -0.238692 -0.467599 0.0102674 0.178684 0.0653965 0.151802
internal_count=67009 50949 36736 14213 8294 7478 16060
shrinkage=0.05


Tree=40
num_leaves=8
num_cat=0
split_feature=4 6 0 3 2 2 0
split_gain=26.6434 11.1931 10.861 12.3376 11.0359 7.55573 7.60261
threshold=117.25000000000001 11.850000000000003 50.500000000000007 87.833333333333357 34.550000000000004 24.650000000000002 53.500000000000007
decision_type=8 10 2 10 10 10 2
left_child=5 2 3 4 -2 6 -1
right_child=1 -3 -4 -5 -6 -7 -8
leaf_value=-0.03485385169958409 -0.013369022609737101 0.1210963571868742 0.010669942219929365 0.0068056562676709247 0.051867381869131639 0.0034760873127883569 0.0017424362346993771
leaf_count=21992 23455 29 10526 4419 269 4044 2275
internal_value=0 0.0739559 0.0667347 -0.0439175 -0.222898 -0.440304 -0.56463
internal_count=67009 38698 38669 28143 23724 28311 24267
shrinkage=0.05


Tree=41
num_leaves=8
num_cat=0
split_feature=3 0 2 5 5 3 4
split_gain=24.8046 13.5808 10.1327 7.71178 8.84052 7.06289 9.24879
threshold=74.833333333333357 46.500000000000007 24.150000000000002 2.2713075060532693 2.5557777777777786 100.83333333333336 169.50000000000003
decision_type=8 2 10 10 8 10 10
left_child=1 -1 -3 -4 -5 6 -2
right_child=5 2 3 4 -6 -7 -8
leaf_value=-0.032778314793342894 0.0015978820116843966 -0.015222914148992822 -0.0087888761021475744 0.10496519780493987 0.018712637542162514 0.019042265532877599 0.055245539174893533
leaf_count=24237 30965 8626 993 342 1034 727 85
internal_value=0 -0.357062 -0.0686398 0.450744 0.916315 0.0858142 0.047681
internal_count=67009 35232 10995 2369 1376 31777 31050
shrinkage=0.05


Tree=42
num_leaves=8
num_cat=0
split_feature=4 6 0 4 5 5 4
split_gain=23.0553 10.9055 9.52997 10.6972 9.33852 10.8122 10.9749
threshold=117.25000000000001 12.050000000000002 50.500000000000007 145.16666666666671 1.5751712328767125 2.5684046345811056 130.83333333333334
decision_type=8 10 2 10 10 10 10
left_child=-1 2 3 4 -2 6 -6
right_child=1 -3 -4 -5 5 -7 -8
leaf_value=-0.020921816866592498 -0.026125575089501279 0.11849860780953747 0.0098272328993044295 0.010587212208171912 -0.011355842213121487 -0.015148946541251363 0.019789091212338062
leaf_count=28311 6902 25 10527 1877 7397 8083 3887
internal_value=0 0.0675595 0.0604274 -0.0436963 -0.153149 -0.058364 0.147247
internal_count=67009 38698 38673 28146 26269 19367 11284
shrinkage=0.05


Tree=43
num_leaves=8
num_cat=0
split_feature=3 0 6 8 3 5 2
split_gain=21.2471 17.413 8.12084 7.69065 9.8901 12.385 17.3571
threshold=76.583333333333357 47.500000000000007 6.2500000000000009 1.0000000180025095e-35 95.250000000000014 3.6483983983983994 27.150000000000002
decision_type=8 2 10 2 8 8 8
left_child=1 -1 -3 4 -2 -6 -7
right_child=3 2 -4 -5 5 6 -8
leaf_value=-0.030991644373153243 -0.0015604941398748746 -0.0056600726971252555 0.037871868990102447 0.020686560544651383 0.008840379183952295 0.11340743331474173 0.0016655112221530264
leaf_count=28217 23601 10757 665 1938 1676 71 84
internal_value=0 -0.303009 -9.27164e-06 0.0871828 0.0481595 0.278022 1.17231
internal_count=67009 39639 11422 27370 25432 1831 155
shrinkage=0.05


Tree=44
num_leaves=8
num_cat=0
split_feature=4 6 0 2 0 0 3
split_gain=19.8922 9.57593 8.50564 7.36894 10.8207 13.795 12.0667
threshold=117.25000000000001 12.050000000000002 34.500000000000007 23.950000000000003 57.500000000000007 59.500000000000007 87.833333333333357
decision_type=8 10 2 8 2 2 10
left_child=-1 2 -2 4 6 -6 -4
right_child=1 -3 3 -5 5 -7 -8
leaf_value=-0.019836139933792424 -0.027226819484835477 0.10760715424939316 -0.017672257919225835 0.008204106455135118 0.046679263983150032 -0.0074024873119321738 0.0057217622724818271
leaf_count=28311 3518 25 15056 16147 682 728 2542
internal_value=0 0.0616179 0.0547553 0.075695 -0.0519063 0.385898 -0.143717
internal_count=67009 38698 38673 35155 19008 1410 17598
shrinkage=0.05


Tree=45
num_leaves=8
num_cat=0
split_feature=3 2 3 5 3 0 5
split_gain=18.4206 9.42675 9.54076 15.3159 11.443 12.03 9.37449
threshold=68.833333333333357 24.150000000000002 85.833333333333357 0.92893217893217905 81.833333333333357 43.500000000000007 2.1307911617961515
decision_type=8 8 10 8 10 2 8
left_child=-1 2 3 4 5 -2 -4
right_child=1 -3 6 -5 -6 -7 -8
leaf_value=-0.022650855903564873 -0.027943596582834934 0.0075731795131170317 -0.005568751480098443 -0.015949752530813974 -0.034083281805161396 0.12775639632830735 0.019850506138796239
leaf_count=21605 377 18366 2672 21589 174 454 1772
internal_value=0 0.0495896 -0.081688 -0.250093 1.09945 1.81205 0.101624
internal_count=67009 45404 27038 22594 1005 831 4444
shrinkage=0.05


Tree=46
num_leaves=8
num_cat=0
split_feature=4 6 0 4 5 5 4
split_gain=17.1292 8.54038 7.97876 8.44493 8.26744 10.3861 9.27569
threshold=117.25000000000001 12.050000000000002 50.500000000000007 145.16666666666671 1.5751712328767125 2.5034246575342469 130.83333333333334
decision_type=8 10 2 10 10 10 10
left_child=-1 2 3 4 -2 6 -6
right_child=1 -3 -4 -5 5 -7 -8
leaf_value=-0.018770732107958373 -0.025069675242914719 0.098934016672002426 0.0086229486636476751 0.0088432042737074095 -0.010212822854798758 -0.014119078163242352 0.019442554788948463
leaf_count=28311 6902 25 10527 1877 7005 8720 3642
internal_value=0 0.0560988 0.0494765 -0.0462344 -0.14513 -0.0572372 0.15776
internal_count=67009 38698 38673 28146 26269 19367 10647
shrinkage=0.05


Tree=47
num_leaves=8
num_cat=0
split_feature=3 2 0 0 3 5 6
split_gain=16.0983 8.30266 8.42249 19.0888 11.4362 9.95382 7.95174
threshold=68.833333333333357 24.150000000000002 58.500000000000007 59.500000000000007 85.833333333333357 2.1307911617961515 5.3500000000000005
decision_type=8 8 2 2 10 8 10
left_child=-1 2 4 -4 -2 -6 -7
right_child=1 -3 3 -5 5 6 -8
leaf_value=-0.021608466556643686 -0.017401028309110667 0.0070154839712808868 0.061373857372995888 -0.0093793709085640293 -0.0082733319230975204 0.038619439237593506 0.0011042826196790221
leaf_count=21605 21643 18366 389 845 2519 834 808
internal_value=0 0.0454421 -0.0783598 0.350261 -0.142004 0.0647519 0.383967
internal_count=67009 45404 27038 1234 25804 4161 1642
shrinkage=0.05


Tree=48
num_leaves=8
num_cat=0
split_feature=3 6 0 2 4 1 5
split_gain=14.8407 8.27046 7.50194 7.4074 8.02209 6.89229 6.25761
threshold=68.833333333333357 12.050000000000002 54.500000000000007 24.150000000000002 130.83333333333334 1.5000000000000002 2.8828431372549024
decision_type=8 10 2 8 10 2 8
left_child=2 3 -1 4 -2 -4 -5
right_child=1 -3 5 6 -6 -7 -8
leaf_value=-0.028159271719715204 -0.014448673163390935 0.095966305014288086 0.044137535312130743 0.010685778485425332 0.0022620057591562319 -0.023429947091925057 -0.0025729330111799271
leaf_count=20228 19460 25 708 12168 7571 669 6180
internal_value=0 0.0430952 -0.419817 0.0368089 -0.0806158 0.249003 0.126057
internal_count=67009 45404 21605 45379 27031 1377 18348
shrinkage=0.05


Tree=49
num_leaves=8
num_cat=0
split_feature=0 3 2 2 8 6 6
split_gain=14.2455 11.487 9.12141 7.3858 6.25345 6.42326 5.39848
threshold=41.500000000000007 82.833333333333357 33.750000000000007 20.350000000000005 1.0000000180025095e-35 6.2500000000000009 10.950000000000001
decision_type=2 10 8 10 2 8 10
left_child=1 -1 3 -2 -3 -6 -5
right_child=2 4 -4 6 5 -7 -8
leaf_value=-0.029827226531130641 -0.014118228561592472 -0.0048975325429128679 0.032738311158828942 0.0031903532298944558 0.085977295576517232 -0.018163315801246568 0.06733875433351634
leaf_count=19897 8675 2704 673 34899 67 39 55
internal_value=0 -0.304778 0.0579648 0.0345304 -0.00132026 0.984975 0.0714146
internal_count=67009 22707 44302 43629 2810 106 34954
shrinkage=0.05


Tree=50
num_leaves=8
num_cat=0
split_feature=3 6 4 8 0 2 4
split_gain=13.1032 7.08204 8.1602 8.19253 11.2781 11.7186 10.7979
threshold=68.833333333333357 6.8500000000000005 169.50000000000003 1.0000000180025095e-35 58.500000000000007 29.550000000000004 135.83333333333334
decision_type=8 10 10 2 2 8 10
left_child=-1 2 3 4 6 -6 -2
right_child=1 -3 -4 -5 5 -7 -8
leaf_value=-0.020057443667949121 -0.012463096098389512 0.02114735573052047 0.027778422156985186 0.016854040284181759 0.011804357296928074 0.097722806957592986 0.0020071304976167761
leaf_count=21605 31804 1229 223 2456 1666 61 7965
internal_value=0 0.0399883 0.0138743 -0.00878081 -0.0457892 0.362026 -0.0934935
internal_count=67009 45404 44175 43952 41496 1727 39769
shrinkage=0.05


Tree=51
num_leaves=8
num_cat=0
split_feature=0 3 2 2 8 6 2
split_gain=12.637 10.549 7.78801 6.51828 5.36902 5.50607 5.04078
threshold=41.500000000000007 82.833333333333357 33.750000000000007 20.350000000000005 1.0000000180025095e-35 6.2500000000000009 32.250000000000007
decision_type=2 10 8 10 2 8 10
left_child=1 -1 3 -2 -3 -6 -5
right_child=2 4 -4 6 5 -7 -8
leaf_value=-0.028947125737330038 -0.013427132547333215 -0.0047197071930351574 0.029842040750361704 0.0039750229752411039 0.076658376944199594 -0.018185021860476568 -0.03056019156040532
leaf_count=19897 8675 2704 673 34686 67 39 268
internal_value=0 -0.290363 0.0542201 0.0322669 -0.00262496 0.888508 0.0665153
internal_count=67009 22707 44302 43629 2810 106 34954
shrinkage=0.05


Tree=52
num_leaves=8
num_cat=0
split_feature=2 4 0 5 6 4 0
split_gain=11.8163 11.6773 7.54399 5.04017 4.64954 5.15566 5.70002
threshold=22.450000000000003 134.83333333333334 34.500000000000007 4.0202040816326532 6.8500000000000005 168.33333333333334 45.500000000000007
decision_type=8 10 2 8 10 10 2
left_child=1 -1 -2 -3 5 -4 -7
right_child=2 3 4 -5 -6 6 -8
leaf_value=-0.019647618850943686 -0.027435324433643396 0.0020365821323303631 0.0023415875586674838 0.076560670431564448 0.020602586418816612 -0.010798434775538435 0.043642954028286322
leaf_count=28783 3277 3005 30605 56 1118 56 109
internal_value=0 -0.201063 0.0740717 0.0806535 0.0952964 0.0683944 0.542161
internal_count=67009 31844 35165 3061 31888 30770 165
shrinkage=0.05


Tree=53
num_leaves=8
num_cat=0
split_feature=0 3 2 2 4 5 5
split_gain=11.056 9.82393 6.71765 5.51269 4.84939 8.13773 6.02635
threshold=41.500000000000007 82.833333333333357 33.750000000000007 20.350000000000005 137.83333333333334 2.2713075060532693 3.1181455633100703
decision_type=2 10 8 10 10 8 8
left_child=1 -1 3 -2 5 -4 -7
right_child=2 -3 4 -5 -6 6 -8
leaf_value=-0.028079356925271793 -0.012535136336467988 2.7682601197790966e-05 -0.0015893249842298099 0.0030285120100428842 0.0092173477111260095 0.12862932262468479 0.019553370197074191
leaf_count=19897 8675 2810 231 34954 189 154 99
internal_value=0 -0.274947 0.0501627 0.0295379 0.546879 1.07945 1.77977
internal_count=67009 22707 44302 43629 673 484 253
shrinkage=0.05


Tree=54
num_leaves=8
num_cat=0
split_feature=3 0 6 1 0 0 8
split_gain=10.5633 6.83918 6.69493 6.14423 5.42835 13.0602 9.05186
threshold=68.833333333333357 54.500000000000007 12.050000000000002 1.5000000000000002 58.500000000000007 59.500000000000007 1.0000000180025095e-35
decision_type=8 2 10 2 2 2 2
left_child=1 -1 4 -3 6 -6 -2
right_child=2 3 -4 -5 5 -7 -8
leaf_value=-0.025926731352698081 -0.0021514829622593604 0.042384452374928439 0.082584427729323492 -0.022034347309646901 0.040230476586089692 -0.0019128701696938897 0.017113103249893635
leaf_count=20228 40776 708 25 669 662 1382 2559
internal_value=0 -0.369897 0.035273 0.267249 0.0294023 0.277828 -0.00141135
internal_count=67009 21605 45404 1377 45379 2044 43335
shrinkage=0.05


Tree=55
num_leaves=8
num_cat=0
split_feature=2 4 0 5 6 4 4
split_gain=9.86071 10.4255 6.55211 4.5542 3.85581 4.56878 5.29836
threshold=22.450000000000003 134.83333333333334 34.500000000000007 4.0202040816326532 6.8500000000000005 168.33333333333334 172.50000000000003
decision_type=8 10 2 8 10 10 10
left_child=1 -1 -2 -3 5 -4 -7
right_child=2 3 4 -5 -6 6 -8
leaf_value=-0.018600524072001492 -0.026333941163836264 0.0019839873050800038 0.0020682073315280384 0.071522924056526868 0.018546451861739213 0.053888442682831231 0.0042274796725132241
leaf_count=28783 3277 3005 30605 56 1118 70 95
internal_value=0 -0.185723 0.0671829 0.0783162 0.0864146 0.0617486 0.503395
internal_count=67009 31844 35165 3061 31888 30770 165
shrinkage=0.05


Tree=56
num_leaves=8
num_cat=0
split_feature=0 3 2 0 0 3 6
split_gain=9.42694 8.87018 5.87245 4.60745 10.3745 7.68605 8.76691
threshold=41.500000000000007 82.833333333333357 33.750000000000007 58.500000000000007 59.500000000000007 87.833333333333357 8.4500000000000011
decision_type=2 10 8 2 2 10 8
left_child=1 -1 3 5 -5 -2 -7
right_child=2 -3 -4 4 -6 6 -8
leaf_value=-0.026971622814516857 -0.005837289779114567 8.0765960243318877e-05 0.025226137575131126 0.034759598058215817 -0.0014118652883481197 0.0015511364492384085 0.025280747427860007
leaf_count=19897 35913 2810 673 800 1737 4130 1049
internal_value=0 -0.257163 0.0460505 0.026575 0.2443 -0.00682377 0.12005
internal_count=67009 22707 44302 43629 2537 41092 5179
shrinkage=0.05


Tree=57
num_leaves=8
num_cat=0
split_feature=3 0 6 1 0 5 3
split_gain=8.7897 6.22681 5.82243 5.44781 4.81117 6.14901 13.4105
threshold=68.833333333333357 54.500000000000007 12.050000000000002 1.5000000000000002 50.500000000000007 1.0489804078368652 81.583333333333357
decision_type=8 2 10 2 2 10 10
left_child=1 -1 4 -3 -2 6 -6
right_child=2 3 -4 -5 5 -7 -8
leaf_value=-0.024670601402742555 -0.0023552702911766085 0.03930672663410948 0.075057304262543798 -0.021310884656972867 0.093097991504462504 0.0043746671002595243 -0.0037202451174348709
leaf_count=20228 33127 708 25 669 385 11614 253
internal_value=0 -0.344494 0.0317361 0.257607 0.0261345 0.11849 0.756031
internal_count=67009 21605 45404 1377 45379 12252 638
shrinkage=0.05


Tree=58
num_leaves=8
num_cat=0
split_feature=2 4 0 5 0 5 4
split_gain=8.5602 9.12332 5.71642 4.21527 9.25978 7.7062 4.84422
threshold=22.450000000000003 134.83333333333334 34.500000000000007 1.6339745791824116 57.500000000000007 1.0489804078368652 150.25000000000003
decision_type=8 10 2 8 2 10 10
left_child=1 -1 -2 4 -3 -6 -5
right_child=2 3 -4 6 5 -7 -8
leaf_value=-0.017654548966630292 -0.025231199145833851 -0.021336114090532474 0.003994692752005171 0.02256100091771697 0.10560103281337135 0.00075647669158204279 -0.01000581482945152
leaf_count=28783 3277 1209 31888 1485 35 95 237
internal_value=0 -0.174392 0.0623785 0.069967 -0.188779 0.818531 0.251264
internal_count=67009 31844 35165 3061 1339 130 1722
shrinkage=0.05


Tree=59
num_leaves=8
num_cat=0
split_feature=0 3 2 4 5 2 8
split_gain=7.95434 8.05455 5.26546 9.89755 6.01221 4.59706 4.44737
threshold=41.500000000000007 82.833333333333357 34.550000000000004 135.16666666666671 3.1368092691622107 31.150000000000002 1.0000000180025095e-35
decision_type=2 10 10 8 10 10 2
left_child=1 5 -2 4 -4 -1 -3
right_child=2 6 3 -5 -6 -7 -8
leaf_value=-0.029316512280404508 0.0013724432331118763 -0.0040793901845964748 0.11980720343919418 0.0046179354280416361 -0.0053273238592592403 0.029671083178670989 0.039759535423244396
leaf_count=19482 44038 2704 91 133 40 415 106
internal_value=0 -0.23928 0.0419593 0.592589 1.78109 -0.517355 0.00484947
internal_count=67009 22707 44302 264 131 19897 2810
shrinkage=0.05


Tree=60
num_leaves=8
num_cat=0
split_feature=4 2 7 2 0 6 0
split_gain=7.57905 6.17791 7.16593 5.32749 5.27463 4.76514 4.34255
threshold=117.25000000000001 24.650000000000002 1.0000000180025095e-35 24.850000000000005 31.500000000000004 12.050000000000002 52.500000000000007
decision_type=8 10 2 10 2 10 2
left_child=1 2 6 -3 -2 -6 -1
right_child=4 3 -4 -5 5 -7 -8
leaf_value=-0.030158864226198998 -0.029088668661684816 0.07444000138069877 0.073681446339596002 0.00053259631400688829 0.0021053256697149102 0.066831854406314714 -0.0012208546664674196
leaf_count=21330 2619 404 167 3640 36055 24 2770
internal_value=0 -0.271299 -0.411468 0.204669 0.0352858 0.0476442 -0.460018
internal_count=67009 28311 24267 4044 38698 36079 24100
shrinkage=0.05


Tree=61
num_leaves=8
num_cat=0
split_feature=2 4 0 5 6 0 5
split_gain=7.22096 7.97233 4.80789 4.10822 3.85247 3.25993 8.53062
threshold=22.450000000000003 134.83333333333334 34.500000000000007 4.0202040816326532 5.6500000000000012 53.500000000000007 1.1592555994729909
decision_type=8 10 2 8 10 2 8
left_child=1 5 4 -3 -2 -1 -7
right_child=2 3 -4 -5 -6 6 -8
leaf_value=-0.021686994156153369 -0.033691932585458224 0.0013887491716541957 0.0036339328060318284 0.066054369967259649 0.029535223308315591 0.056695383806607741 -0.013453173302577032
leaf_count=25720 3006 3005 31888 56 271 409 2654
internal_value=0 -0.161491 0.0570967 0.0647454 -0.476643 -0.332801 -0.0545441
internal_count=67009 31844 35165 3061 3277 28783 3063
shrinkage=0.05


Tree=62
num_leaves=8
num_cat=0
split_feature=0 3 2 4 5 2 5
split_gain=6.61277 7.16307 4.66058 8.38673 4.86746 4.27744 4.25006
threshold=41.500000000000007 82.833333333333357 34.550000000000004 135.83333333333334 3.1368092691622107 31.150000000000002 2.3398113207547175
decision_type=2 10 10 10 10 10 10
left_child=1 5 -2 4 6 -1 -4
right_child=2 -3 3 -5 -6 -7 -8
leaf_value=-0.028167832235801334 0.0012174770509683413 0.00033224537273236705 0.024515951632687799 0.0041089897944559051 -0.0053357945783661827 0.028371021297738247 0.14843877318957668
leaf_count=19482 44038 2810 44 133 40 415 47
internal_value=0 -0.220862 0.0381304 0.54968 1.6001 -0.492622 2.11436
internal_count=67009 22707 44302 264 131 19897 91
shrinkage=0.05


Tree=63
num_leaves=8
num_cat=0
split_feature=2 4 0 5 3 6 2
split_gain=6.37903 7.2277 4.37262 3.83354 3.3497 7.37691 5.17281
threshold=22.450000000000003 134.83333333333334 31.500000000000004 4.0202040816326532 100.83333333333336 5.1500000000000012 25.050000000000004
decision_type=8 10 2 10 8 10 10
left_child=1 -1 -2 -3 -4 -6 -7
right_child=2 3 4 -5 5 6 -8
leaf_value=-0.015926841438227073 -0.02851592752567314 0.0014815262716918239 0.0018995996634649731 0.071218984240522962 0.040854772115316566 -0.023095406055084085 0.013453259809244868
leaf_count=28783 2308 3038 32293 23 165 122 277
internal_value=0 -0.152609 0.0535697 0.0614088 0.0656425 0.280536 0.0652248
internal_count=67009 31844 35165 3061 32857 564 399
shrinkage=0.05


Tree=64
num_leaves=8
num_cat=0
split_feature=0 3 6 5 6 6 7
split_gain=6.21844 10.0963 10.6446 8.32477 5.57686 7.41656 5.56355
threshold=50.500000000000007 77.833333333333357 5.9500000000000011 2.1209508881922678 7.0500000000000007 7.5500000000000007 1.0000000180025095e-35
decision_type=2 10 10 8 10 10 2
left_child=1 2 -1 -4 -2 6 -6
right_child=4 -3 3 -5 5 -7 -8
leaf_value=-0.023206701446955039 0.0033456331696883786 1.8344805236945157e-07 0.097847344702932104 -0.0083335673727842115 0.086963585464957249 0.0027258302458764167 0.0057799794213674021
leaf_count=32859 14954 17329 593 770 137 277 90
internal_value=0 -0.0793538 -0.371212 0.814415 0.100739 0.585809 1.22073
internal_count=67009 51551 34222 1363 15458 504 227
shrinkage=0.05


Tree=65
num_leaves=8
num_cat=0
split_feature=0 3 2 2 2 0 0
split_gain=5.68354 11.1825 6.4032 5.55691 5.34162 4.87262 6.94188
threshold=46.500000000000007 77.833333333333357 32.45000000000001 21.250000000000004 41.750000000000007 58.500000000000007 59.500000000000007
decision_type=2 10 10 10 8 2 2
left_child=1 2 -1 5 -3 -2 -7
right_child=3 4 -4 -5 -6 6 -8
leaf_value=-0.02622725664486994 -0.014996909169423436 -0.0011614742036732413 0.061140715547085271 0.0055751133228237318 0.061259785863010341 0.050340531265868516 -0.012762959606169119
leaf_count=27805 7087 12229 249 18898 58 216 467
internal_value=0 -0.112573 -0.47311 0.0649053 -0.00352125 -0.175926 0.303748
internal_count=67009 40341 28054 26668 12287 7770 683
shrinkage=0.05


Tree=66
num_leaves=8
num_cat=0
split_feature=2 0 3 4 2 2 5
split_gain=5.39902 9.85032 7.54473 4.44698 4.1846 9.00104 5.32333
threshold=25.850000000000005 44.500000000000007 93.833333333333357 112.33333333333336 23.250000000000004 23.650000000000002 1.7467510548523209
decision_type=8 2 10 10 10 8 8
left_child=1 2 -1 -3 -4 -6 -7
right_child=-2 3 4 -5 5 6 -8
leaf_value=-0.022707240151229127 0.0054159146767876771 -0.017565609882051785 -0.014104761209834222 0.0023235313718981167 0.10665727824611358 0.057600687692682374 -0.013551243445155453
leaf_count=26534 12488 7765 211 19814 27 44 126
internal_value=0 -0.0640599 -0.321832 0.0141832 0.174355 0.53274 0.123918
internal_count=67009 54521 26942 27579 408 197 170
shrinkage=0.05


Tree=67
num_leaves=8
num_cat=0
split_feature=2 6 8 5 6 3 6
split_gain=4.97214 4.82989 4.51426 8.56834 7.74736 7.4598 9.44291
threshold=20.450000000000003 12.050000000000002 1.0000000180025095e-35 1.2511261261261264 5.4500000000000011 95.250000000000014 8.8500000000000032
decision_type=8 10 2 8 10 8 8
left_child=-1 2 5 4 -4 -2 -7
right_child=1 -3 3 -5 -6 6 -8
leaf_value=-0.01198514658230695 -0.0033214803332285814 0.066151777011783403 -0.012239712316648553 0.0078830769622509865 0.11534145217222412 0.0040723026999706915 0.039475882425154749
leaf_count=15863 46408 26 68 2875 101 1401 267
internal_value=0 0.026838 0.0214799 0.246246 1.50107 -0.00729684 0.196003
internal_count=67009 51146 51120 3044 169 48076 1668
shrinkage=0.05


Tree=68
num_leaves=8
num_cat=0
split_feature=0 4 2 5 5 5 2
split_gain=4.94696 8.08881 5.52572 6.5022 7.22454 6.92445 11.3512
threshold=50.500000000000007 109.25000000000001 19.850000000000005 2.8981321342096162 3.6483983983983994 1.6681957186544345 21.050000000000004
decision_type=2 10 8 10 10 8 10
left_child=1 -1 -3 5 -5 -4 -7
right_child=-2 2 3 4 -6 6 -8
leaf_value=-0.029955296430118697 0.004479961643609357 -0.026105374750673267 -0.010082671710843755 -0.019814915128722577 0.0078993051968137204 0.051600510490055831 0.0050186644357190086
leaf_count=13111 15458 4872 8223 4993 2197 2032 16123
internal_value=0 -0.0709979 -0.0354174 -0.00739354 -0.217378 0.0729716 0.163004
internal_count=67009 51551 38440 33568 7190 26378 18155
shrinkage=0.05


Tree=69
num_leaves=8
num_cat=0
split_feature=0 0 3 3 6 6 5
split_gain=4.64845 9.06241 7.19981 6.95643 13.2284 6.94227 8.37301
threshold=58.500000000000007 59.500000000000007 78.833333333333357 86.833333333333357 5.3500000000000005 5.5500000000000007 2.3398113207547175
decision_type=2 2 10 10 8 10 8
left_child=2 3 5 4 -2 -1 -7
right_child=1 -3 -4 -5 -6 6 -8
leaf_value=-0.018269548315228697 -0.030689505234952459 -0.0018388653272875548 0.0014449213131181857 0.0019933052939133293 0.066970563775759245 0.020325742583727949 -0.017821849057914629
leaf_count=32147 120 1745 21692 175 509 6661 3960
internal_value=0 0.215406 -0.0275555 0.618497 0.971159 -0.212799 0.0691234
internal_count=67009 2549 64460 804 629 42768 10621
shrinkage=0.05


Tree=70
num_leaves=8
num_cat=0
split_feature=2 0 3 4 5 6 8
split_gain=4.56109 8.40837 6.90242 4.0382 7.44598 3.84272 4.54206
threshold=25.850000000000005 44.500000000000007 88.833333333333357 110.33333333333336 3.0064102564102568 8.5500000000000025 1.0000000180025095e-35
decision_type=8 2 10 8 10 10 2
left_child=1 2 -1 4 -2 -3 -7
right_child=3 5 -4 -5 -6 6 -8
leaf_value=-0.023663244734576983 -0.0026769345190845381 2.0627820568167221e-05 0.0030558795765851764 0.0041104443837658919 0.11216317385248638 0.069434040686536747 -0.028646630960464537
leaf_count=26049 740 27461 893 11424 324 98 20
internal_value=0 -0.0591914 -0.301714 0.099083 0.935963 0.0122217 0.878078
internal_count=67009 54521 26942 12488 1064 27579 118
shrinkage=0.05


Tree=71
num_leaves=8
num_cat=0
split_feature=7 3 6 6 3 4 2
split_gain=4.24836 11.2156 9.6289 6.03124 6.05538 14.8483 7.51218
threshold=1.0000000180025095e-35 89.166666666666671 5.9500000000000011 6.9500000000000011 89.583333333333357 158.50000000000003 22.950000000000003
decision_type=2 8 8 10 8 8 8
left_child=3 2 -2 4 5 -1 -7
right_child=1 -3 -4 -5 -6 6 -8
leaf_value=-0.0062111138753060636 0.1392934897196052 -0.023411420123211485 0.024929665814293952 0.022624787879750159 0.0042820717480275506 0.13819841085643386 0.014018863925634338
leaf_count=60768 72 130 901 643 4404 38 53
internal_value=0 0.335727 0.71163 -0.0160074 -0.0333509 -0.104428 1.54827
internal_count=67009 1103 973 65906 65263 60859 91
shrinkage=0.05


Tree=72
num_leaves=8
num_cat=0
split_feature=0 8 3 2 4 0 0
split_gain=4.08049 6.14814 5.84867 5.66091 5.30598 5.43506 4.92491
threshold=41.500000000000007 1.0000000180025095e-35 92.833333333333357 31.950000000000003 134.16666666666671 39.500000000000007 39.500000000000007
decision_type=2 2 10 8 10 2 2
left_child=1 2 -1 6 -4 -6 -3
right_child=-2 3 4 -5 5 -7 -8
leaf_value=-0.01952421470853373 0.0015023016911715767 -0.013235689756512022 0.071828441224509793 -0.034642566591755873 0.022875335634848872 -0.020871143778746687 0.080938540782377791
leaf_count=21835 44302 138 72 37 197 212 216
internal_value=0 -0.178151 -0.242795 0.666573 0.139706 9.89404e-05 1.11285
internal_count=67009 22707 22316 391 481 409 354
shrinkage=0.05


Tree=73
num_leaves=8
num_cat=0
split_feature=2 0 0 3 6 5 6
split_gain=4.03176 5.83501 8.14318 7.75529 6.5011 6.22373 6.25695
threshold=24.150000000000002 57.500000000000007 59.500000000000007 86.833333333333357 6.9500000000000011 1.566838487972509 5.4500000000000011
decision_type=8 2 2 10 10 8 10
left_child=1 3 -3 -1 -4 -5 -7
right_child=-2 2 4 5 -6 6 -8
leaf_value=-0.014203967374751734 0.0032084226260643092 0.028031085832431791 -0.01574442623517245 -0.015702516336833384 0.068848052099250212 0.020224099996782346 -0.0069245021652344189
leaf_count=39475 22000 1090 1084 1014 45 1453 848
internal_value=0 -0.0811736 0.205863 -0.140851 -0.180026 0.0513412 0.190844
internal_count=67009 45009 2219 42790 1129 3315 2301
shrinkage=0.05


Tree=74
num_leaves=8
num_cat=0
split_feature=6 0 4 5 5 5 4
split_gain=3.88918 4.01747 6.7223 4.98806 7.19844 7.19119 6.95431
threshold=12.250000000000002 50.500000000000007 109.25000000000001 2.9306335204490783 1.6681957186544345 3.6483983983983994 120.25000000000001
decision_type=10 2 10 10 8 10 10
left_child=1 2 -1 4 -4 -5 -7
right_child=-2 -3 3 5 -6 6 -8
leaf_value=-0.028433402881151728 0.061280285836131224 0.0038143137666979219 -0.011414306013504403 -0.020947086382942251 0.0060495842740103771 0.072033827839194778 -0.00054375441393587085
leaf_count=13111 23 15452 11332 4758 20121 639 1573
internal_value=0 -0.00343427 -0.0685457 -0.0368943 0.027973 -0.228074 0.138753
internal_count=67009 66986 51534 38423 31453 6970 2212
shrinkage=0.05


Tree=75
num_leaves=8
num_cat=0
split_feature=2 0 3 4 0 5 2
split_gain=3.70004 6.99214 5.82967 3.88435 6.98376 6.61862 3.62085
threshold=25.850000000000005 44.500000000000007 93.833333333333357 110.33333333333336 47.500000000000007 2.9457002457002464 23.250000000000004
decision_type=8 2 10 8 2 10 10
left_child=1 2 -1 4 -2 -6 -4
right_child=3 -3 6 -5 5 -7 -8
leaf_value=-0.020261217880642234 -0.018453864576964542 0.00055203423534592663 -0.013979228908727069 0.0036314796987900301 0.0074440587011397608 0.14891768398671976 0.023643349105000072
leaf_count=26534 762 27579 211 11424 194 108 197
internal_value=0 -0.0532463 -0.278883 0.0891638 0.902773 1.76696 0.148397
internal_count=67009 54521 26942 12488 1064 302 408
shrinkage=0.05


Tree=76
num_leaves=8
num_cat=0
split_feature=7 3 6 6 4 3 2
split_gain=3.61189 9.96649 8.39215 5.08444 4.76855 8.49217 6.69353
threshold=1.0000000180025095e-35 89.166666666666671 5.9500000000000011 6.9500000000000011 155.16666666666671 89.166666666666671 22.950000000000003
decision_type=2 8 8 10 8 8 8
left_child=3 2 -2 4 -1 6 -6
right_child=1 -3 -4 -5 5 -7 -8
leaf_value=-0.0030831628351567896 0.12555028251131128 -0.02299132743077914 0.022575433303171029 0.020498663148518892 0.10663897768012441 0.0041504812663834051 0.014558159332973428
leaf_count=64224 72 130 901 643 64 871 104
internal_value=0 0.306727 0.649861 -0.0144589 -0.0306412 0.184657 1.12362
internal_count=67009 1103 973 65906 65263 1039 168
shrinkage=0.05


Tree=77
num_leaves=8
num_cat=0
split_feature=6 0 0 8 4 2 2
split_gain=3.53648 3.70158 7.2108 6.03294 7.68865 8.51628 6.18593
threshold=12.050000000000002 58.500000000000007 59.500000000000007 1.0000000180025095e-35 135.83333333333334 32.95000000000001 31.850000000000005
decision_type=10 2 2 2 10 10 10
left_child=1 3 -3 4 5 -1 -6
right_child=-2 2 -4 -5 6 -7 -8
leaf_value=-0.010735142897735188 0.052589424770813291 0.026705935147016892 -0.0020629377941678937 0.011950074748034754 0.0041726017913971385 0.039420378875711301 -0.020239248984350366
leaf_count=52328 27 804 1745 3106 8087 424 488
internal_value=0 -0.00331771 0.186336 -0.0285725 -0.0615567 -0.183877 0.0417471
internal_count=67009 66982 2549 64433 61327 52752 8575
shrinkage=0.05


Tree=78
num_leaves=8
num_cat=0
split_feature=2 0 6 4 6 5 4
split_gain=3.43297 3.94072 3.50681 2.80488 3.1051 4.13107 5.3038
threshold=20.450000000000003 30.500000000000004 12.250000000000002 159.25000000000003 5.4500000000000011 0.92893217893217905 145.16666666666671
decision_type=8 2 10 10 10 10 8
left_child=3 -2 -3 4 -1 -6 -7
right_child=1 2 -4 -5 5 6 -8
leaf_value=-0.021031298183743708 -0.028470986265687826 0.0013869745861577725 0.05945361313748946 0.023521002505374502 0.05928626008900037 -0.015875434924258497 0.042792803703783515
leaf_count=10948 3205 47919 22 72 342 4431 70
internal_value=0 0.0227141 0.0321717 -0.203509 -0.257192 0.016135 -0.110909
internal_count=67009 51146 47941 15863 15791 4843 4501
shrinkage=0.05


Tree=79
num_leaves=8
num_cat=0
split_feature=2 0 3 4 0 5 4
split_gain=3.16006 6.07627 5.29347 3.68701 6.16126 7.01629 3.59031
threshold=25.850000000000005 44.500000000000007 88.833333333333357 110.33333333333336 47.500000000000007 3.0064102564102568 177.50000000000003
decision_type=8 2 10 8 2 10 10
left_child=1 2 -1 4 -2 -6 -5
right_child=3 -3 -4 6 5 -7 -8
leaf_value=-0.021218632645132206 -0.017831549201501828 0.00051983214683599098 0.0024615292120876379 0.0023958339158673936 0.0048059648695081792 0.14472629868241413 0.03715994678157742
leaf_count=26049 762 27579 893 11381 204 98 43
internal_value=0 -0.0490019 -0.262325 0.0825331 0.8679 1.64404 0.0663755
internal_count=67009 54521 26942 12488 1064 302 11424
shrinkage=0.05


Tree=80
num_leaves=8
num_cat=0
split_feature=0 5 5 8 4 2 2
split_gain=3.08486 6.762 6.28626 5.44063 6.45671 7.22076 5.77241
threshold=58.500000000000007 1.0489804078368652 2.2713075060532693 1.0000000180025095e-35 135.83333333333334 32.95000000000001 31.850000000000005
decision_type=2 10 10 2 10 10 10
left_child=3 -2 -3 4 5 -1 -6
right_child=1 2 -4 -5 6 -7 -8
leaf_value=-0.0098148770127435229 0.061671139695503543 -0.0074461531831985983 0.019358788473514035 0.011424528534686123 0.0040015687614723648 0.035408796816298584 -0.019714357430470741
leaf_count=52339 131 1369 1049 3116 8092 425 488
internal_value=0 0.173457 0.102568 -0.0219138 -0.053679 -0.166892 0.0402666
internal_count=67009 2549 2418 64460 61344 52764 8580
shrinkage=0.05


Tree=81
num_leaves=8
num_cat=0
split_feature=4 4 6 3 6 2 5
split_gain=2.9761 3.33121 5.06258 3.67325 3.22957 3.19331 3.18344
threshold=100.25000000000001 103.16666666666667 5.5500000000000007 68.833333333333357 12.250000000000002 24.250000000000004 1.8343137254901962
decision_type=8 8 10 8 10 10 8
left_child=5 2 -2 6 -5 -1 -3
right_child=1 3 -4 4 -6 -7 -8
leaf_value=-0.033050865319042604 -0.0011286215972032873 -0.030471899904159383 0.08426984882796841 0.00076912905256706736 0.055743166279144829 0.031868833100317358 -0.0020705276035267134
leaf_count=5335 2038 6770 657 44608 21 369 7211
internal_value=0 0.00937912 0.692234 0.00296252 0.0195267 -0.470623 -0.290436
internal_count=67009 61305 2695 58610 44629 5704 13981
shrinkage=0.05


Tree=82
num_leaves=8
num_cat=0
split_feature=2 0 6 2 0 2 4
split_gain=2.82794 3.53609 2.93005 2.61666 2.59644 3.35044 3.71864
threshold=20.450000000000003 30.500000000000004 12.050000000000002 16.950000000000003 58.500000000000007 19.050000000000004 140.83333333333334
decision_type=8 2 10 10 2 8 10
left_child=3 -2 -3 -1 -5 -6 -7
right_child=1 2 -4 4 5 6 -8
leaf_value=0.02839909792507346 -0.027568505476002876 0.0012487931327279257 0.048654696919128153 -0.015619161064035277 -0.021742253933746892 0.0035986409633624924 0.079415716782093901
leaf_count=963 3205 47916 25 14475 163 239 23
internal_value=0 0.0207288 0.0295036 -0.186592 -0.231947 0.222055 0.646817
internal_count=67009 51146 47941 15863 14900 425 262
shrinkage=0.05


Tree=83
num_leaves=8
num_cat=0
split_feature=7 3 6 4 2 4 6
split_gain=2.72088 8.91181 7.41576 4.31442 6.63479 5.47844 4.2152
threshold=1.0000000180025095e-35 89.166666666666671 5.9500000000000011 142.83333333333334 30.150000000000002 121.16666666666667 6.9500000000000011
decision_type=2 8 8 10 8 8 10
left_child=6 2 -2 4 5 -4 -1
right_child=1 -3 3 -5 -6 -7 -8
leaf_value=-0.0013560138818842658 0.11288600321142035 -0.023217149275971575 0.037811097042619465 0.055520796208718873 0.053497943536045423 -0.02706461767959132 0.018474652936199178
leaf_count=65263 72 130 297 65 129 410 643
internal_value=0 0.262699 0.576618 0.393 0.147812 -0.198206 -0.0121441
internal_count=67009 1103 973 901 836 707 65906
shrinkage=0.05


Tree=84
num_leaves=8
num_cat=0
split_feature=4 4 6 5 3 6 5
split_gain=2.71294 3.07819 4.32253 4.57795 3.32941 3.0179 3.00806
threshold=100.25000000000001 103.16666666666667 5.5500000000000007 1.9251865671641795 68.833333333333357 5.2500000000000009 1.8343137254901962
decision_type=8 8 10 10 8 8 8
left_child=5 2 -2 -4 6 -1 -3
right_child=1 4 3 -5 -6 -7 -8
leaf_value=0.01952861827134526 -0.00084170460921858788 -0.02980154409742098 0.12139451622297409 -0.0026529513854458911 0.00092901715974548949 -0.035451763892106559 -0.0019194640058053459
leaf_count=1574 2038 6770 371 286 44629 4130 7211
internal_value=0 0.00917074 0.659115 1.53977 0.00294067 -0.455476 -0.278786
internal_count=67009 61305 2695 657 58610 5704 13981
shrinkage=0.05


Tree=85
num_leaves=8
num_cat=0
split_feature=0 0 3 5 0 4 1
split_gain=2.68723 6.19647 6.06962 5.53961 5.48847 5.33945 5.0131
threshold=58.500000000000007 59.500000000000007 78.583333333333357 2.7122249896222503 63.500000000000007 136.16666666666671 1.5000000000000002
decision_type=2 2 10 10 2 8 2
left_child=-1 2 5 4 -3 6 -2
right_child=1 3 -4 -5 -6 -7 -8
leaf_value=-0.0010119104334230019 0.048575901116594385 -0.022546615155774087 0.010151344199348492 0.024690046953046548 0.016357506365477236 0.11418301556061664 -0.032842470253811734
leaf_count=64460 280 974 405 391 380 25 94
internal_value=0 0.161434 0.476845 -0.0501837 -0.227551 1.09407 0.592333
internal_count=67009 2549 804 1745 1354 399 374
shrinkage=0.05


Tree=86
num_leaves=8
num_cat=0
split_feature=3 6 3 4 4 2 6
split_gain=2.6097 5.70651 7.35133 5.07916 4.807 4.44287 5.8649
threshold=100.83333333333336 4.9500000000000011 102.25000000000001 169.50000000000003 163.33333333333334 29.050000000000004 6.1500000000000012
decision_type=10 10 8 10 10 10 10
left_child=3 2 -2 4 5 6 -1
right_child=1 -3 -4 -5 -6 -7 -8
leaf_value=-0.0043591377410236156 0.095079555975660091 0.0022706396305725018 0.013867768009882235 0.034823670435797247 -0.037566051125326273 0.0089955567676894416 0.011687380584835053
leaf_count=59922 32 599 96 86 119 3594 2561
internal_value=0 0.170903 0.732578 -0.0183568 -0.0285865 -0.0188206 -0.0518723
internal_count=67009 727 128 66282 66196 66077 62483
shrinkage=0.05


Tree=87
num_leaves=8
num_cat=0
split_feature=4 2 4 2 0 4 6
split_gain=2.48914 3.04862 2.89678 4.23147 5.25715 3.1332 3.58691
threshold=100.25000000000001 24.250000000000004 103.16666666666667 19.750000000000004 53.500000000000007 107.33333333333336 5.1500000000000012
decision_type=8 10 8 8 2 8 8
left_child=1 -1 3 -2 -5 6 -4
right_child=2 -3 5 4 -6 -7 -8
leaf_value=-0.031978558505543195 0.082332411781820325 0.031529796823013094 0.034023446322868446 -0.028145941638404615 0.067026143992529139 0.00054856778494882352 -0.036096274375987267
leaf_count=5335 878 369 778 1669 148 53990 3842
internal_value=0 -0.441642 0.00888062 0.634719 0.0522269 0.002791 -0.504138
internal_count=67009 5704 61305 2695 1817 58610 4620
shrinkage=0.05


Tree=88
num_leaves=8
num_cat=0
split_feature=0 4 5 5 5 4 4
split_gain=2.45658 5.13554 5.09944 6.19096 5.69031 5.67475 8.36437
threshold=50.500000000000007 109.25000000000001 2.9306335204490783 3.5747340425531924 1.6681957186544345 147.33333333333334 125.25000000000001
decision_type=2 10 10 10 8 10 10
left_child=1 -1 4 -4 -3 6 -5
right_child=-2 2 3 5 -6 -7 -8
leaf_value=-0.025736197585609012 0.0031653145282785644 -0.0095214461877909211 -0.020714311696855326 0.039728081036952863 0.0061866331056088259 0.032963686506349288 -0.022080395457953862
leaf_count=13111 15458 11333 4454 1195 20131 139 1188
internal_value=0 -0.0498958 -0.0235855 -0.217167 0.042249 0.0903143 -0.151724
internal_count=67009 51551 38440 6976 31464 2522 2383
shrinkage=0.05


Tree=89
num_leaves=8
num_cat=0
split_feature=6 0 5 8 2 5 4
split_gain=2.3895 2.47228 5.24142 4.01093 5.17771 4.52058 6.43252
threshold=12.050000000000002 41.500000000000007 1.3056703397612492 1.0000000180025095e-35 31.950000000000003 2.1862435947970047 142.83333333333334
decision_type=10 2 8 2 8 8 10
left_child=1 2 -1 -4 5 -5 -7
right_child=-2 -3 3 4 -6 6 -8
leaf_value=-0.040983752786763986 0.041276812124907199 0.0010087733399377651 -0.0066393350145582163 0.11125086554265762 -0.034880280566503226 -0.026128740751290864 0.074969690435274169
leaf_count=4135 27 44280 18193 82 37 235 20
internal_value=0 -0.00222271 -0.145511 -0.0700327 0.591379 1.00514 0.360123
internal_count=67009 66982 22702 18567 374 337 255
shrinkage=0.05


Tree=90
num_leaves=8
num_cat=0
split_feature=2 0 3 5 5 6 5
split_gain=2.32636 4.77438 4.42733 3.80135 13.4071 6.53925 5.22209
threshold=25.850000000000005 44.500000000000007 93.833333333333357 2.8389976958525351 2.7938842203548089 5.5500000000000007 3.7302494802494812
decision_type=8 2 10 8 8 8 10
left_child=1 2 -1 4 -3 -6 -5
right_child=-2 3 -4 6 5 -7 -8
leaf_value=-0.017701335376786222 0.003545725818003314 0.0015264093958331445 0.0065471747454434103 -0.017175492804643807 -0.0079472701952633031 0.11540930185550582 0.015504237737007194
leaf_count=26534 12488 23050 408 3444 102 164 819
internal_value=0 -0.0418386 -0.235169 0.0101025 0.0580777 1.65148 -0.200245
internal_count=67009 54521 26942 27579 23316 266 4263
shrinkage=0.05


Tree=91
num_leaves=8
num_cat=0
split_feature=0 5 5 4 1 8 3
split_gain=2.23829 5.87025 5.18393 4.91424 6.15367 4.3049 5.50103
threshold=58.500000000000007 1.0489804078368652 2.2713075060532693 121.16666666666667 1.5000000000000002 1.0000000180025095e-35 94.250000000000014
decision_type=2 10 10 10 2 2 8
left_child=5 -2 3 4 -3 -1 -7
right_child=1 2 -4 -5 -6 6 -8
leaf_value=-0.0023545853757049365 0.055365962849963715 0.058696107326642849 0.016608943751868388 -0.014202748038565308 -0.03341635806045315 0.016784774086785626 -0.015620870607045889
leaf_count=61344 131 319 1049 850 200 2958 158
internal_value=0 0.146662 0.080296 -0.149998 0.603938 -0.0183909 0.201975
internal_count=67009 2549 2418 1369 519 64460 3116
shrinkage=0.05


Tree=92
num_leaves=8
num_cat=0
split_feature=3 6 3 4 4 2 6
split_gain=2.30212 5.2009 6.22468 4.52487 4.57391 3.7876 4.93681
threshold=100.83333333333336 4.9500000000000011 102.25000000000001 169.50000000000003 163.33333333333334 29.050000000000004 6.1500000000000012
decision_type=10 10 8 10 10 10 10
left_child=3 2 -2 4 5 6 -1
right_child=1 -3 -4 -5 -6 -7 -8
leaf_value=-0.0040606606349137585 0.086572934908593885 0.001984330149763504 0.013256047576745637 0.032483282024898689 -0.037038204592717686 0.0082329105826516383 0.010559950321068712
leaf_count=59922 32 599 96 86 119 3594 2561
internal_value=0 0.160007 0.690118 -0.0172447 -0.02703 -0.0176019 -0.0483793
internal_count=67009 727 128 66282 66196 66077 62483
shrinkage=0.05


Tree=93
num_leaves=8
num_cat=0
split_feature=2 0 2 6 6 5 3
split_gain=2.12055 3.08784 2.63764 8.40393 2.50766 6.85838 7.06892
threshold=20.450000000000003 30.500000000000004 20.550000000000004 4.8500000000000005 5.2500000000000009 3.7734604105571852 60.833333333333336
decision_type=8 2 8 10 8 10 10
left_child=-1 -2 3 -3 5 6 -4
right_child=1 2 4 -5 -6 -7 -8
leaf_value=-0.0081810799098090328 -0.026459024458976549 0.11330548154104939 0.087555363783622567 -0.013160599435610449 -0.00025334126334471688 0.064835826615217751 0.0030868612243559216
leaf_count=15863 3205 158 820 549 37988 263 8163
internal_value=0 0.0182093 0.0262112 0.743198 0.0208687 0.161247 0.103905
internal_count=67009 51146 47941 707 47234 9246 8983
shrinkage=0.05


Tree=94
num_leaves=8
num_cat=0
split_feature=6 0 4 5 5 5 4
split_gain=2.11395 2.17707 4.44724 5.0509 5.56205 5.10369 5.08376
threshold=12.050000000000002 50.500000000000007 109.25000000000001 2.9306335204490783 3.5747340425531924 1.6681957186544345 147.33333333333334
decision_type=10 2 10 10 10 8 10
left_child=1 2 -1 5 -5 -4 -6
right_child=-2 -3 3 4 6 -7 -8
leaf_value=-0.0246582085220244 0.038366669479253046 0.0027965827223202571 -0.0092250527381532062 -0.020592295169190061 -0.0082514801516847883 0.0057737707035050521 0.029795958138271218
leaf_count=13111 27 15451 11331 4451 2379 20120 139
internal_value=0 -0.00181174 -0.0507989 -0.0265827 -0.221186 0.0388782 0.0696722
internal_count=67009 66982 51531 38420 6969 31451 2518
shrinkage=0.05


Tree=95
num_leaves=8
num_cat=0
split_feature=3 6 3 4 4 2 6
split_gain=2.01834 4.71712 5.32342 4.0396 4.32076 3.45388 6.30895
threshold=100.83333333333336 4.9500000000000011 102.25000000000001 169.50000000000003 163.33333333333334 30.750000000000004 5.2500000000000009
decision_type=10 10 8 10 10 10 10
left_child=3 2 -2 4 5 -1 -7
right_child=1 -3 -4 -5 -6 6 -8
leaf_value=-0.0019064933400018025 0.079194066038784136 0.0017194491067159777 0.01257013996314648 0.030373720282604957 -0.036431867762064113 0.044322142171099775 0.002621689030036573
leaf_count=64206 32 599 96 86 119 455 1416
internal_value=0 0.149479 0.648659 -0.0160288 -0.0253875 -0.0163327 0.218624
internal_count=67009 727 128 66282 66196 66077 1871
shrinkage=0.05


Tree=96
num_leaves=8
num_cat=0
split_feature=4 4 5 5 6 4 3
split_gain=1.99282 3.12377 4.09396 7.73629 3.03527 2.7055 2.62461
threshold=100.25000000000001 103.16666666666667 1.9251865671641795 1.3056703397612492 5.2500000000000009 95.250000000000014 68.833333333333357
decision_type=8 8 8 10 8 10 8
left_child=4 2 3 -2 5 -1 -3
right_child=1 6 -4 -5 -6 -7 -8
leaf_value=-0.025846672393637263 -0.027095588757736235 -0.012652997295759789 -0.010671159538175247 0.10486699122542514 -0.034018800560491023 0.054459856303534761 0.0007698259880288995
leaf_count=726 638 13981 1034 1023 4130 848 44629
internal_value=0 0.00802487 0.663755 1.26941 -0.407121 0.444623 0.00175576
internal_count=67009 61305 2695 1661 5704 1574 58610
shrinkage=0.05


Tree=97
num_leaves=8
num_cat=0
split_feature=0 3 0 5 5 5 3
split_gain=1.98138 5.79281 5.75516 4.89725 5.27749 5.22011 4.66203
threshold=58.500000000000007 60.833333333333336 59.500000000000007 2.7122249896222503 0.96647940074906391 2.8389976958525351 86.833333333333357
decision_type=2 10 2 10 8 8 10
left_child=-1 -2 6 4 -4 -5 -3
right_child=1 2 3 5 -6 -7 -8
leaf_value=-0.00086077509900042877 0.079466241228760337 0.033240578580988854 0.052339846506257393 0.071837274151738462 -0.018474415512778335 0.0021063511176287932 -0.0028425415398971323
leaf_count=64460 146 591 44 64 1224 305 175
internal_value=0 0.137659 0.0941431 -0.112031 -0.282175 0.394568 0.393942
internal_count=67009 2549 2403 1637 1268 369 766
shrinkage=0.05


Tree=98
num_leaves=8
num_cat=0
split_feature=0 0 5 5 5 4 3
split_gain=1.99773 4.40955 3.94317 3.95647 3.79351 2.24762 4.35255
threshold=63.500000000000007 68.500000000000014 1.8925824175824177 2.8539126016260163 1.5024752475247527 169.50000000000003 96.583333333333357
decision_type=2 2 10 10 8 10 10
left_child=5 2 4 -4 -2 -1 -7
right_child=1 -3 3 -5 -6 6 -8
leaf_value=-0.00085555874712803573 0.033692049630719485 -0.036546144652144973 0.069201284979354835 -0.0056432469417353366 -0.038787988317113359 0.048753286659454081 0.003142547869207537
leaf_count=66307 81 71 154 67 93 55 181
internal_value=0 0.348846 0.576296 0.988708 -0.0921569 -0.00564128 0.253222
internal_count=67009 466 395 221 174 66543 236
shrinkage=0.05


Tree=99
num_leaves=8
num_cat=0
split_feature=6 2 4 2 5 5 3
split_gain=1.95374 1.97729 3.73345 3.83729 5.97727 3.24952 2.95255
threshold=12.250000000000002 22.450000000000003 134.83333333333334 17.250000000000004 1.429401993355482 4.0202040816326532 77.166666666666671
decision_type=10 8 10 10 8 8 10
left_child=1 2 3 4 -1 6 -4
right_child=-2 -3 5 -5 -6 -7 -8
leaf_value=0.083931168986129942 0.039815514542152576 0.001363988874960337 0.033799562360078146 -0.013180504348267189 -0.029334780520882453 0.056683797013393912 -0.0013911256780336164
leaf_count=750 23 35146 482 27467 564 56 2521
internal_value=0 -0.00139219 -0.0910034 -0.225245 0.741416 0.0575681 0.0234916
internal_count=67009 66986 31840 28781 1314 3059 3003
shrinkage=0.05


end of trees

feature importances:
H25_age=154
H25_bmi=120
H25_sbp=117
H25_dbp=116
H25_lhrate=78
H25_a1c=77
H25_dl=27
H25_dm=6
H25_sex=5

parameters:
[boosting: gbdt]
[objective: binary]
[metric: binary]
[tree_learner: serial]
[device_type: cpu]
[data: ]
[valid: ]
[num_iterations: 100]
[learning_rate: 0.05]
[num_leaves: 8]
[num_threads: 0]
[max_depth: -1]
[min_data_in_leaf: 20]
[min_sum_hessian_in_leaf: 1]
[bagging_fraction: 0.4]
[bagging_freq: 0]
[bagging_seed: 3]
[feature_fraction: 1]
[feature_fraction_seed: 2]
[early_stopping_round: 0]
[max_delta_step: 0]
[lambda_l1: 0]
[lambda_l2: 1]
[min_gain_to_split: 0]
[drop_rate: 0.1]
[max_drop: 50]
[skip_drop: 0.5]
[xgboost_dart_mode: 0]
[uniform_drop: 0]
[drop_seed: 4]
[top_rate: 0.2]
[other_rate: 0.1]
[min_data_per_group: 100]
[max_cat_threshold: 32]
[cat_l2: 10]
[cat_smooth: 10]
[max_cat_to_onehot: 4]
[top_k: 20]
[monotone_constraints: ]
[feature_contri: ]
[forcedsplits_filename: ]
[refit_decay_rate: 0.9]
[verbosity: 0]
[max_bin: 255]
[min_data_in_bin: 3]
[bin_construct_sample_cnt: 200000]
[histogram_pool_size: -1]
[data_random_seed: 1]
[output_model: LightGBM_model.txt]
[snapshot_freq: -1]
[input_model: ]
[output_result: LightGBM_predict_result.txt]
[initscore_filename: ]
[valid_data_initscores: ]
[pre_partition: 0]
[enable_bundle: 1]
[max_conflict_rate: 0]
[is_enable_sparse: 1]
[sparse_threshold: 0.8]
[use_missing: 1]
[zero_as_missing: 0]
[two_round: 0]
[save_binary: 0]
[enable_load_from_binary_file: 1]
[header: 0]
[label_column: ]
[weight_column: ]
[group_column: ]
[ignore_column: ]
[categorical_feature: ]
[predict_raw_score: 0]
[predict_leaf_index: 0]
[predict_contrib: 0]
[num_iteration_predict: -1]
[pred_early_stop: 0]
[pred_early_stop_freq: 10]
[pred_early_stop_margin: 10]
[convert_model_language: ]
[convert_model: gbdt_prediction.cpp]
[num_class: 1]
[is_unbalance: 0]
[scale_pos_weight: 1]
[sigmoid: 1]
[boost_from_average: 1]
[reg_sqrt: 0]
[alpha: 0.9]
[fair_c: 1]
[poisson_max_delta_step: 0.7]
[tweedie_variance_power: 1.5]
[max_position: 20]
[label_gain: ]
[metric_freq: 1]
[is_provide_training_metric: 0]
[eval_at: ]
[num_machines: 1]
[local_listen_port: 12400]
[time_out: 120]
[machine_list_filename: ]
[machines: ]
[gpu_platform_id: -1]
[gpu_device_id: -1]
[gpu_use_dp: 0]

end of parameters

pandas_categorical:[]
