tree
version=v2
num_class=1
num_tree_per_iteration=1
label_index=0
max_feature_idx=8
objective=binary sigmoid:1
feature_names=H25_age H25_sex H25_bmi H25_dbp H25_sbp H25_lhrate H25_a1c H25_dm H25_dl
feature_infos=[18:74] [1:2] [0:56.200000000000003] [0:145] [0:223] [0.097560975609756101:8.8461538461538485] [2.7999999999999998:15.300000000000001] [0:1] [0:1]
tree_sizes=719 721 726 731 726 726 738 732 737 733 735 736 739 736 739 736 737 733 737 747 733 741 740 740 742 741 749 729 736 741 742 734 745 735 736 735 737 740 746 741 736 735 744 748 742 737 743 742 742 748 744 740 738 745 743 736 741 736 738 740 738 731 746 728 742 736 737 738 740 730 739 731 728 739 749 735 742 742 751 738 735 745 747 739 731 735 737 740 721 746 737 738 730 735 721 734 745 743 745 737

Tree=0
num_leaves=8
num_cat=0
split_feature=3 3 3 7 0 4 0
split_gain=1573.79 322.814 241.029 111.437 71.3078 60.4503 49.8009
threshold=89.583333333333357 100.83333333333336 81.583333333333357 1.0000000180025095e-35 58.500000000000007 135.83333333333334 41.500000000000007
decision_type=8 10 10 2 2 8 2
left_child=2 5 4 -4 -1 -2 -7
right_child=1 -3 3 -5 -6 6 -8
leaf_value=-4.4323684273539046 -4.3120480184807333 -3.8755562881594536 -4.3662633171629306 -4.1304690390417864 -4.3375233640847659 -4.3188107558454929 -4.1450840539532976
leaf_count=48585 968 725 11722 351 1633 503 2523
internal_value=0 5.02962 -0.387226 0.765825 -0.665241 3.86112 4.49606
internal_count=67010 4719 62291 12073 50218 3994 3026
shrinkage=1


Tree=1
num_leaves=8
num_cat=0
split_feature=4 3 3 0 6 3 2
split_gain=1154.16 300.85 116.012 62.5015 53.4678 46.0767 39.0046
threshold=142.25000000000003 83.833333333333357 99.583333333333357 53.500000000000007 6.2500000000000009 89.583333333333357 29.450000000000003
decision_type=8 10 10 2 8 10 8
left_child=1 3 4 -1 -2 6 -3
right_child=2 5 -4 -5 -6 -7 -8
leaf_value=-0.037266609858886468 0.12334270201537922 0.025191212667401264 0.32662763058204425 0.011612574435147304 0.25278197090524601 0.10763116618596776 0.13633585641473753
leaf_count=47202 2558 6746 786 6153 863 2084 618
internal_value=0 -0.349237 4.10544 -0.629655 3.21063 1.08438 0.720487
internal_count=67010 62803 4207 53355 3421 9448 7364
shrinkage=0.05


Tree=2
num_leaves=8
num_cat=0
split_feature=3 4 4 0 0 2 6
split_gain=928.72 143.448 131.03 70.7662 54.0534 35.7951 28.6731
threshold=87.833333333333357 132.83333333333334 145.16666666666671 49.500000000000007 53.500000000000007 27.750000000000004 6.2500000000000009
decision_type=8 10 10 2 2 10 8
left_child=1 4 -2 -3 -1 -6 -4
right_child=2 3 6 -5 5 -7 -8
leaf_value=-0.036938461734676437 0.083832342157004913 0.00096348754429314567 0.16356089400438312 0.08831077997272091 -0.00033973621726537972 0.13767676402692516 0.27311980370700584
leaf_count=46201 4595 5073 1879 2841 5561 329 531
internal_value=0 -0.44261 2.60631 0.673059 -0.62736 0.184867 3.87381
internal_count=67010 60005 7005 7914 52091 5890 2410
shrinkage=0.05


Tree=3
num_leaves=8
num_cat=0
split_feature=3 4 0 4 2 8 0
split_gain=774.121 123.244 89.8184 73.8567 44.5175 31.7623 31.2993
threshold=85.833333333333357 145.16666666666671 49.500000000000007 136.83333333333334 34.050000000000004 1.0000000180025095e-35 50.500000000000007
decision_type=8 10 2 10 10 2 2
left_child=2 5 4 -4 -1 6 -2
right_child=1 -3 3 -5 -6 -7 -8
leaf_value=-0.037889102090396531 0.031991037374383968 0.15198693766795493 -0.0054911745011845901 0.10012431718153968 0.11596711698102265 0.14965040464711896 0.092266563366466992
leaf_count=42668 4416 2635 13017 1250 323 572 2129
internal_value=0 1.90508 -0.504414 0.119492 -0.728138 1.2397 1.05484
internal_count=67010 9752 57258 14267 42991 7117 6545
shrinkage=0.05


Tree=4
num_leaves=8
num_cat=0
split_feature=3 3 4 0 6 0 6
split_gain=653.467 92.8261 85.8217 45.2832 43.3624 36.657 31.4221
threshold=85.833333333333357 93.250000000000014 130.83333333333334 49.500000000000007 6.1500000000000012 53.500000000000007 6.5500000000000007
decision_type=8 10 10 2 10 2 10
left_child=2 4 5 -4 -2 -1 -5
right_child=1 -3 3 6 -6 -7 -8
leaf_value=-0.037711234676115715 0.042063259652149673 0.12753505738377305 -0.0094911372257010726 0.04087759174579407 0.14000544131137077 0.0023441018754724267 0.18005763699939945
leaf_count=43563 6316 2785 5459 2633 651 5354 249
internal_value=0 1.65146 -0.491548 0.34421 1.07401 -0.654831 1.16209
internal_count=67010 9752 57258 8341 6967 48917 2882
shrinkage=0.05


Tree=5
num_leaves=8
num_cat=0
split_feature=3 4 0 4 8 6 4
split_gain=566.127 94.6526 67.0595 39.221 31.1921 24.5241 26.4453
threshold=83.833333333333357 142.25000000000003 49.500000000000007 130.83333333333334 1.0000000180025095e-35 8.4500000000000011 168.33333333333334
decision_type=8 10 2 10 2 10 10
left_child=2 4 -1 -4 -2 6 -3
right_child=1 5 3 -5 -6 -7 -8
leaf_value=-0.037902170554836502 0.030179388805949427 0.08593543207016871 -0.012295652318201823 0.04905159994933652 0.11026771322087765 0.26122902753082838 0.17648862195972703
leaf_count=40859 8726 3278 10853 2244 742 51 257
internal_value=0 1.27802 -0.549479 0.014527 0.75816 2.04505 1.93265
internal_count=67010 13054 53956 13097 9468 3586 3535
shrinkage=0.05


Tree=6
num_leaves=8
num_cat=0
split_feature=3 3 0 6 4 0 3
split_gain=495.34 74.2513 64.5871 40.3917 34.2118 30.5419 23.8075
threshold=83.833333333333357 93.250000000000014 49.500000000000007 6.4500000000000011 130.83333333333334 45.500000000000007 78.833333333333357
decision_type=8 10 2 10 10 2 10
left_child=2 3 6 5 -4 -2 -1
right_child=1 -3 4 -5 -6 -7 -8
leaf_value=-0.042862012321175563 0.0016594289863622724 0.094972939228318246 -0.011829670421832365 0.11905351976516915 0.044513268649662756 0.047230626680892895 -0.010002906151446092
leaf_count=34306 3883 2785 10853 609 2244 5777 6553
internal_value=0 1.14521 -0.536746 0.752955 0.0137251 0.601792 -0.748134
internal_count=67010 13054 53956 10269 13097 9660 40859
shrinkage=0.05


Tree=7
num_leaves=8
num_cat=0
split_feature=3 0 4 4 0 2 1
split_gain=434.819 62.15 59.8364 32.1568 32.3749 24.3025 22.5081
threshold=83.833333333333357 49.500000000000007 142.25000000000003 116.16666666666667 58.500000000000007 26.450000000000003 1.5000000000000002
decision_type=8 2 8 10 2 10 2
left_child=1 5 -2 -3 -5 -1 -6
right_child=2 3 -4 4 6 -7 -8
leaf_value=-0.041519687686301661 0.031086697885029848 -0.028061980684367528 0.079098751353506608 0.0047681050626402904 0.11528085973635732 -0.0028045476865288712 -0.0087196698261298236
leaf_count=36111 9448 5427 3606 6521 812 4748 337
internal_value=0 -0.52403 1.03014 0.0129775 0.37179 -0.738045 1.59712
internal_count=67010 53956 13054 13097 7670 40859 1149
shrinkage=0.05


Tree=8
num_leaves=8
num_cat=0
split_feature=4 3 0 6 2 4 8
split_gain=392.444 65.9743 47.7097 34.6418 32.9645 28.9728 18.471
threshold=130.83333333333334 87.833333333333357 49.500000000000007 6.4500000000000011 23.950000000000003 139.25000000000003 1.0000000180025095e-35
decision_type=8 8 2 10 10 10 2
left_child=2 3 6 5 -4 -2 -1
right_child=1 -3 4 -5 -6 -7 -8
leaf_value=-0.039107710832712445 -0.002856861741209978 0.065313787757095718 -0.019200982851504001 0.099930885016891 0.032235789226358912 0.052785966930250922 0.022435969992384421
leaf_count=37647 7691 5864 8525 589 3706 1822 1166
internal_value=0 0.88707 -0.548731 0.368485 -0.0545968 0.21265 -0.740237
internal_count=67010 15966 51044 10102 12231 9513 38813
shrinkage=0.05


Tree=9
num_leaves=8
num_cat=0
split_feature=3 4 8 0 2 4 4
split_gain=354.002 54.1942 57.808 51.3089 33.4585 26.5709 24.6205
threshold=81.583333333333357 135.83333333333334 1.0000000180025095e-35 49.500000000000007 24.950000000000003 136.83333333333334 168.83333333333334
decision_type=8 8 2 2 8 10 10
left_child=3 2 -2 -1 -3 -5 -6
right_child=1 4 -4 5 6 -7 -8
leaf_value=-0.038729526074183951 0.0024569888762495497 0.03478423627036379 0.11487447520825585 -0.0094993178430374109 0.067074465805036745 0.064551324477957042 0.16026714174549705
leaf_count=38457 8414 4185 660 11081 3398 680 135
internal_value=0 0.775547 0.266949 -0.565674 1.09332 -0.0458043 1.51225
internal_count=67010 16792 9074 50218 7718 11761 3533
shrinkage=0.05


Tree=10
num_leaves=8
num_cat=0
split_feature=3 0 3 8 4 0 0
split_gain=317.154 49.6833 45.0511 40.0517 24.8523 25.047 22.4127
threshold=81.583333333333357 49.500000000000007 89.583333333333357 1.0000000180025095e-35 116.16666666666667 58.500000000000007 59.500000000000007
decision_type=8 2 8 2 10 2 2
left_child=1 -1 3 -2 -3 -6 -7
right_child=2 4 -4 -5 5 6 -8
leaf_value=-0.038259524836239608 0.010606708185027583 -0.027555618576028743 0.054749417828689487 0.086134374096876659 0.0015342915258834461 0.15152045624895227 0.025653515097589025
leaf_count=38457 11152 5352 4719 921 5433 295 681
internal_value=0 -0.553024 0.710948 0.372087 -0.0434457 0.313384 1.41397
internal_count=67010 50218 16792 12073 11761 6409 976
shrinkage=0.05


Tree=11
num_leaves=8
num_cat=0
split_feature=4 0 0 2 4 3 2
split_gain=288.654 43.2973 37.1461 28.4113 27.9083 20.2097 19.5586
threshold=130.83333333333334 49.500000000000007 44.500000000000007 23.950000000000003 142.25000000000003 85.833333333333357 25.250000000000004
decision_type=8 2 2 10 8 10 8
left_child=1 -1 5 -3 -4 -2 -6
right_child=2 3 4 -5 6 -7 -8
leaf_value=-0.03560528954299276 -0.019876716608111453 -0.018274686144218157 0.029256098350459166 0.029092278030077898 0.045072877058514975 0.025958281537869578 0.089203635187342256
leaf_count=38813 3466 8525 7191 3706 1768 2398 1143
internal_value=0 -0.514405 0.696803 -0.0481546 0.915963 0.193558 1.28384
internal_count=67010 51044 15966 12231 10102 5864 2911
shrinkage=0.05


Tree=12
num_leaves=8
num_cat=0
split_feature=3 0 2 4 6 0 8
split_gain=261.739 46.1579 37.5846 23.3732 21.9727 20.3579 18.1405
threshold=81.583333333333357 49.500000000000007 25.150000000000002 159.25000000000003 6.2500000000000009 50.500000000000007 1.0000000180025095e-35
decision_type=8 2 8 10 10 2 2
left_child=1 -1 5 6 -3 -2 -4
right_child=2 4 3 -5 -6 -7 -8
leaf_value=-0.037359758237312031 0.0030571354397577934 -0.0085434358373660362 0.03364258676966532 0.099208150340993076 0.060894316123623331 0.034596354917338513 0.086955229638942894
leaf_count=38457 6540 10923 5534 337 838 3733 648
internal_value=0 -0.530274 0.612279 0.97585 -0.0443976 0.330168 0.821794
internal_count=67010 50218 16792 6519 11761 10273 6182
shrinkage=0.05


Tree=13
num_leaves=8
num_cat=0
split_feature=4 2 0 0 2 4 2
split_gain=239.306 39.9613 29.6309 28.5817 22.127 21.4181 16.5151
threshold=130.83333333333334 23.950000000000003 48.500000000000007 44.500000000000007 29.950000000000003 142.83333333333334 26.550000000000004
decision_type=8 10 2 2 8 10 8
left_child=1 -1 -3 6 5 -5 -2
right_child=3 2 -4 4 -6 -7 -8
leaf_value=-0.03464097026623221 -0.0078403649093855398 -0.020620148063215413 0.026188953569310711 0.019853563183687035 0.086539667790473118 0.050730793093289088 0.032260067828759717
leaf_count=36630 3981 10096 4318 6762 711 2629 1883
internal_value=0 -0.49229 -0.0492561 0.604141 0.787257 0.689032 0.164771
internal_count=67010 51044 14414 15966 10102 9391 5864
shrinkage=0.05


Tree=14
num_leaves=8
num_cat=0
split_feature=3 2 0 3 7 3 0
split_gain=219.442 42.0115 40.5483 28.0597 17.42 23.2646 17.3973
threshold=78.833333333333357 25.150000000000002 58.500000000000007 87.833333333333357 1.0000000180025095e-35 92.833333333333357 49.500000000000007
decision_type=8 8 2 10 2 8 2
left_child=2 3 6 -2 5 -3 -1
right_child=1 4 -4 -5 -6 -7 -8
leaf_value=-0.040227592474102715 -0.0063818602250509497 0.021713449220068241 0.040594425957658171 0.026673579881025013 0.094488494319101168 0.059185721971535148 -0.014222157882808709
leaf_count=34306 10641 6606 1319 3940 410 1397 8391
internal_value=0 0.459333 -0.590486 0.192656 0.812471 0.721819 -0.670047
internal_count=67010 22994 44016 14581 8413 8003 42697
shrinkage=0.05


Tree=15
num_leaves=8
num_cat=0
split_feature=3 0 2 3 0 4 0
split_gain=199.848 37.5557 35.5113 24.7556 17.1677 15.1756 15.0699
threshold=78.833333333333357 58.500000000000007 25.150000000000002 85.833333333333357 49.500000000000007 159.25000000000003 40.500000000000007
decision_type=8 2 8 10 2 10 2
left_child=1 4 3 -2 -1 6 -4
right_child=2 -3 5 -5 -6 -7 -8
leaf_value=-0.039804434227746585 -0.010256410222281472 0.037214336565469221 -0.0026561475344328081 0.02140478364005045 -0.013711082494169314 0.074628441153500022 0.038006685649368155
leaf_count=34306 8897 1319 1534 5684 8391 340 6539
internal_value=0 -0.57807 0.427374 0.181344 -0.658537 0.744333 0.636274
internal_count=67010 44016 22994 14581 42697 8413 8073
shrinkage=0.05


Tree=16
num_leaves=8
num_cat=0
split_feature=4 2 0 0 0 8 4
split_gain=182.208 37.209 24.1598 21.7966 15.6627 14.6881 14.6601
threshold=130.83333333333334 23.950000000000003 48.500000000000007 44.500000000000007 52.500000000000007 1.0000000180025095e-35 168.33333333333334
decision_type=8 10 2 2 2 2 10
left_child=1 4 -3 5 -1 -2 -5
right_child=3 2 -4 6 -6 -7 -8
leaf_value=-0.038933275764540608 0.0010118828445361313 -0.018939980720322821 0.023310793236466166 0.02926347342290854 -0.0088606493017343354 0.07552432222891485 0.0798550547951693
leaf_count=31702 5626 10096 4318 9904 4928 238 198
internal_value=0 -0.459174 -0.0322845 0.493837 -0.665226 0.1158 0.64553
internal_count=67010 51044 14414 15966 36630 5864 10102
shrinkage=0.05


Tree=17
num_leaves=8
num_cat=0
split_feature=3 0 2 3 4 0 6
split_gain=170.26 35.4915 28.5365 20.3951 20.1969 14.7635 14.066
threshold=78.833333333333357 49.500000000000007 25.150000000000002 83.833333333333357 117.25000000000001 50.500000000000007 8.4500000000000011
decision_type=8 2 8 10 10 2 10
left_child=1 -1 3 -2 -3 -5 -4
right_child=2 4 6 5 -6 -7 -8
leaf_value=-0.039032456551791307 -0.015383459756433758 -0.025946988219902468 0.030082548958655465 0.0038072300468328015 0.017293616585050235 0.03154307921378615 0.1029481305278066
leaf_count=34306 6779 5412 8251 4867 4298 2935 162
internal_value=0 -0.556362 0.378436 0.157957 -0.0785636 0.323433 0.653585
internal_count=67010 44016 22994 14581 9710 7802 8413
shrinkage=0.05


Tree=18
num_leaves=8
num_cat=0
split_feature=3 0 2 3 4 0 3
split_gain=155.426 34.3992 24.4304 18.6671 18.4979 13.6397 12.3049
threshold=78.833333333333357 49.500000000000007 25.150000000000002 87.833333333333357 117.25000000000001 58.500000000000007 72.833333333333357
decision_type=8 2 8 10 10 2 10
left_child=1 -1 3 -2 -3 -6 -7
right_child=2 4 -4 -5 5 6 -8
leaf_value=-0.038577901269348944 -0.0059711672311136138 -0.025313973183591954 0.030153039105198228 0.020522375196497911 0.0022054401641545943 0.0024239562454328937 0.099782781774277143
leaf_count=34306 10641 5412 8413 3940 3624 306 368
internal_value=0 -0.54382 0.353413 0.148885 -0.0752216 0.323373 1.19812
internal_count=67010 44016 22994 14581 9710 4298 674
shrinkage=0.05


Tree=19
num_leaves=8
num_cat=0
split_feature=3 0 4 8 4 2 5
split_gain=141.872 33.3372 22.4871 23.0777 16.9993 14.1748 12.6153
threshold=78.833333333333357 49.500000000000007 130.83333333333334 1.0000000180025095e-35 117.25000000000001 21.550000000000004 1.5594229217110576
decision_type=8 2 8 2 10 8 8
left_child=1 -1 3 -2 -3 -4 -6
right_child=2 4 5 -5 6 -7 -8
leaf_value=-0.038112004050273318 -0.0096394289637380896 -0.024681610217309965 -0.00078104017343651796 0.060962424955233276 0.055210757905760903 0.026773975795754419 0.0013070898880907231
leaf_count=34306 9522 5412 2235 692 1078 10545 3220
internal_value=0 -0.531163 0.330249 -0.0440868 -0.0714847 0.45324 0.304111
internal_count=67010 44016 22994 10214 9710 12780 4298
shrinkage=0.05


Tree=20
num_leaves=8
num_cat=0
split_feature=3 4 8 0 0 0 0
split_gain=129.866 28.3618 36.0491 35.0792 23.6857 17.6448 15.701
threshold=75.833333333333357 137.83333333333334 1.0000000180025095e-35 58.500000000000007 59.500000000000007 49.500000000000007 43.500000000000007
decision_type=8 8 2 2 2 2 2
left_child=5 2 3 -2 -5 -1 -4
right_child=1 -3 6 4 -6 -7 -8
leaf_value=-0.039010363591013071 -0.0089882768620687722 0.024737755421562271 0.14000704968884733 0.1411474939184941 0.015510816526668801 -0.010434994343272186 0.036848536924401758
leaf_count=29623 19939 7416 244 285 534 7718 1251
internal_value=0 0.265952 0.0399458 -0.0822119 1.34888 -0.600303 1.10185
internal_count=67010 29669 22253 20758 819 37341 1495
shrinkage=0.05


Tree=21
num_leaves=8
num_cat=0
split_feature=4 0 3 2 2 3 4
split_gain=120.242 27.3365 17.3898 16.7785 16.5248 16.1706 13.1766
threshold=123.16666666666667 44.500000000000007 75.833333333333357 21.550000000000004 26.550000000000004 88.833333333333357 168.33333333333334
decision_type=8 2 10 8 8 10 10
left_child=2 4 -1 -3 5 -2 -5
right_child=1 3 -4 6 -6 -7 -8
leaf_value=-0.035356958552173967 -0.031319543294836806 -0.0022207334971732491 -0.0062517732643278152 0.023124570163551142 0.016483242143879525 0.011095004089034346 0.071803163855743146
leaf_count=31317 7393 3654 7638 12936 2935 983 154
internal_value=0 0.267213 -0.5548 0.413439 -0.0826356 -0.334373 0.510629
internal_count=67010 28055 38955 16744 11311 8376 13090
shrinkage=0.05


Tree=22
num_leaves=8
num_cat=0
split_feature=3 4 8 0 2 0 5
split_gain=110.363 22.965 31.4436 34.5929 18.8513 17.4372 16.0357
threshold=75.833333333333357 135.83333333333334 1.0000000180025095e-35 58.500000000000007 34.650000000000013 49.500000000000007 3.2446712018140595
decision_type=8 8 2 2 10 2 8
left_child=5 2 3 4 -2 -1 -4
right_child=1 -3 6 -5 -6 -7 -8
leaf_value=-0.038183766835055553 -0.013363727881120871 0.020566216692516879 0.069744437905990206 0.067863310588568787 0.11136252855113843 -0.0091795495425565869 -0.025826475848522219
leaf_count=29623 18163 9293 1085 730 127 7718 271
internal_value=0 0.235524 0.00269107 -0.123791 -0.23066 -0.576181 1.02418
internal_count=67010 29669 20376 19020 18290 37341 1356
shrinkage=0.05


Tree=23
num_leaves=8
num_cat=0
split_feature=4 0 2 2 2 3 4
split_gain=102.885 22.9264 17.042 14.6141 14.4168 14.4822 11.4976
threshold=123.16666666666667 44.500000000000007 23.950000000000003 30.350000000000005 26.550000000000004 88.833333333333357 143.83333333333334
decision_type=8 2 10 8 8 10 10
left_child=2 4 -1 6 5 -2 -3
right_child=1 3 -4 -5 -6 -7 -8
leaf_value=-0.034721976530191205 -0.030549396175910189 0.0085791016528054855 -0.0058761842698605606 0.051113241509973255 0.014698434365409139 0.0095722165928739406 0.027219977111637067
leaf_count=29671 7393 13389 9284 885 2935 983 2470
internal_value=0 0.238521 -0.531893 0.369083 -0.08336 -0.323537 0.310133
internal_count=67010 28055 38955 16744 11311 8376 15859
shrinkage=0.05


Tree=24
num_leaves=8
num_cat=0
split_feature=4 0 8 2 4 6 3
split_gain=96.2705 26.5248 22.5811 19.5178 15.5696 12.4567 12.2578
threshold=118.16666666666667 41.500000000000007 1.0000000180025095e-35 29.950000000000003 143.83333333333334 8.8500000000000032 72.833333333333357
decision_type=8 2 2 8 10 10 10
left_child=-1 2 -2 4 6 -6 -3
right_child=1 3 -4 -5 5 -7 -8
leaf_value=-0.032682788374616925 -0.018382099740082338 -0.025328539151555099 0.081321658873367786 0.043624378102505044 0.021495370056214186 0.12387727843975618 0.0074609636077045119
leaf_count=30051 10017 3803 261 1589 2814 25 18450
internal_value=0 0.179855 -0.263067 0.276222 0.211366 0.474586 0.0826819
internal_count=67010 36959 10278 26681 25092 2839 22253
shrinkage=0.05


Tree=25
num_leaves=8
num_cat=0
split_feature=4 0 2 3 6 0 3
split_gain=89.1853 24.0772 19.7991 15.5178 14.3075 11.3132 11.3078
threshold=118.16666666666667 44.500000000000007 26.550000000000004 88.833333333333357 6.3500000000000005 58.500000000000007 73.166666666666671
decision_type=8 2 8 10 10 2 8
left_child=5 2 3 -2 6 -1 -3
right_child=1 4 -4 -5 -6 -7 -8
leaf_value=-0.035072735040564899 -0.03133778484149418 -0.018333317546034605 0.014704628430269233 0.0081753642529654967 0.040049326505819161 0.021427880468691693 0.013934580978152514
leaf_count=29279 11078 3234 3621 1012 1542 772 16472
internal_value=0 0.169735 -0.135355 -0.385333 0.295908 -0.641937 0.230999
internal_count=67010 36959 15711 12090 21248 30051 19706
shrinkage=0.05


Tree=26
num_leaves=8
num_cat=0
split_feature=4 0 4 8 2 0 6
split_gain=82.5418 21.8313 22.9941 16.8779 12.8279 11.0678 10.3456
threshold=118.16666666666667 50.500000000000007 132.83333333333334 1.0000000180025095e-35 21.550000000000004 53.500000000000007 6.8500000000000005
decision_type=8 2 10 2 8 2 10
left_child=5 2 3 6 -3 -1 -2
right_child=1 4 -4 -5 -6 -7 -8
leaf_value=-0.037120104659524249 -0.023160290748203697 -0.0033529560825934258 0.0099958295385724084 0.038283984146657964 0.024933504986725027 -0.0020069044831141024 0.057777190496124113
leaf_count=27167 16816 2492 8896 846 7670 2884 239
internal_value=0 0.159901 0.00723804 -0.308132 0.387234 -0.630078 -0.415582
internal_count=67010 36959 26797 17901 10162 30051 17055
shrinkage=0.05


Tree=27
num_leaves=8
num_cat=0
split_feature=4 0 8 2 4 0 5
split_gain=76.4324 20.4866 19.0253 15.4491 12.2409 11.11 14.9949
threshold=118.16666666666667 41.500000000000007 1.0000000180025095e-35 29.950000000000003 143.83333333333334 39.500000000000007 2.8728715728715737
decision_type=8 2 2 8 10 2 8
left_child=-1 2 -2 4 -3 -4 -7
right_child=1 3 5 -5 -6 6 -8
leaf_value=-0.030907208143671434 -0.01739144550542146 0.0030273918806852061 -0.018434737519906978 0.037230401675869849 0.020082824838247516 0.17787552549413144 -0.010519730034349398
leaf_count=30051 10017 22253 95 1589 2839 99 67
internal_value=0 0.150835 -0.245052 0.232293 0.174472 1.41546 2.29679
internal_count=67010 36959 10278 26681 25092 261 166
shrinkage=0.05


Tree=28
num_leaves=8
num_cat=0
split_feature=3 0 0 2 3 0 6
split_gain=71.4336 17.0456 16.1088 18.503 17.3167 12.8347 12.494
threshold=75.833333333333357 48.500000000000007 57.500000000000007 25.150000000000002 82.833333333333357 59.500000000000007 6.2500000000000009
decision_type=8 2 2 8 10 2 10
left_child=1 -1 3 4 -2 -4 -3
right_child=2 6 5 -5 -6 -7 -8
leaf_value=-0.036681259491872002 -0.022818751868725784 -0.013637942236213877 0.053739055240492287 0.015782136356959103 0.0047101916156103351 0.0086826783274465084 0.051064283656262956
leaf_count=28217 9905 8564 1063 9608 8109 984 560
internal_value=0 -0.510372 0.172273 0.114012 -0.060801 0.644907 -0.139991
internal_count=67010 37341 29669 27622 18014 2047 9124
shrinkage=0.05


Tree=29
num_leaves=8
num_cat=0
split_feature=4 0 8 2 0 3 0
split_gain=66.5677 17.5366 16.9032 12.9954 11.5812 16.7126 14.3103
threshold=118.16666666666667 41.500000000000007 1.0000000180025095e-35 33.750000000000007 57.500000000000007 87.833333333333357 59.500000000000007
decision_type=8 2 2 8 2 10 2
left_child=-1 2 -2 4 5 -3 -6
right_child=1 3 -4 -5 6 -7 -8
leaf_value=-0.029817315058986812 -0.016745310991645279 -0.0037505306947764163 0.064398405255078145 0.053067309687056988 0.049122392719501667 0.015579587114997599 0.0045086388447436593
leaf_count=30051 10017 18796 261 475 1202 5028 1180
internal_value=0 0.136199 -0.233743 0.209999 0.18102 0.120442 0.552112
internal_count=67010 36959 10278 26681 26206 23824 2382
shrinkage=0.05


Tree=30
num_leaves=8
num_cat=0
split_feature=4 6 3 2 0 0 5
split_gain=61.6102 16.7098 17.678 15.4994 14.8188 11.2118 8.13002
threshold=118.16666666666667 6.3500000000000005 87.833333333333357 29.150000000000002 44.500000000000007 53.500000000000007 3.6505813953488375
decision_type=8 10 8 8 2 2 8
left_child=5 2 3 4 -2 -1 -4
right_child=1 -3 6 -5 -6 -7 -8
leaf_value=-0.035358847579792733 -0.025943234944942547 0.030341495807634657 0.010121342464015361 0.030054235083133408 -0.00064001272779521453 0.0012161670807597797 0.041104487585024024
leaf_count=27167 12180 1952 5954 1934 14448 2884 491
internal_value=0 0.128746 0.0743401 -0.0947986 -0.16866 -0.584006 0.254459
internal_count=67010 36959 35007 28562 26628 30051 6445
shrinkage=0.05


Tree=31
num_leaves=8
num_cat=0
split_feature=3 0 2 4 6 5 6
split_gain=57.2924 16.212 13.4676 10.8137 10.4345 10.0813 9.99892
threshold=75.833333333333357 48.500000000000007 22.350000000000005 134.83333333333334 6.2500000000000009 3.8265050167224084 8.5500000000000025
decision_type=8 2 8 10 10 8 10
left_child=1 -1 3 -2 -3 -5 -4
right_child=2 4 6 5 -6 -7 -8
leaf_value=-0.035427414731168665 -0.021206317871368882 -0.012198748968272166 0.010379649753027421 0.0030853457923185092 0.045644199920200877 0.10375777462919888 0.058648838153394389
leaf_count=28217 6804 8564 20030 2550 560 54 231
internal_value=0 -0.477027 0.147874 -0.120999 -0.114948 0.128088 0.231399
internal_count=67010 37341 29669 9408 9124 2604 20261
shrinkage=0.05


Tree=32
num_leaves=8
num_cat=0
split_feature=4 0 4 8 0 2 2
split_gain=53.6792 14.952 15.7819 13.3663 10.6502 9.20111 8.9344
threshold=118.16666666666667 50.500000000000007 132.83333333333334 1.0000000180025095e-35 53.500000000000007 21.550000000000004 29.050000000000004
decision_type=8 2 10 2 2 8 10
left_child=4 2 3 6 -1 -3 -2
right_child=1 5 -4 -5 -6 -7 -8
leaf_value=-0.034425641212153406 -0.02374933294221241 -0.0042801078864133152 0.0070802462865646332 0.031728192821386135 0.001470950964568501 0.019324182484037195 0.019687378312378649
leaf_count=27167 15928 2492 8896 846 2884 7670 1127
internal_value=0 0.116635 -0.0106102 -0.281039 -0.561964 0.297361 -0.384841
internal_count=67010 36959 26797 17901 30051 10162 17055
shrinkage=0.05


Tree=33
num_leaves=8
num_cat=0
split_feature=4 0 8 0 4 2 0
split_gain=49.637 13.5593 14.2021 10.3538 10.9185 9.95785 9.45948
threshold=118.16666666666667 41.500000000000007 1.0000000180025095e-35 58.500000000000007 116.16666666666667 33.750000000000007 58.500000000000007
decision_type=8 2 2 2 10 8 2
left_child=3 2 -2 -1 -5 6 -3
right_child=1 5 -4 4 -6 -7 -8
leaf_value=-0.030991783929440783 -0.015892408936972822 0.0050130455572961752 0.056105453314868353 -0.006535566541998431 0.1163489666884545 0.044381150241297455 0.026395717431755616
leaf_count=29279 10017 24463 261 681 91 475 1743
internal_value=0 0.110203 -0.219499 -0.549488 0.484712 0.172978 0.147281
internal_count=67010 36959 10278 30051 772 26681 26206
shrinkage=0.05


Tree=34
num_leaves=8
num_cat=0
split_feature=3 0 2 4 6 5 2
split_gain=46.2953 15.0192 11.0155 9.33274 9.3138 10.2729 12.6064
threshold=75.833333333333357 48.500000000000007 22.350000000000005 134.83333333333334 5.5500000000000007 1.1483983983983987 20.450000000000003
decision_type=8 2 8 10 10 8 10
left_child=1 -1 3 -2 5 6 -3
right_child=2 4 -4 -5 -6 -7 -8
leaf_value=-0.034107382665013196 -0.020266411215042412 -0.034296141925384785 0.010110668186537495 0.0055272442390886783 0.013862146244366129 -0.030020771980278319 0.11216060013481979
leaf_count=28217 6804 318 20261 2604 3731 4822 253
internal_value=0 -0.445116 0.12826 -0.116396 -0.0979097 -0.422444 0.913588
internal_count=67010 37341 29669 9408 9124 5393 571
shrinkage=0.05


Tree=35
num_leaves=8
num_cat=0
split_feature=4 0 8 0 0 2 2
split_gain=43.2836 13.2838 12.6362 9.9523 17.5269 13.0428 11.7747
threshold=117.25000000000001 41.500000000000007 1.0000000180025095e-35 58.500000000000007 59.500000000000007 25.350000000000005 23.950000000000003
decision_type=8 2 2 2 2 10 8
left_child=-1 2 -2 6 5 -5 -3
right_child=1 3 -4 4 -6 -7 -8
leaf_value=-0.027655221637817737 -0.01618037808135046 -0.00355776589098357 0.049962554483165562 0.086823409639199836 0.0058577635617872107 0.0058596473311664015 0.011948100453154399
leaf_count=28225 10647 14166 277 421 1226 163 11885
internal_value=0 0.095291 -0.229281 0.156338 0.535816 1.22069 0.10951
internal_count=67010 38785 10924 27861 1810 584 26051
shrinkage=0.05


Tree=36
num_leaves=8
num_cat=0
split_feature=3 2 4 0 2 5 4
split_gain=40.41 14.0547 16.2108 10.1416 9.28051 9.16454 9.13263
threshold=68.833333333333357 24.050000000000004 134.83333333333334 52.500000000000007 21.150000000000002 1.1004587155963306 168.33333333333334
decision_type=8 8 10 2 10 8 10
left_child=-1 2 3 -2 -5 -6 -3
right_child=1 6 -4 4 5 -7 -8
leaf_value=-0.031575517589155798 -0.023850207707025648 0.0083724829757200938 0.0075184163952845724 -0.02669102749102821 0.10402519093035952 0.01050126452439566 0.043925357047244866
leaf_count=21480 17907 18648 4989 1443 132 2257 154
internal_value=0 0.0772325 -0.0832863 -0.30874 0.0750419 0.382012 0.202375
internal_count=67010 45530 26728 21739 3832 2389 18802
shrinkage=0.05


Tree=37
num_leaves=8
num_cat=0
split_feature=3 0 8 3 5 2 4
split_gain=37.5857 12.9529 16.3181 16.9601 12.5491 11.8978 8.70792
threshold=68.833333333333357 45.500000000000007 1.0000000180025095e-35 93.833333333333357 2.0053763440860224 26.450000000000003 156.25000000000003
decision_type=8 2 2 10 8 10 8
left_child=-1 2 3 5 -4 -2 -3
right_child=1 6 4 -5 -6 -7 -8
leaf_value=-0.030980436099587134 -0.02758077701934715 0.0058567030824618893 0.11071233770167462 0.013700617597379767 0.014197036392498658 0.0021279759399685269 0.026684246140120989
leaf_count=21480 16556 22813 177 961 603 3753 667
internal_value=0 0.0732256 -0.121605 -0.199724 0.778603 -0.367372 0.167933
internal_count=67010 45530 22050 21270 780 20309 23480
shrinkage=0.05


Tree=38
num_leaves=8
num_cat=0
split_feature=4 6 3 5 0 8 2
split_gain=35.3643 11.3287 11.8428 13.363 11.9803 9.93004 9.7153
threshold=117.25000000000001 6.3500000000000005 93.250000000000014 3.6505813953488375 44.500000000000007 1.0000000180025095e-35 24.650000000000002
decision_type=8 10 10 8 2 2 10
left_child=6 2 4 -4 5 -2 -1
right_child=1 -3 3 -5 -6 -7 -8
leaf_value=-0.032679227860501661 -0.019417859741750521 0.022837976802654567 0.0086658754722609282 0.058195133188902327 0.0027805187238005478 0.034566344901140987 0.0058434304015671026
leaf_count=24273 14981 1998 2389 197 18779 441 3952
internal_value=0 0.0828945 0.0379169 0.262003 -0.0495778 -0.31116 -0.520349
internal_count=67010 38785 36787 2586 34201 15422 28225
shrinkage=0.05


Tree=39
num_leaves=8
num_cat=0
split_feature=3 2 4 0 2 0 5
split_gain=33.1331 11.2619 13.4911 9.0018 8.42681 7.87228 7.84831
threshold=68.833333333333357 24.050000000000004 134.83333333333334 52.500000000000007 21.150000000000002 58.500000000000007 1.1004587155963306
decision_type=8 8 10 2 10 2 8
left_child=5 2 3 -2 -5 -1 -6
right_child=1 -3 -4 4 6 -7 -8
leaf_value=-0.03417389973398928 -0.022678408695604377 0.008855781750743464 0.0065664455409466041 -0.026106108225534021 0.093406178563280998 0.023342618571700929 0.0096402841285556928
leaf_count=20969 17907 18802 4989 1443 132 511 2257
internal_value=0 0.0668792 -0.0780848 -0.288894 0.0690731 -0.598761 0.354651
internal_count=67010 45530 26728 21739 3832 21480 2389
shrinkage=0.05


Tree=40
num_leaves=8
num_cat=0
split_feature=3 0 8 0 5 4 2
split_gain=30.7721 10.4806 14.4912 10.8913 14.4938 8.87617 8.63912
threshold=68.833333333333357 41.500000000000007 1.0000000180025095e-35 39.500000000000007 2.8728715728715737 133.83333333333334 34.650000000000013
decision_type=8 2 2 2 8 10 8
left_child=-1 2 5 -4 -5 -2 -3
right_child=1 6 3 4 -6 -7 -8
leaf_value=-0.029326751032506732 -0.031780692953631638 0.0047321001960913102 -0.024918698322534377 0.14196880692486719 -0.017228257742490049 -0.0021002518871426328 0.041097094203726939
leaf_count=21480 9727 32499 121 111 79 2529 464
internal_value=0 0.0633799 -0.222076 1.02248 1.78076 -0.326523 0.115274
internal_count=67010 45530 12567 311 190 12256 32963
shrinkage=0.05


Tree=41
num_leaves=8
num_cat=0
split_feature=4 0 0 6 2 3 3
split_gain=28.8893 10.3441 14.2255 10.9074 10.3297 10.1506 12.6807
threshold=117.25000000000001 58.500000000000007 59.500000000000007 8.4500000000000011 24.550000000000004 68.833333333333357 69.250000000000014
decision_type=8 2 2 10 10 10 10
left_child=-1 3 4 5 -3 -2 -7
right_child=1 2 -4 -5 -6 6 -8
leaf_value=-0.024397712212882484 -0.036469750505488861 0.078869193969440948 0.0038318624561185428 0.04531607718197176 0.012441065985131654 0.081602148034383024 0.0010487439502960382
leaf_count=28225 3576 365 1226 302 219 743 32354
internal_value=0 0.0722727 0.452143 0.0321764 1.03954 0.0119079 0.034549
internal_count=67010 38785 1810 36975 584 36673 33097
shrinkage=0.05


Tree=42
num_leaves=8
num_cat=0
split_feature=3 2 0 3 0 0 0
split_gain=26.7748 9.8693 14.7167 8.93713 7.55805 6.579 18.5062
threshold=68.833333333333357 25.150000000000002 44.500000000000007 82.833333333333357 58.500000000000007 58.500000000000007 59.500000000000007
decision_type=8 8 2 10 2 2 2
left_child=4 2 3 -2 -1 -4 -7
right_child=1 -3 5 -5 -6 6 -8
leaf_value=-0.032670595431055743 -0.036415935382864313 0.0094337737794734922 -0.00018351925817645747 -0.005038966173445238 0.024043375518710015 0.059384847566424238 -0.0056765320456957672
leaf_count=20969 10841 13449 17092 2651 511 490 1007
internal_value=0 0.0575186 -0.0485096 -0.399199 -0.563327 0.058137 0.410363
internal_count=67010 45530 32081 13492 21480 18589 1497
shrinkage=0.05


Tree=43
num_leaves=8
num_cat=0
split_feature=4 2 0 4 6 2 0
split_gain=24.9823 9.30908 8.86689 9.89899 7.86951 7.72346 7.43604
threshold=117.25000000000001 24.650000000000002 50.500000000000007 131.83333333333334 6.8500000000000005 19.850000000000005 53.500000000000007
decision_type=8 10 2 10 10 8 2
left_child=1 6 3 4 -2 -5 -1
right_child=2 -3 -4 5 -6 -7 -8
leaf_value=-0.037596096899011985 -0.016225824277724312 0.0083148434191871023 0.0098605350562684015 -0.035297942114123647 0.040457166831822329 0.0055508052108099795 0.00057629458625256937
leaf_count=21999 18047 3952 10540 616 317 9265 2274
internal_value=0 -0.465028 0.0656049 -0.0328744 -0.26728 0.0746667 -0.608081
internal_count=67010 28225 38785 28245 18364 9881 24273
shrinkage=0.05


Tree=44
num_leaves=8
num_cat=0
split_feature=3 2 4 0 0 0 6
split_gain=23.4272 8.67529 7.98213 6.94194 6.60099 9.53428 5.90901
threshold=68.833333333333357 23.350000000000005 130.83333333333334 58.500000000000007 58.500000000000007 59.500000000000007 6.3500000000000005
decision_type=8 8 10 2 2 2 10
left_child=3 2 -2 -1 -4 -6 -3
right_child=1 6 4 -5 5 -7 -8
leaf_value=-0.031671497000391874 -0.016200455737779534 0.0043288086506298304 -0.0019301897695272446 0.022218072078662405 0.066560834429615273 -0.0014304516931474135 0.020484932629588809
leaf_count=20969 16739 21034 5599 511 146 309 1703
internal_value=0 0.0522065 -0.0988251 -0.541316 0.0437322 0.566433 0.132777
internal_count=67010 45530 22793 21480 6054 455 22737
shrinkage=0.05


Tree=45
num_leaves=8
num_cat=0
split_feature=3 0 8 0 5 4 2
split_gain=21.7127 8.17238 12.6549 9.2353 11.6023 7.60369 7.32577
threshold=68.833333333333357 41.500000000000007 1.0000000180025095e-35 39.500000000000007 2.8728715728715737 133.83333333333334 20.750000000000004
decision_type=8 2 2 2 8 10 8
left_child=-1 2 5 -4 -5 -2 -3
right_child=1 6 3 4 -6 -7 -8
leaf_value=-0.02643795553960647 -0.030474543591257772 -0.011107911820860144 -0.024618408545224835 0.12264766100599141 -0.017091606582820596 -0.0025488114162098598 0.0066107609245213174
leaf_count=21480 9727 5810 121 111 79 2529 27153
internal_value=0 0.0495378 -0.205995 0.928547 1.58505 -0.30829 0.0942703
internal_count=67010 45530 12567 311 190 12256 32963
shrinkage=0.05


Tree=46
num_leaves=8
num_cat=0
split_feature=4 2 0 4 7 3 0
split_gain=20.2821 8.70503 7.49241 8.83681 10.0835 9.59308 7.23112
threshold=117.25000000000001 24.650000000000002 50.500000000000007 155.25000000000003 1.0000000180025095e-35 89.833333333333357 53.500000000000007
decision_type=8 10 2 10 2 10 2
left_child=1 6 3 4 -2 -6 -1
right_child=2 -3 -4 -5 5 -7 -8
leaf_value=-0.036540692690156029 -0.00657348441920439 0.0088030609938141349 0.00883862271090116 0.018129989648305585 0.055461316499145076 -0.018633123872697815 0.0016695093517851457
leaf_count=21999 27123 3952 10540 622 417 83 2274
internal_value=0 -0.432978 0.0571133 -0.033817 -0.0905018 0.62008 -0.579728
internal_count=67010 28225 38785 28245 27623 500 24273
shrinkage=0.05


Tree=47
num_leaves=8
num_cat=0
split_feature=3 2 3 5 8 5 3
split_gain=19.0209 7.77639 9.37629 11.7731 11.8578 10.9761 10.3716
threshold=68.833333333333357 29.950000000000003 85.833333333333357 0.93413823019086195 1.0000000180025095e-35 2.0613814756671904 82.583333333333357
decision_type=8 8 10 8 2 8 10
left_child=-1 2 3 6 -5 -6 -2
right_child=1 -3 -4 4 5 -7 -8
leaf_value=-0.025352433971663476 0.080721890605617935 0.016362165632738596 0.005766471297163977 -0.011930331242092853 0.059069412066264849 -0.003069451834228716 -0.034416613472852915
leaf_count=21480 940 2654 8780 31167 682 1154 153
internal_value=0 0.0451889 0.00664641 -0.12996 -0.166637 0.434011 1.00083
internal_count=67010 45530 42876 34096 33003 1836 1093
shrinkage=0.05


Tree=48
num_leaves=8
num_cat=0
split_feature=3 0 8 3 2 5 0
split_gain=17.6111 7.03295 10.4604 11.2113 9.50102 8.87449 6.65298
threshold=68.833333333333357 45.500000000000007 1.0000000180025095e-35 93.833333333333357 29.050000000000004 2.0053763440860224 58.500000000000007
decision_type=8 2 2 10 10 8 2
left_child=6 2 3 4 -2 -4 -1
right_child=1 -3 5 -5 -6 -7 -8
leaf_value=-0.029659225932218276 -0.02182677830810004 0.0054801913555915403 0.083089157101812555 0.0098295781145105315 0.011569754557805409 0.008409704291638509 0.023693078018184734
leaf_count=20969 18722 23480 177 961 1587 603 511
internal_value=0 0.0429197 -0.104002 -0.172258 -0.320072 0.572949 -0.494464
internal_count=67010 45530 22050 21270 20309 780 21480
shrinkage=0.05


Tree=49
num_leaves=8
num_cat=0
split_feature=4 2 0 0 0 6 3
split_gain=16.4743 8.28592 6.92289 6.80671 9.37856 7.79116 7.16785
threshold=117.25000000000001 24.650000000000002 53.500000000000007 58.500000000000007 59.500000000000007 8.4500000000000011 67.833333333333357
decision_type=8 10 2 2 2 10 10
left_child=1 2 -1 5 -5 6 -2
right_child=3 -3 -4 4 -6 -7 -8
leaf_value=-0.035482519218712226 -0.038064305858274194 0.0096533605587424895 0.0023500187650262218 0.039384664114071689 0.0019698965484395881 0.036143482048409351 0.00073179558868887958
leaf_count=21999 2819 3952 2274 584 1226 302 33854
internal_value=0 -0.401901 -0.552475 0.0500543 0.347089 0.0168889 -0.000820113
internal_count=67010 28225 24273 38785 1810 36975 36673
shrinkage=0.05


Tree=50
num_leaves=8
num_cat=0
split_feature=4 2 0 0 8 3 5
split_gain=15.1742 7.78944 6.65354 6.1167 6.65007 5.6725 7.72246
threshold=117.25000000000001 24.650000000000002 53.500000000000007 41.500000000000007 1.0000000180025095e-35 92.833333333333357 4.1867732558139545
decision_type=8 10 2 2 2 10 8
left_child=1 2 -1 4 5 -2 -7
right_child=3 -3 -4 -5 -6 6 -8
leaf_value=-0.034960569486317664 -0.020953465518020575 0.0091109734114306635 0.0022348194790706667 0.0042917481956937474 0.030882453629185992 -0.0027977932441476819 0.083061772704558126
leaf_count=21999 10158 3952 2274 27861 277 455 34
internal_value=0 -0.390006 -0.540124 0.0474628 -0.181983 -0.263433 0.132726
internal_count=67010 28225 24273 38785 10924 10647 489
shrinkage=0.05


Tree=51
num_leaves=8
num_cat=0
split_feature=3 2 0 4 7 3 5
split_gain=14.2392 6.49317 6.60051 7.53474 8.0489 7.92683 6.52813
threshold=68.833333333333357 21.550000000000004 50.500000000000007 155.25000000000003 1.0000000180025095e-35 89.833333333333357 3.7319250871080141
decision_type=8 8 2 10 2 10 10
left_child=-1 -2 3 4 -3 -6 -5
right_child=1 2 -4 6 5 -7 -8
leaf_value=-0.023018898708004804 -0.0089612511971346332 -0.0055229737677113368 0.010027210179411911 0.010644982290529736 0.04859876425094569 -0.018293481910774088 0.066589150171473349
leaf_count=21480 12440 23042 9003 486 425 78 56
internal_value=0 0.0373054 0.078885 -0.0108509 -0.0680129 0.551698 0.365825
internal_count=67010 45530 33090 24087 23545 503 542
shrinkage=0.05


Tree=52
num_leaves=8
num_cat=0
split_feature=3 2 6 0 4 5 5
split_gain=13.2477 6.92689 6.19157 6.55918 6.80404 5.81213 7.40237
threshold=67.833333333333357 21.250000000000004 12.250000000000002 50.500000000000007 155.25000000000003 3.7319250871080141 2.2515060240963858
decision_type=8 8 10 2 10 10 8
left_child=-1 -2 3 4 -3 6 -6
right_child=1 2 -4 -5 5 -7 -8
leaf_value=-0.024101289471836502 -0.010489542643775345 -0.0037857642160630204 0.089384664779093764 0.0092136208299702285 0.032227046125386079 0.061140864034710807 -0.0096797059130738963
leaf_count=19216 11796 25725 21 9699 227 56 270
internal_value=0 0.0330246 0.072124 0.0662652 -0.0223715 0.331834 0.187996
internal_count=67010 47794 35998 35977 26278 553 497
shrinkage=0.05


Tree=53
num_leaves=8
num_cat=0
split_feature=4 2 0 0 2 3 5
split_gain=12.4888 7.25693 6.40479 5.6865 5.41271 5.83906 6.64895
threshold=117.25000000000001 24.650000000000002 53.500000000000007 26.500000000000004 29.950000000000003 100.83333333333336 2.9236596736596741
decision_type=8 10 2 2 8 10 10
left_child=1 2 -1 -2 5 6 -5
right_child=3 -3 -4 4 -6 -7 -8
leaf_value=-0.033931497541504006 -0.043534834608471296 0.0094025005515944692 0.0029917821306778497 0.0020686951269935634 0.01422737670528044 0.015143091049239964 -0.011456126849403215
leaf_count=21999 1119 3952 2274 28192 2476 613 6385
internal_value=0 -0.362323 -0.514172 0.042307 0.0511926 0.0175305 -0.0163323
internal_count=67010 28225 24273 38785 37666 35190 34577
shrinkage=0.05


Tree=54
num_leaves=8
num_cat=0
split_feature=3 2 0 6 0 5 5
split_gain=11.5666 6.15591 5.75658 5.54221 5.37888 4.57047 8.58899
threshold=67.833333333333357 21.150000000000002 34.500000000000007 12.250000000000002 50.500000000000007 2.8728715728715737 2.7964532328939113
decision_type=8 8 2 10 2 10 10
left_child=4 -2 -3 5 -1 6 -4
right_child=1 2 3 -5 -6 -7 -8
leaf_value=-0.033524821334736395 -0.0103707503752317 -0.022674571049165957 0.0050959278778816858 0.083866924939531309 0.0017281591721270907 -0.0031240519617582504 0.040723145241773756
leaf_count=16465 11293 2595 24504 20 2751 8525 857
internal_value=0 0.0302369 0.0656764 0.0830125 -0.460224 0.0772348 0.13037
internal_count=67010 47794 36501 33906 19216 33886 25361
shrinkage=0.05


Tree=55
num_leaves=8
num_cat=0
split_feature=4 2 0 0 0 5 2
split_gain=10.8616 6.73581 6.00627 5.50882 7.9679 6.8523 6.74276
threshold=117.25000000000001 24.650000000000002 53.500000000000007 58.500000000000007 59.500000000000007 2.440238095238096 25.350000000000005
decision_type=8 10 2 2 2 10 10
left_child=1 2 -1 -2 6 -6 -5
right_child=3 -3 -4 4 5 -7 -8
leaf_value=-0.033089936725325654 0.00043524213197812587 0.0091572837068883261 0.002831473513265128 0.049973377396751471 -0.013817951398086942 0.027560997521157801 -0.0021069649728474023
leaf_count=21999 36975 3952 2274 421 803 423 163
internal_value=0 -0.343437 -0.495066 0.0387742 0.301641 0.0184945 0.695604
internal_count=67010 28225 24273 38785 1810 1226 584
shrinkage=0.05


Tree=56
num_leaves=8
num_cat=0
split_feature=3 2 0 8 4 0 5
split_gain=10.1321 5.61373 5.34196 7.45719 6.95932 6.43687 7.64473
threshold=67.833333333333357 20.350000000000005 41.500000000000007 1.0000000180025095e-35 133.83333333333334 39.500000000000007 2.8728715728715737
decision_type=8 8 2 2 10 2 8
left_child=-1 -2 3 4 -3 -5 -7
right_child=1 2 -4 5 -6 6 -8
leaf_value=-0.021969272782106225 -0.013235519780340495 -0.029613832545900404 0.0045053721273634077 -0.02518320501491117 -0.00083308213828578621 0.090685768023720331 -0.017950902391729834
leaf_count=19216 7604 8265 29284 119 2335 107 80
internal_value=0 0.0277798 0.0539796 -0.165619 -0.257905 0.663586 1.17382
internal_count=67010 47794 40190 10906 10600 306 187
shrinkage=0.05


Tree=57
num_leaves=8
num_cat=0
split_feature=4 2 0 4 0 3 3
split_gain=9.37985 7.9839 6.27809 9.45279 8.53298 6.84292 10.6974
threshold=116.16666666666667 24.650000000000002 58.500000000000007 118.16666666666667 59.500000000000007 68.833333333333357 69.250000000000014
decision_type=8 10 2 10 2 10 10
left_child=1 -1 5 -4 -5 -2 -7
right_child=2 -3 3 4 -6 6 -8
leaf_value=-0.025513694763651007 -0.033490367738759262 0.013437029760062419 0.10435471889404219 0.031880469891095241 -0.0030553206645509662 0.071354425868653495 0.00027867279791464326
leaf_count=23113 4045 3576 93 566 1189 825 33603
internal_value=0 -0.337961 0.0338901 0.3112 0.23468 0.0017722 0.0178466
internal_count=67010 26689 40321 1848 1755 38473 34428
shrinkage=0.05


Tree=58
num_leaves=8
num_cat=0
split_feature=0 3 8 2 2 5 2
split_gain=8.66757 9.57916 6.66572 6.74692 5.99672 5.78551 5.14762
threshold=41.500000000000007 80.833333333333357 1.0000000180025095e-35 31.550000000000004 20.350000000000005 2.8728715728715737 34.650000000000013
decision_type=2 10 2 8 8 8 8
left_child=1 -1 -3 5 -2 -4 -6
right_child=4 2 3 -5 6 -7 -8
leaf_value=-0.029166815304777438 -0.012932225303090551 -0.0060082322841118778 0.095235793053752335 -0.034498896845305646 0.0028243248982107337 -0.0034821675436527409 0.029240433505023262
leaf_count=18910 8642 3628 63 20 35142 47 558
internal_value=0 -0.248671 -0.0103418 0.829285 0.0433346 1.29023 0.0733501
internal_count=67010 22668 3758 130 44342 110 35700
shrinkage=0.05


Tree=59
num_leaves=8
num_cat=0
split_feature=3 2 3 5 3 0 8
split_gain=8.27477 5.16032 6.4707 10.1351 8.69703 9.97645 8.53329
threshold=67.833333333333357 29.950000000000003 85.833333333333357 0.93413823019086195 82.250000000000014 43.500000000000007 1.0000000180025095e-35
decision_type=8 8 10 8 8 2 2
left_child=-1 2 3 4 5 -2 -5
right_child=1 -3 -4 6 -6 -7 -8
leaf_value=-0.020417129626736939 -0.02964800366665012 0.012390594580570867 0.0040913624116481299 -0.010867358443659566 -0.033972572140113323 0.10068072467356665 0.016820853141049964
leaf_count=19216 465 2708 8780 33220 153 558 1910
internal_value=0 0.0245015 -0.00703984 -0.120158 0.903068 1.4237 -0.154654
internal_count=67010 47794 45086 36306 1176 1023 35130
shrinkage=0.05


Tree=60
num_leaves=8
num_cat=0
split_feature=2 4 5 0 5 5 5
split_gain=7.79913 8.69864 7.42799 5.15619 4.33582 5.44524 12.9335
threshold=22.450000000000003 134.83333333333334 3.8265050167224084 31.500000000000004 2.9236596736596741 2.1220867208672094 2.2823299888517279
decision_type=8 10 8 2 8 10 10
left_child=1 -1 4 -2 5 -3 -7
right_child=3 2 -4 -5 -6 6 -8
leaf_value=-0.017530491163899816 -0.026918341647535721 -0.0038955577820608206 0.080379124062921734 0.0036642056689492782 -0.03778702354368612 0.077293683787560671 -0.0030859118095635414
leaf_count=28899 2264 2120 69 32806 182 205 465
internal_value=0 -0.168731 0.0634573 0.0583335 0.0105285 0.0732371 0.502847
internal_count=67010 31940 3041 35070 2972 2790 670
shrinkage=0.05


Tree=61
num_leaves=8
num_cat=0
split_feature=0 3 8 2 2 0 5
split_gain=7.50322 8.57707 5.79206 5.98884 5.03006 4.89197 6.07847
threshold=41.500000000000007 80.833333333333357 1.0000000180025095e-35 31.550000000000004 20.350000000000005 39.500000000000007 2.9831920903954807
decision_type=2 10 2 8 8 2 10
left_child=1 -1 -3 5 -2 -4 -7
right_child=4 2 3 -5 -6 6 -8
leaf_value=-0.028095332519397106 -0.01201176475275352 -0.005812177087383419 -0.012827223662604343 -0.034233922561475373 0.0033531142006475861 0.10948806572222436 -0.0082829834229728849
leaf_count=18910 8642 3628 35 20 35700 44 31
internal_value=0 -0.233953 -0.0117742 0.754601 0.0399908 1.16983 1.61167
internal_count=67010 22668 3758 130 44342 110 75
shrinkage=0.05


Tree=62
num_leaves=8
num_cat=0
split_feature=3 0 6 0 2 3 5
split_gain=7.00581 5.12351 5.01647 4.50476 6.04526 8.81939 9.31653
threshold=67.833333333333357 50.500000000000007 12.250000000000002 58.500000000000007 23.950000000000003 83.833333333333357 1.036254107338445
decision_type=8 2 10 2 8 10 8
left_child=1 -1 3 4 5 6 -2
right_child=2 -3 -4 -5 -6 -7 -8
leaf_value=-0.030657352798633814 0.030926695547918683 0.0052395925310148236 0.074437084435075337 0.012406189929925711 0.0033893709256467108 0.0012162928521096889 -0.022028443287020066
leaf_count=16465 1616 2751 22 2090 19016 5554 19496
internal_value=0 -0.383761 0.0221184 0.0174303 -0.00923092 -0.128497 -0.351784
internal_count=67010 19216 47794 47772 45682 26666 21112
shrinkage=0.05


Tree=63
num_leaves=8
num_cat=0
split_feature=0 3 2 2 5 2 4
split_gain=6.59066 7.77846 5.94612 4.64476 6.28002 5.45112 8.59211
threshold=41.500000000000007 82.833333333333357 31.150000000000002 34.650000000000013 3.201694915254238 37.250000000000007 138.83333333333334
decision_type=2 10 10 8 10 8 10
left_child=1 2 -1 -2 5 6 -5
right_child=3 -3 -4 4 -6 -7 -8
leaf_value=-0.029833356943402174 0.0011208819298746599 0.00066475399310222494 0.033945053453692052 0.14270241505845688 -0.020515905414827538 0.012284207389845829 0.022382996433318775
leaf_count=19453 43784 2795 420 68 107 334 49
internal_value=0 -0.221368 -0.507258 0.0371734 0.51363 0.837322 1.49161
internal_count=67010 22668 19873 44342 558 451 117
shrinkage=0.05


Tree=64
num_leaves=8
num_cat=0
split_feature=2 0 3 5 5 3 4
split_gain=6.24558 10.5539 8.16483 6.33607 9.36109 11.6714 7.78518
threshold=25.850000000000005 44.500000000000007 88.833333333333357 2.9236596736596741 2.6821789321789322 85.833333333333357 133.25000000000003
decision_type=8 2 10 8 10 10 8
left_child=1 2 -1 4 -3 -6 -7
right_child=-2 3 -4 -5 5 6 -8
leaf_value=-0.025686031125901284 0.0057781653830815188 0.00076438624302709989 0.0039831615597037346 -0.014213655953768924 -0.0042302412588645019 0.12824861262290585 0.036699513973426204
leaf_count=25970 12473 22248 899 3779 1343 103 195
internal_value=0 -0.0699229 -0.340229 0.0098608 0.0665733 0.640629 1.25211
internal_count=67010 54537 26869 27668 23889 1641 298
shrinkage=0.05


Tree=65
num_leaves=8
num_cat=0
split_feature=3 0 6 0 5 5 6
split_gain=5.94526 4.63752 4.56319 4.30503 4.2682 6.87014 5.45929
threshold=67.833333333333357 50.500000000000007 12.250000000000002 26.500000000000004 2.0613814756671904 1.3004854368932042 5.5500000000000007
decision_type=8 2 10 2 8 10 10
left_child=1 -1 3 -2 5 -3 -7
right_child=2 4 -4 -5 -6 6 -8
leaf_value=-0.029489685443972038 -0.042234169837243304 -0.035107777091118009 0.069821558398112216 0.0011295562164515952 -0.023447775180314753 0.0018475604010316712 0.094098855276805171
leaf_count=16465 1063 486 22 46709 1131 643 491
internal_value=0 -0.360201 0.0203318 0.0157924 0.0984389 0.558008 1.09898
internal_count=67010 19216 47794 47772 2751 1620 1134
shrinkage=0.05


Tree=66
num_leaves=8
num_cat=0
split_feature=2 4 5 0 2 8 5
split_gain=5.6279 7.06349 6.72709 4.15416 4.24125 4.02698 7.15416
threshold=22.450000000000003 134.83333333333334 3.8265050167224084 31.500000000000004 37.45000000000001 1.0000000180025095e-35 1.9679979518689195
decision_type=8 10 8 2 10 2 8
left_child=1 5 -3 4 -2 -1 -7
right_child=3 2 -4 -5 -6 6 -8
leaf_value=-0.018326318476206631 -0.034991547336572636 0.0004872599774918464 0.075062269398691497 0.0031016322069818882 0.044751255463142944 0.062753889034970645 -0.028215162946246455
leaf_count=28170 2226 2972 69 32806 38 360 369
internal_value=0 -0.145556 0.0610671 0.0491456 -0.504789 -0.316165 0.387596
internal_count=67010 31940 3041 35070 2264 28899 729
shrinkage=0.05


Tree=67
num_leaves=8
num_cat=0
split_feature=0 3 6 5 0 0 1
split_gain=5.41279 8.90351 6.78121 12.3358 7.64726 6.29111 7.23002
threshold=58.500000000000007 78.833333333333357 5.5500000000000007 2.335271317829458 47.500000000000007 59.500000000000007 1.5000000000000002
decision_type=2 10 10 8 2 2 2
left_child=1 2 -1 4 -4 6 -2
right_child=5 -3 3 -5 -6 -7 -8
leaf_value=-0.019786593981229363 0.037459770351929988 0.0015047768110685884 -0.011947565039308805 -0.024694985233473229 0.041541936300134003 0.0002303017134722264 -0.025823247720305503
leaf_count=32200 674 21766 3826 3942 2747 1707 148
internal_value=0 -0.0293639 -0.244494 0.0521188 0.480071 0.242864 0.566545
internal_count=67010 64481 42715 10515 6573 2529 822
shrinkage=0.05


Tree=68
num_leaves=8
num_cat=0
split_feature=2 0 3 5 5 2 5
split_gain=5.22143 8.96972 7.20755 5.86095 13.849 4.99142 5.79142
threshold=25.850000000000005 44.500000000000007 88.833333333333357 2.8434436274509811 2.7711309523809526 19.650000000000002 3.7319250871080141
decision_type=8 2 10 8 10 10 10
left_child=1 2 -1 4 -3 -5 -7
right_child=-2 3 -4 5 -6 6 -8
leaf_value=-0.02444153982970021 0.0052569625144482587 0.0015596196414522322 0.003575833890594458 0.061557596516017547 0.066628031677158084 -0.022870240357581492 0.012309845138668453
leaf_count=25970 12473 22953 899 140 459 3286 830
internal_value=0 -0.0642494 -0.318469 0.0083353 0.0663713 -0.25735 -0.302879
internal_count=67010 54537 26869 27668 23412 4256 4116
shrinkage=0.05


Tree=69
num_leaves=8
num_cat=0
split_feature=2 4 5 5 5 5 0
split_gain=4.77175 6.13649 5.87537 3.91427 4.65517 11.0066 10.3604
threshold=22.450000000000003 134.83333333333334 3.8265050167224084 2.9236596736596741 2.1220867208672094 2.2823299888517279 51.500000000000007
decision_type=8 10 8 8 10 10 2
left_child=1 -1 3 4 -3 6 -6
right_child=-2 2 -4 -5 5 -7 -8
leaf_value=-0.01487637378875379 0.0022516091094619039 -0.0038311969377796407 0.068321339317646779 -0.036967097651530993 0.12257186574127521 -0.0036044616508824549 0.007911467062631317
leaf_count=28899 35070 2120 69 182 124 465 81
internal_value=0 -0.135027 0.0558423 0.0068115 0.0648499 0.454774 1.37723
internal_count=67010 31940 3041 2972 2790 670 205
shrinkage=0.05


Tree=70
num_leaves=8
num_cat=0
split_feature=0 3 2 6 5 0 5
split_gain=4.79245 7.52692 6.20177 7.33903 9.3455 6.66029 5.94561
threshold=58.500000000000007 78.833333333333357 23.950000000000003 6.2500000000000009 2.0863133248190726 42.500000000000007 1.5594229217110576
decision_type=2 10 10 10 10 2 8
left_child=1 2 3 -1 -5 -4 -7
right_child=-2 -3 5 4 -6 6 -8
leaf_value=-0.022742300638005059 0.011366112882116641 0.0013216581114961852 -0.025999156944690228 0.10841728744841805 -0.031370266963078181 0.054859902593885859 0.0034327338856600014
leaf_count=31322 2529 21766 4930 238 209 709 5307
internal_value=0 -0.0276447 -0.228086 -0.395566 0.923437 0.0225599 0.223466
internal_count=67010 64481 42715 31769 447 10946 6016
shrinkage=0.05


Tree=71
num_leaves=8
num_cat=0
split_feature=0 8 4 0 5 2 5
split_gain=4.35825 7.038 5.72899 5.70353 5.74819 3.96467 5.57409
threshold=41.500000000000007 1.0000000180025095e-35 133.83333333333334 39.500000000000007 2.8728715728715737 34.650000000000013 3.201694915254238
decision_type=2 2 10 2 8 8 10
left_child=1 2 -1 -3 -5 -2 -7
right_child=5 3 -4 4 -6 6 -8
leaf_value=-0.025590962933754097 0.00081538255580310528 -0.025547383695457629 -0.001693213894283333 0.074934784199184881 -0.017298230420551428 0.037929260211318254 -0.0204679009333813
leaf_count=19651 43784 169 2609 154 85 451 107
internal_value=0 -0.184371 -0.265127 0.586836 1.02432 0.0300727 0.463657
internal_count=67010 22668 22260 408 239 44342 558
shrinkage=0.05


Tree=72
num_leaves=8
num_cat=0
split_feature=0 3 6 5 0 0 2
split_gain=4.24224 6.6204 5.88606 11.2064 6.08841 9.01047 5.49214
threshold=58.500000000000007 78.833333333333357 5.5500000000000007 2.335271317829458 49.500000000000007 50.500000000000007 22.050000000000004
decision_type=2 10 10 8 2 2 8
left_child=1 2 -1 4 -4 6 -6
right_child=-2 -3 3 -5 5 -7 -8
leaf_value=-0.018138211730129385 0.01063241911524072 0.0012106261345695161 -0.005547463456534063 -0.023797903439156214 0.16698712204013 0.022712545676499461 0.01703220513934264
leaf_count=32200 2529 21766 4479 3942 214 1723 157
internal_value=0 -0.0261164 -0.215919 0.0590531 0.458457 0.810177 2.32806
internal_count=67010 64481 42715 10515 6573 2094 371
shrinkage=0.05


Tree=73
num_leaves=8
num_cat=0
split_feature=2 0 3 5 5 3 4
split_gain=4.15749 7.30196 6.16525 5.33133 7.99887 9.1701 6.40539
threshold=25.850000000000005 44.500000000000007 88.833333333333357 2.9236596736596741 2.6821789321789322 85.833333333333357 133.25000000000003
decision_type=8 2 10 8 10 10 8
left_child=1 2 -1 4 -3 -6 -7
right_child=-2 3 -4 -5 5 6 -8
leaf_value=-0.022899524727728722 0.004678295420415121 0.00051722735630931006 0.0031946423076811498 -0.0133272226352952 -0.0038814346647791996 0.11067814224664858 0.031727816704515785
leaf_count=25970 12473 22248 899 3779 1343 103 195
internal_value=0 -0.0573996 -0.292168 0.00709905 0.0583328 0.579303 1.09175
internal_count=67010 54537 26869 27668 23889 1641 298
shrinkage=0.05


Tree=74
num_leaves=8
num_cat=0
split_feature=6 0 4 5 5 4 2
split_gain=4.04614 3.9945 7.30831 4.96246 6.99294 7.2647 5.93962
threshold=12.250000000000002 50.500000000000007 109.33333333333336 1.7232405891980362 2.4296703296703299 167.33333333333334 22.550000000000004
decision_type=10 2 10 8 10 10 8
left_child=1 2 -1 -4 -5 6 -6
right_child=-2 -3 3 4 5 -7 -8
leaf_value=-0.031712990779969683 0.06317091727310091 0.0038028314816924884 -0.011883154878538988 0.0099907326164884007 -0.03603215589753677 0.037988930114459037 -0.0044072370718976819
leaf_count=13177 24 15430 12339 12895 2539 69 10537
internal_value=0 -0.00431014 -0.0685456 -0.0384025 0.0223756 -0.102543 -0.147316
internal_count=67010 66986 51556 38379 26040 13145 13076
shrinkage=0.05


Tree=75
num_leaves=8
num_cat=0
split_feature=6 3 5 7 6 6 0
split_gain=3.85271 4.79983 9.7347 6.78146 8.35228 5.68611 4.43578
threshold=6.3500000000000005 93.250000000000014 3.6505813953488375 1.0000000180025095e-35 5.9500000000000011 5.8500000000000005 46.500000000000007
decision_type=10 10 8 2 10 10 2
left_child=1 3 -3 -1 -5 -4 -2
right_child=6 2 5 4 -6 -7 -8
leaf_value=-0.0044238744750733413 -0.0087848008951972641 0.0018960332358568797 0.055802744087782324 0.11355654692226023 -0.0092961522216919897 -0.012036786229000588 0.016504152204198892
leaf_count=61748 794 2391 157 87 113 40 1680
internal_value=0 -0.0254361 0.11077 -0.0766436 1.05405 0.823431 0.196666
internal_count=67010 64536 2588 61948 200 197 2474
shrinkage=0.05


Tree=76
num_leaves=8
num_cat=0
split_feature=0 2 5 5 4 6 2
split_gain=3.75267 3.8068 4.89342 7.55585 6.78541 5.48117 4.94023
threshold=26.500000000000004 20.350000000000005 1.9612887112887112 2.0613814756671904 140.83333333333334 5.4500000000000011 18.650000000000002
decision_type=2 8 10 10 10 10 10
left_child=-1 2 5 -4 -5 6 -2
right_child=1 -3 3 4 -6 -7 -8
leaf_value=-0.03641193950763217 -0.0023123770135699915 0.0014094557019475352 0.077669968160697475 -0.026988048439645362 0.042777967117818338 0.0035678933276813291 -0.044432800132065534
leaf_count=2500 2941 50390 534 2293 83 3392 4877
internal_value=0 0.00662392 -0.222948 0.240705 -0.086062 -0.379795 -0.622128
internal_count=67010 64510 14120 2910 2376 11210 7818
shrinkage=0.05


Tree=77
num_leaves=8
num_cat=0
split_feature=6 0 3 3 4 5 0
split_gain=3.62772 3.67513 5.39874 7.1833 8.00202 6.13214 5.36487
threshold=12.250000000000002 58.500000000000007 68.833333333333357 69.250000000000014 118.16666666666667 2.4296703296703299 59.500000000000007
decision_type=10 2 10 10 10 8 2
left_child=1 2 -1 4 -4 -6 -3
right_child=-2 6 3 -5 5 -7 -8
leaf_value=-0.019168916229986007 0.058861306366950361 0.024159155037180434 -0.007360940570256061 -0.00090317761869396001 0.12335214842984527 -0.0045829672592520628 -0.0012591191032943596
leaf_count=20985 24 822 1383 41428 438 223 1707
internal_value=0 -0.00403453 -0.0281969 -0.00610811 0.917355 1.79146 0.192696
internal_count=67010 66986 64457 43472 2044 661 2529
shrinkage=0.05


Tree=78
num_leaves=8
num_cat=0
split_feature=0 2 0 3 0 5 5
split_gain=3.51856 3.51224 5.29359 5.26649 5.95439 5.02299 11.326
threshold=26.500000000000004 25.850000000000005 44.500000000000007 82.833333333333357 29.500000000000004 2.8434436274509811 2.6821789321789322
decision_type=2 8 2 10 2 8 10
left_child=-1 2 3 4 -2 6 -4
right_child=1 -3 5 -5 -6 -7 -8
leaf_value=-0.035879650211285745 0.041403955622612919 0.0046254378683924348 0.00050747899540131433 -0.0020283132965413851 -0.030005478947623405 -0.012105420481132565 0.039317465310296978
leaf_count=2500 1443 12131 22248 2900 20368 4256 1164
internal_value=0 0.0064529 -0.0466524 -0.254554 -0.508272 0.00689603 0.0599734
internal_count=67010 64510 52379 24711 21811 27668 23412
shrinkage=0.05


Tree=79
num_leaves=8
num_cat=0
split_feature=0 6 4 6 6 4 0
split_gain=3.32585 3.35761 6.14332 4.0116 5.93179 6.56086 4.30046
threshold=26.500000000000004 8.5500000000000025 142.25000000000003 7.5500000000000007 6.8500000000000005 140.83333333333334 46.500000000000007
decision_type=2 10 8 10 10 10 2
left_child=-1 3 -3 4 -2 6 -6
right_child=1 2 -4 -5 5 -7 -8
leaf_value=-0.035411411013438351 -0.00050331181420028271 -0.0048344939490694199 0.054910545500911484 -0.025512146907414542 -0.0052451807233949233 -0.0077903725386591367 0.057982805057673864
leaf_count=2500 63101 301 54 371 172 115 396
internal_value=0 0.00613105 0.444768 -0.00383538 0.00669555 0.4863 0.887725
internal_count=67010 64510 355 64155 63784 683 568
shrinkage=0.05


Tree=80
num_leaves=8
num_cat=0
split_feature=6 0 1 5 3 3 8
split_gain=3.2376 3.19514 4.89141 6.5405 5.77207 4.90577 4.85409
threshold=12.250000000000002 58.500000000000007 1.5000000000000002 2.2335497835497837 64.833333333333357 83.833333333333357 1.0000000180025095e-35
decision_type=10 2 2 10 10 10 2
left_child=1 6 4 -4 -3 -5 -1
right_child=-2 2 3 5 -6 -7 -8
leaf_value=-0.0028767488895664007 0.054797560720375151 0.090288139553914487 -0.035937576626993234 -0.015913515833921189 0.011974547688908432 0.063815101312608549 0.010007639370706539
leaf_count=61268 24 129 469 176 1713 42 3189
internal_value=0 -0.00375059 0.178631 -0.285268 0.299887 0.497697 -0.0264259
internal_count=67010 66986 2529 687 1842 218 64457
shrinkage=0.05


Tree=81
num_leaves=8
num_cat=0
split_feature=0 2 5 5 4 6 2
split_gain=3.13161 3.24139 4.51509 6.66395 6.06752 5.21127 4.88722
threshold=26.500000000000004 20.350000000000005 1.9612887112887112 2.0613814756671904 140.83333333333334 5.4500000000000011 18.650000000000002
decision_type=2 8 10 10 10 10 10
left_child=-1 2 5 -4 -5 6 -2
right_child=1 -3 3 4 -6 -7 -8
leaf_value=-0.034901124695038602 -0.0016741867835721111 0.0012872080669718853 0.071581167844837409 -0.026271590989407179 0.039275670888605972 0.0037752735619579303 -0.044045145721589636
leaf_count=2500 2941 50390 534 2293 83 3392 4877
internal_value=0 0.00604761 -0.208008 0.234974 -0.0804865 -0.362372 -0.605923
internal_count=67010 64510 14120 2910 2376 11210 7818
shrinkage=0.05


Tree=82
num_leaves=8
num_cat=0
split_feature=3 2 5 6 5 5 7
split_gain=3.0768 3.98905 4.38674 5.50535 7.53263 6.10237 5.84207
threshold=100.83333333333336 29.850000000000005 2.8728715728715737 6.0500000000000007 2.7964532328939113 1.7549095109742012 1.0000000180025095e-35
decision_type=10 10 10 10 10 10 2
left_child=1 2 3 6 5 -5 -1
right_child=-2 -3 -4 4 -6 -7 -8
leaf_value=-0.0027345264209571226 0.0091675626193993189 0.0094913887096766906 -0.01050921353352003 0.0334534713827567 0.083337935850195569 -0.0015300715015160006 0.068286999976737692
leaf_count=50849 725 2646 10226 812 87 1579 86
internal_value=0 -0.0215028 -0.0487231 -0.00444223 0.276074 0.183856 -0.0450146
internal_count=67010 66285 63639 53413 2478 2391 50935
shrinkage=0.05


Tree=83
num_leaves=8
num_cat=0
split_feature=0 4 6 2 5 3 2
split_gain=2.9591 3.10337 2.84092 2.69077 2.63297 7.90228 4.10903
threshold=26.500000000000004 107.33333333333336 12.250000000000002 41.650000000000013 3.2687617260787993 113.25000000000001 34.350000000000001
decision_type=2 8 10 10 10 8 8
left_child=-1 -2 3 4 6 -6 -3
right_child=1 2 -4 -5 5 -7 -8
leaf_value=-0.034421247175777318 -0.017275612339304951 0.00095159032914387545 0.051550174729567383 0.044048375239173092 -0.0095425839174991707 0.061237325573761714 0.023798187950990066
leaf_count=2500 12318 45917 24 48 5610 20 573
internal_value=0 0.00595029 0.017436 0.0136497 0.00945676 -0.13724 0.0336806
internal_count=67010 64510 52192 52168 52120 5630 46490
shrinkage=0.05


Tree=84
num_leaves=8
num_cat=0
split_feature=4 0 3 0 5 3 2
split_gain=2.80344 2.91286 7.53135 4.39943 4.99705 5.38798 6.44285
threshold=100.25000000000001 58.500000000000007 63.250000000000007 59.500000000000007 2.440238095238096 81.583333333333357 25.050000000000004
decision_type=8 2 10 2 10 10 10
left_child=-1 -2 -3 -4 -5 -6 -7
right_child=1 2 3 4 5 6 -8
leaf_value=-0.0258741078286941 -0.00071828114628485096 0.08907686911918819 0.019244019578752436 -0.015888609454627955 -0.017206021584642166 -0.0033792746075202228 0.071882949231001178
leaf_count=5622 58980 147 745 1005 309 108 94
internal_value=0 0.00750311 0.181937 0.124951 -0.0770767 0.348911 0.767066
internal_count=67010 61388 2408 2261 1516 511 202
shrinkage=0.05


Tree=85
num_leaves=8
num_cat=0
split_feature=0 3 6 0 3 1 5
split_gain=2.78867 2.86981 2.63528 2.49407 6.27511 4.17941 5.62473
threshold=26.500000000000004 56.833333333333336 12.250000000000002 58.500000000000007 63.250000000000007 1.5000000000000002 2.2335497835497837
decision_type=2 8 10 2 10 2 8
left_child=-1 -2 3 -3 -5 -6 -7
right_child=1 2 -4 4 5 6 -8
leaf_value=-0.033911149278213391 -0.033805571332715355 -0.00063249349897791013 0.04886865409176748 0.078556741717474871 0.011156604311055102 -0.038567174443295757 0.01990733498335423
leaf_count=2500 3135 58879 24 175 1736 373 188
internal_value=0 0.00590342 0.0113744 0.00778367 0.168222 0.114683 -0.336596
internal_count=67010 64510 61375 61351 2472 2297 561
shrinkage=0.05


Tree=86
num_leaves=8
num_cat=0
split_feature=2 5 5 6 4 2 6
split_gain=2.64822 5.19249 5.24532 5.10834 4.66725 4.63152 4.01131
threshold=20.350000000000005 1.9612887112887112 2.0613814756671904 5.4500000000000011 140.25000000000003 18.650000000000002 5.4500000000000011
decision_type=8 10 10 10 8 10 10
left_child=1 3 6 5 -4 -1 -3
right_child=-2 2 4 -5 -6 -7 -8
leaf_value=-0.002655096360074348 0.00091502597336296258 0.099851221364293585 -0.020824103350783447 0.0036352570589739857 0.0362640976955916 -0.043833729496363438 -0.0055749137504954869
leaf_count=3260 51957 359 2391 3442 83 5328 190
internal_value=0 -0.192906 0.27815 -0.359741 -0.0123593 -0.602279 1.30605
internal_count=67010 15053 3023 12030 2474 8588 549
shrinkage=0.05


Tree=87
num_leaves=8
num_cat=0
split_feature=0 3 6 4 6 6 4
split_gain=2.61927 2.69284 2.51865 5.37785 3.96059 4.84293 5.60989
threshold=26.500000000000004 56.833333333333336 8.5500000000000025 142.83333333333334 7.5500000000000007 6.8500000000000005 140.83333333333334
decision_type=2 8 10 10 10 10 10
left_child=-1 -2 4 -4 5 -3 -7
right_child=1 2 3 -5 -6 6 -8
leaf_value=-0.03337488402259333 -0.033277136119635869 -0.00014796142394867212 -0.0058777187388148293 0.049029743768095775 -0.025186945243743833 0.039862590201445412 -0.0078969617894353635
leaf_count=2500 3135 59981 300 54 368 558 114
internal_value=0 0.00568579 0.0109018 0.384998 0.0020651 0.012551 0.439354
internal_count=67010 64510 61375 354 61021 60653 672
shrinkage=0.05


Tree=88
num_leaves=8
num_cat=0
split_feature=3 6 5 2 3 6 5
split_gain=2.59879 3.60638 3.97448 5.21596 4.42596 5.23191 5.98774
threshold=100.83333333333336 5.9500000000000011 3.5461647727272729 28.250000000000004 102.25000000000001 5.5500000000000007 1.7870596442274154
decision_type=10 10 10 10 10 10 10
left_child=-1 2 4 -4 -2 -6 -7
right_child=1 -3 3 -5 5 6 -8
leaf_value=-0.00097753364936737437 0.031492756283395255 -0.013278103815467252 0.076162833253474005 -0.0061653177852214218 -0.0098885664203118943 -0.029907909140627832 0.044632305142096096
leaf_count=66285 145 111 34 20 305 27 83
internal_value=0 0.168 0.26656 0.929207 0.174637 0.0145795 0.538602
internal_count=67010 725 614 54 560 415 110
shrinkage=0.05


Tree=89
num_leaves=8
num_cat=0
split_feature=2 0 3 2 5 6 5
split_gain=2.52298 5.00626 5.02247 5.91588 6.11088 4.83674 4.55249
threshold=25.850000000000005 44.500000000000007 88.833333333333357 18.650000000000002 1.2085622710622712 5.6500000000000012 2.8434436274509811
decision_type=8 2 10 10 10 10 8
left_child=1 2 3 4 -1 -4 -3
right_child=-2 6 5 -5 -6 -7 -8
leaf_value=-0.032276251685223134 0.0036380082072060005 0.0028878691786417402 0.012156631122164909 -0.024692657955333375 0.067087291377809902 -0.036768861354648463 -0.011575673849641324
leaf_count=1251 12473 23412 776 22773 1946 123 4256
internal_value=0 -0.0446538 -0.246436 -0.407199 0.590925 0.0715747 0.00756562
internal_count=67010 54537 26869 25970 3197 899 27668
shrinkage=0.05


Tree=90
num_leaves=8
num_cat=0
split_feature=0 4 2 6 5 3 0
split_gain=2.43194 2.52448 2.3879 2.35397 2.43167 6.85354 3.86479
threshold=26.500000000000004 107.33333333333336 41.650000000000013 12.250000000000002 3.2687617260787993 113.25000000000001 53.500000000000007
decision_type=2 8 10 10 10 10 2
left_child=-1 -2 3 4 -3 6 -6
right_child=1 2 -4 -5 5 -7 -8
leaf_value=-0.032740562522730512 -0.015918902900350477 0.0015553513621649443 0.041055125617371076 0.04568995647307858 -0.01445232691160675 0.055474021664110897 0.0088370177841442955
leaf_count=2500 12318 46490 48 24 4860 20 750
internal_value=0 0.00529111 0.0154405 0.0114444 0.00791761 -0.133531 -0.18475
internal_count=67010 64510 52192 52144 52120 5630 5610
shrinkage=0.05


Tree=91
num_leaves=8
num_cat=0
split_feature=2 5 6 5 2 4 6
split_gain=2.3331 4.83717 4.82946 4.64551 4.46496 4.17873 3.43163
threshold=20.350000000000005 1.9612887112887112 5.4500000000000011 2.0613814756671904 18.650000000000002 140.83333333333334 5.4500000000000011
decision_type=8 10 10 10 10 10 10
left_child=1 2 4 6 -1 -5 -3
right_child=-2 3 -4 5 -6 -7 -8
leaf_value=-0.0026837586882156 0.00085329393601568269 0.091008735820954229 0.0035623761583122322 -0.02013185396268883 -0.043442517975657929 0.033637230328467514 -0.0054768871622108053
leaf_count=3260 51957 359 3442 2391 5328 83 190
internal_value=0 -0.182376 -0.346485 0.269644 -0.588511 -0.00951208 1.21307
internal_count=67010 15053 12030 3023 8588 2474 549
shrinkage=0.05


Tree=92
num_leaves=8
num_cat=0
split_feature=4 0 3 6 5 5 4
split_gain=2.29413 2.28787 6.21404 3.9996 6.14654 4.70506 5.26879
threshold=100.25000000000001 58.500000000000007 64.250000000000014 5.0500000000000007 1.5364086249558151 2.2155354449472102 121.25000000000001
decision_type=8 2 10 8 10 10 10
left_child=-1 -2 -3 4 -4 6 -5
right_child=1 2 3 5 -6 -7 -8
leaf_value=-0.024202861400048754 -0.00064319293737856561 0.071945333001466535 0.10220452609869324 0.034904290076740861 -0.0072075951530278203 0.014535296831422934 -0.016519599062736666
leaf_count=5622 58980 185 36 345 65 980 797
internal_value=0 0.00669315 0.15994 0.102367 0.980004 0.0473191 -0.191896
internal_count=67010 61388 2408 2223 101 2122 1142
shrinkage=0.05


Tree=93
num_leaves=8
num_cat=0
split_feature=0 3 2 2 6 6 5
split_gain=2.2782 2.41879 2.25607 4.94132 3.81845 3.59705 4.57574
threshold=26.500000000000004 56.833333333333336 29.950000000000003 30.150000000000002 5.7500000000000009 5.2500000000000009 2.1768428890543565
decision_type=2 8 8 8 10 10 10
left_child=-1 -2 -3 4 -4 6 -5
right_child=1 2 3 5 -6 -7 -8
leaf_value=-0.032169850057079778 -0.032382502086164076 -0.00053024164141788645 0.0047999815262269622 -0.013936527358500898 0.089645850470504329 -0.00042256788547618033 0.038119818671617463
leaf_count=2500 3135 58493 115 218 58 2024 467
internal_value=0 0.0053082 0.0101264 0.152817 1.06111 0.0954318 0.470999
internal_count=67010 64510 61375 2882 173 2709 685
shrinkage=0.05


Tree=94
num_leaves=8
num_cat=0
split_feature=4 5 4 0 2 6 4
split_gain=2.25232 6.5271 6.60863 3.82049 3.92686 3.11514 5.78659
threshold=168.33333333333334 2.0529824561403509 187.66666666666669 44.500000000000007 24.250000000000004 8.4500000000000011 142.83333333333334
decision_type=10 10 10 2 10 10 10
left_child=5 -2 3 -3 -5 -1 -7
right_child=1 2 -4 4 -6 6 -8
leaf_value=-0.0010538294265776879 -0.015821139692648565 0.003109916639130253 -0.027128130862023994 0.0050042094839939238 0.070980148066389068 -0.0047038384459668729 0.051643584627283773
leaf_count=66365 112 44 23 30 58 323 55
internal_value=0 0.254138 0.585429 0.83827 1.11644 -0.0107782 0.397673
internal_count=67010 267 155 132 88 66743 378
shrinkage=0.05


Tree=95
num_leaves=8
num_cat=0
split_feature=0 8 0 5 5 3 5
split_gain=2.17764 5.64412 5.06263 4.75547 4.13152 3.13525 6.55766
threshold=41.500000000000007 1.0000000180025095e-35 39.500000000000007 2.8728715728715737 1.3091846298031868 92.833333333333357 1.7946961714085006
decision_type=2 2 2 8 8 10 10
left_child=1 4 -3 -4 -1 -6 -7
right_child=-2 2 3 -5 5 6 -8
leaf_value=-0.040826733088780556 0.0010857777127378351 -0.025153029720180443 0.067499524701732025 -0.016519029273294916 -0.013073550059491113 0.056648001413630383 -0.0049814018560910261
leaf_count=4154 44342 169 154 85 17656 79 371
internal_value=0 -0.13396 0.546089 0.943654 -0.21226 -0.137407 0.157106
internal_count=67010 22668 408 239 22260 18106 450
shrinkage=0.05


Tree=96
num_leaves=8
num_cat=0
split_feature=6 0 4 5 5 4 5
split_gain=2.15359 2.29396 5.15715 3.88211 6.28159 4.54957 6.92701
threshold=12.250000000000002 50.500000000000007 109.33333333333336 1.7232405891980362 3.1589105339105341 154.33333333333334 3.6505813953488375
decision_type=10 2 10 8 10 10 10
left_child=1 2 -1 -4 -5 -6 -7
right_child=-2 -3 3 4 5 6 -8
leaf_value=-0.028464206908959275 0.04273686163915269 0.0028765854782929765 -0.010430490063129308 0.0053006132917259941 -0.016863710744968129 -0.020027586033626348 0.045465217502429496
leaf_count=13177 24 15430 12339 21014 4877 80 69
internal_value=0 -0.00253761 -0.0521474 -0.0284174 0.0248223 -0.221558 0.273154
internal_count=67010 66986 51556 38379 26040 5026 149
shrinkage=0.05


Tree=97
num_leaves=8
num_cat=0
split_feature=2 0 3 5 5 2 0
split_gain=2.10318 2.28914 5.40536 2.61034 4.53395 2.35547 4.18501
threshold=41.650000000000013 31.500000000000004 71.166666666666671 1.8343137254901962 1.9435290991230403 25.850000000000005 43.500000000000007
decision_type=10 2 8 8 10 8 2
left_child=1 2 3 -1 -5 6 -3
right_child=-2 5 -4 4 -6 -7 -8
leaf_value=-0.016135580529510987 0.037112599350212896 -0.012952352022517724 -0.038218500801719089 0.09932109961241703 -0.0099237655169768426 0.0037832900701047114 8.5490945329223331e-05
leaf_count=1954 51 19468 1730 908 1129 11561 30209
internal_value=0 -0.00299566 -0.382526 0.46666 0.99848 0.00485384 -0.0392537
internal_count=67010 66959 5721 3991 2037 61238 49677
shrinkage=0.05


Tree=98
num_leaves=8
num_cat=0
split_feature=0 3 2 6 6 6 6
split_gain=2.0207 2.18652 1.9308 1.94371 2.25985 5.8088 3.55987
threshold=26.500000000000004 56.833333333333336 41.650000000000013 12.250000000000002 9.4500000000000011 8.5500000000000025 7.5500000000000007
decision_type=2 8 10 10 10 10 10
left_child=-1 -2 3 4 5 6 -3
right_child=1 2 -4 -5 -6 -7 -8
leaf_value=-0.031126806942568905 -0.031532149059774459 0.00043267746267144436 0.035783108226225664 0.040495439994121842 -0.026068166516724001 0.041252885888254744 -0.024369127042296476
leaf_count=2500 3135 60612 48 24 173 153 365
internal_value=0 0.0049032 0.00938075 0.00578501 0.00259711 0.00828329 -0.00119865
internal_count=67010 64510 61375 61327 61303 61130 60977
shrinkage=0.05


Tree=99
num_leaves=8
num_cat=0
split_feature=2 5 2 4 6 5 0
split_gain=1.99047 5.51247 5.19403 2.58664 3.05927 4.04685 5.51635
threshold=18.350000000000005 0.93413823019086195 18.550000000000004 105.83333333333336 5.5500000000000007 2.0287784679089031 50.500000000000007
decision_type=8 8 8 8 10 10 2
left_child=1 -1 -2 4 -4 6 -6
right_child=2 -3 3 -5 5 -7 -8
leaf_value=0.043902607981214127 0.055755579088261932 -0.029918541066316508 -0.035682788928756842 0.00051272091243014341 -0.02685968131216751 -0.033667800068778335 0.087975986135480327
leaf_count=477 761 3704 6579 53462 915 802 310
internal_value=0 -0.346508 0.00808294 0.00186808 -0.407605 0.219717 0.893895
internal_count=67010 4181 62829 62068 8606 2027 1225
shrinkage=0.05


end of trees

feature importances:
H25_age=169
H25_bmi=113
H25_dbp=113
H25_sbp=104
H25_lhrate=94
H25_a1c=65
H25_dl=32
H25_dm=6
H25_sex=4

parameters:
[boosting: gbdt]
[objective: binary]
[metric: binary]
[tree_learner: serial]
[device_type: cpu]
[data: ]
[valid: ]
[num_iterations: 100]
[learning_rate: 0.05]
[num_leaves: 8]
[num_threads: 0]
[max_depth: -1]
[min_data_in_leaf: 20]
[min_sum_hessian_in_leaf: 1]
[bagging_fraction: 0.4]
[bagging_freq: 0]
[bagging_seed: 3]
[feature_fraction: 1]
[feature_fraction_seed: 2]
[early_stopping_round: 0]
[max_delta_step: 0]
[lambda_l1: 0]
[lambda_l2: 1]
[min_gain_to_split: 0]
[drop_rate: 0.1]
[max_drop: 50]
[skip_drop: 0.5]
[xgboost_dart_mode: 0]
[uniform_drop: 0]
[drop_seed: 4]
[top_rate: 0.2]
[other_rate: 0.1]
[min_data_per_group: 100]
[max_cat_threshold: 32]
[cat_l2: 10]
[cat_smooth: 10]
[max_cat_to_onehot: 4]
[top_k: 20]
[monotone_constraints: ]
[feature_contri: ]
[forcedsplits_filename: ]
[refit_decay_rate: 0.9]
[verbosity: 0]
[max_bin: 255]
[min_data_in_bin: 3]
[bin_construct_sample_cnt: 200000]
[histogram_pool_size: -1]
[data_random_seed: 1]
[output_model: LightGBM_model.txt]
[snapshot_freq: -1]
[input_model: ]
[output_result: LightGBM_predict_result.txt]
[initscore_filename: ]
[valid_data_initscores: ]
[pre_partition: 0]
[enable_bundle: 1]
[max_conflict_rate: 0]
[is_enable_sparse: 1]
[sparse_threshold: 0.8]
[use_missing: 1]
[zero_as_missing: 0]
[two_round: 0]
[save_binary: 0]
[enable_load_from_binary_file: 1]
[header: 0]
[label_column: ]
[weight_column: ]
[group_column: ]
[ignore_column: ]
[categorical_feature: ]
[predict_raw_score: 0]
[predict_leaf_index: 0]
[predict_contrib: 0]
[num_iteration_predict: -1]
[pred_early_stop: 0]
[pred_early_stop_freq: 10]
[pred_early_stop_margin: 10]
[convert_model_language: ]
[convert_model: gbdt_prediction.cpp]
[num_class: 1]
[is_unbalance: 0]
[scale_pos_weight: 1]
[sigmoid: 1]
[boost_from_average: 1]
[reg_sqrt: 0]
[alpha: 0.9]
[fair_c: 1]
[poisson_max_delta_step: 0.7]
[tweedie_variance_power: 1.5]
[max_position: 20]
[label_gain: ]
[metric_freq: 1]
[is_provide_training_metric: 0]
[eval_at: ]
[num_machines: 1]
[local_listen_port: 12400]
[time_out: 120]
[machine_list_filename: ]
[machines: ]
[gpu_platform_id: -1]
[gpu_device_id: -1]
[gpu_use_dp: 0]

end of parameters

pandas_categorical:[]
