tree
version=v2
num_class=1
num_tree_per_iteration=1
label_index=0
max_feature_idx=8
objective=binary sigmoid:1
feature_names=H25_age H25_sex H25_bmi H25_dbp H25_sbp H25_lhrate H25_a1c H25_dm H25_dl
feature_infos=[18:74] [1:2] [0:65.599999999999994] [0:145] [0:228] [0.097560975609756101:8.8461538461538485] [2.7999999999999998:15.300000000000001] [0:1] [0:1]
tree_sizes=720 731 729 731 732 728 734 735 738 740 744 741 742 736 744 737 739 739 745 738 739 743 737 742 740 744 746 729 735 739 737 744 747 743 744 740 743 737 740 736 744 739 742 744 738 744 747 746 744 741 746 746 747 743 743 753 734 741 736 742 733 736 732 734 738 738 728 738 736 732 739 738 737 733 741 736 738 736 741 743 728 739 747 740 743 746 726 723 724 739 743 738 727 728 725 727 733 730 727 722

Tree=0
num_leaves=8
num_cat=0
split_feature=3 4 4 7 0 3 0
split_gain=1433.04 238.192 227.027 117.654 73.6747 68.6878 90.4645
threshold=89.583333333333357 143.83333333333334 130.83333333333334 1.0000000180025095e-35 58.500000000000007 99.583333333333357 45.500000000000007
decision_type=10 10 10 2 2 10 2
left_child=2 -2 -1 4 -4 6 -3
right_child=1 5 3 -5 -6 -7 -8
leaf_value=-4.4275582660694006 -4.2680852287614659 -4.2996437746422904 -4.3765818510858061 -4.1207119774458292 -4.2326896607059306 -3.9288390293105517 -4.0582124162791358
leaf_count=50485 2223 568 10849 338 714 760 1073
internal_value=0 4.85133 -0.365554 0.763598 0.586717 6.81898 5.25647
internal_count=67010 4624 62386 11901 11563 2401 1641
shrinkage=1


Tree=1
num_leaves=8
num_cat=0
split_feature=4 3 3 0 8 3 8
split_gain=1078.1 186.402 120.24 72.394 58.8929 45.3392 42.2405
threshold=139.83333333333334 83.833333333333357 92.833333333333357 57.500000000000007 1.0000000180025095e-35 93.833333333333357 1.0000000180025095e-35
decision_type=10 10 10 2 2 10 2
left_child=1 3 -2 6 5 -3 -1
right_child=2 4 -4 -5 -6 -7 -8
leaf_value=-0.036309410013788741 0.11213985686072699 0.019097933749438821 0.23898477378153471 0.047490514102868996 0.16411758616389058 0.1369004677109211 0.029818989327863112
leaf_count=48542 3334 7245 2254 2333 641 592 2069
internal_value=0 -0.388204 3.44461 -0.5962 0.840081 0.604464 -0.670717
internal_count=67010 61422 5588 52944 8478 7837 50611
shrinkage=0.05


Tree=2
num_leaves=8
num_cat=0
split_feature=4 3 3 8 6 0 2
split_gain=844.528 137.232 130.137 78.123 59.1659 51.7406 37.8365
threshold=137.83333333333334 92.833333333333357 79.833333333333357 1.0000000180025095e-35 6.2500000000000009 57.500000000000007 24.650000000000002
decision_type=10 10 10 2 10 2 8
left_child=2 4 5 -4 -2 -1 -3
right_child=1 6 3 -5 -6 -7 -8
leaf_value=-0.038083783823256494 0.05846309309966724 0.12786944165293454 0.0051375534968542804 0.1252964803429325 0.20063077077725544 0.037860121261976645 0.22831911200798116
leaf_count=43032 4855 1137 13364 1010 500 1826 1286
internal_value=0 2.3961 -0.437558 0.304993 1.50763 -0.692608 3.68993
internal_count=67010 7778 59232 14374 5355 44858 2423
shrinkage=0.05


Tree=3
num_leaves=8
num_cat=0
split_feature=3 4 4 0 0 2 6
split_gain=706.596 129.925 85.1893 57.6429 57.628 59.9217 39.1432
threshold=87.833333333333357 133.25000000000003 143.83333333333334 49.500000000000007 49.500000000000007 27.550000000000004 6.2500000000000009
decision_type=10 10 10 2 2 10 8
left_child=1 4 -2 -3 -1 -6 -4
right_child=2 3 6 -5 5 -7 -8
leaf_value=-0.037931138624691739 0.066031210013845917 0.0030613917844055285 0.12296221053137651 0.082489200533669843 -0.010397211559828069 0.11468659858468332 0.22290357037543404
leaf_count=40122 4223 4588 2070 2594 11971 787 655
internal_value=0 -0.40331 2.17898 0.672631 -0.578979 -0.0347284 3.00769
internal_count=67010 60062 6948 7182 52880 12758 2725
shrinkage=0.05


Tree=4
num_leaves=8
num_cat=0
split_feature=3 0 4 4 2 2 4
split_gain=597.751 100.809 80.7498 62.5676 49.3515 46.3061 40.0483
threshold=85.833333333333357 49.500000000000007 143.83333333333334 136.83333333333334 34.050000000000004 28.850000000000005 168.33333333333334
decision_type=10 2 10 10 10 10 10
left_child=1 4 -2 5 -1 -3 -4
right_child=2 3 6 -5 -6 -7 -8
leaf_value=-0.036459216395665621 0.050754214792387745 -0.0072575528420885937 0.10503085929499818 0.090332555000578518 0.1245826059070485 0.12643838077387112 0.22719974629428485
leaf_count=42698 6678 12576 2768 1282 320 435 253
internal_value=0 -0.455968 1.62908 0.200922 -0.69713 -0.0262085 2.40125
internal_count=67010 57311 9699 14293 43018 13011 3021
shrinkage=0.05


Tree=5
num_leaves=8
num_cat=0
split_feature=3 0 3 4 2 6 6
split_gain=510.642 95.5341 58.7248 52.4201 43.497 41.358 39.0006
threshold=85.833333333333357 49.500000000000007 93.833333333333357 117.25000000000001 34.050000000000004 6.1500000000000012 6.1500000000000012
decision_type=10 2 10 10 10 10 10
left_child=1 4 5 -3 -1 -2 -5
right_child=2 3 -4 6 -6 -7 -8
leaf_value=-0.035928658993765961 0.036455643766453764 -0.025624525388510136 0.10538000690723115 0.018821280833860712 0.10824582414665684 0.13184521371435981 0.10715528655227052
leaf_count=42698 6355 5865 2713 7482 320 631 946
internal_value=0 -0.443222 1.43264 0.189575 -0.685836 0.957305 0.618542
internal_count=67010 57311 9699 14293 43018 6986 8428
shrinkage=0.05


Tree=6
num_leaves=8
num_cat=0
split_feature=4 3 8 0 0 0 0
split_gain=449.142 111.157 62.578 49.4857 46.2935 33.2482 30.2348
threshold=137.83333333333334 77.833333333333357 1.0000000180025095e-35 58.500000000000007 44.500000000000007 57.500000000000007 59.500000000000007
decision_type=10 10 2 2 2 2 2
left_child=1 5 3 -3 -2 -1 -5
right_child=4 2 -4 6 -6 -7 -8
leaf_value=-0.038210452115062771 0.030433150561622126 -0.0053903632596400868 0.09270570046053539 0.19770796011838876 0.087970592012392018 0.026108940236729185 0.025815468782679998
leaf_count=39372 2593 16323 1247 265 5185 1588 437
internal_value=0 -0.39335 0.175713 0.00904661 1.42338 -0.699381 2.06995
internal_count=67010 59232 18272 17025 7778 40960 702
shrinkage=0.05


Tree=7
num_leaves=8
num_cat=0
split_feature=3 0 4 2 6 6 6
split_gain=402.416 73.0173 56.4207 40.7093 28.8473 26.6153 25.7445
threshold=83.833333333333357 49.500000000000007 139.83333333333334 27.650000000000002 6.5500000000000007 6.3500000000000005 5.5500000000000007
decision_type=10 2 10 10 10 10 8
left_child=1 -1 5 4 -3 -2 -4
right_child=2 3 6 -5 -6 -7 -8
leaf_value=-0.035572275633097804 0.020155057577072269 -0.008619890616526793 0.047907840381352609 0.086698215553040081 0.087167402275270311 0.10449851012299874 0.094276542468125557
leaf_count=40873 7975 11749 2049 835 518 503 2508
internal_value=0 -0.484386 1.03199 0.0948417 -0.0628417 0.544554 1.49122
internal_count=67010 53975 13035 13102 12267 8478 4557
shrinkage=0.05


Tree=8
num_leaves=8
num_cat=0
split_feature=4 4 0 2 0 2 4
split_gain=361.432 65.7807 54.2512 39.6888 35.2824 24.446 22.7219
threshold=130.83333333333334 145.16666666666671 48.500000000000007 23.950000000000003 44.500000000000007 25.650000000000002 168.33333333333334
decision_type=10 10 2 10 2 8 10
left_child=2 4 -1 -4 5 -2 -3
right_child=1 6 3 -5 -6 -7 -8
leaf_value=-0.037318943906389221 -0.027806541777864686 0.065298257213181943 -0.019253376862593499 0.033425002657611669 0.040878838116100685 0.032550342566453734 0.13921990536113041
leaf_count=36601 3144 2878 10084 4286 7887 1864 266
internal_value=0 0.857375 -0.522923 -0.0434563 0.518133 -0.0686984 1.50438
internal_count=67010 16039 50971 14370 12895 5008 3144
shrinkage=0.05


Tree=9
num_leaves=8
num_cat=0
split_feature=3 0 3 4 2 2 0
split_gain=321.894 66.4516 39.0607 32.2957 30.5374 25.5055 24.6739
threshold=83.833333333333357 49.500000000000007 89.583333333333357 116.25000000000001 29.550000000000004 26.450000000000003 57.500000000000007
decision_type=10 2 10 10 8 10 2
left_child=1 5 4 -3 -2 -1 -5
right_child=2 3 -4 6 -6 -7 -8
leaf_value=-0.039479300967521377 0.014665055191128699 -0.025632959941906536 0.061082770345641274 0.0063822890937343269 0.092258198211570538 0.00012966508428546264 0.062646188513465068
leaf_count=36182 7669 5460 4624 6076 742 4691 1566
internal_value=0 -0.461769 0.866818 0.0817503 0.464312 -0.691363 0.421388
internal_count=67010 53975 13035 13102 8411 40873 7642
shrinkage=0.05


Tree=10
num_leaves=8
num_cat=0
split_feature=4 0 0 2 4 3 8
split_gain=292.915 50.7216 47.7012 34.5128 30.852 25.4117 23.1839
threshold=130.83333333333334 48.500000000000007 44.500000000000007 23.950000000000003 142.16666666666671 85.833333333333357 1.0000000180025095e-35
decision_type=10 2 2 10 10 10 2
left_child=1 6 5 -3 -4 -2 -1
right_child=2 3 4 -5 -6 -7 -8
leaf_value=-0.038930484235141942 -0.023440744447276476 -0.018466899801894428 0.03153503314908726 0.030227970758082992 0.069026509929294363 0.027862779777304659 0.032641689214761266
leaf_count=35594 3546 10084 7242 4286 2851 2400 1007
internal_value=0 -0.49978 0.727506 -0.0399953 0.979802 0.144192 -0.727836
internal_count=67010 50971 16039 14370 10093 5946 36601
shrinkage=0.05


Tree=11
num_leaves=8
num_cat=0
split_feature=3 4 0 8 6 0 2
split_gain=269.241 47.9224 47.4623 39.6158 23.5272 22.1691 20.0833
threshold=79.833333333333357 137.83333333333334 57.500000000000007 1.0000000180025095e-35 6.3500000000000005 58.500000000000007 29.250000000000004
decision_type=10 10 2 2 10 2 10
left_child=2 3 6 5 -3 -2 -1
right_child=1 4 -4 -5 -6 -7 -8
leaf_value=-0.035195401997515967 -0.001629189990966529 0.039841101844109321 0.032573145804933708 0.076990468905602238 0.094677646235023061 0.073568886425571675 0.023445812385384093
leaf_count=42557 12825 6211 1972 1010 553 539 1343
internal_value=0 0.588505 -0.56613 0.220803 0.92272 0.0604815 -0.658763
internal_count=67010 21138 45872 14374 6764 13364 43900
shrinkage=0.05


Tree=12
num_leaves=8
num_cat=0
split_feature=3 0 3 7 2 0 2
split_gain=243.342 44.1709 42.7344 46.6425 22.5662 23.5421 19.0005
threshold=79.833333333333357 57.500000000000007 89.583333333333357 1.0000000180025095e-35 29.550000000000004 45.500000000000007 29.250000000000004
decision_type=10 2 10 2 8 2 10
left_child=1 6 3 4 5 -2 -1
right_child=2 -3 -4 -5 -6 -7 -8
leaf_value=-0.034644263658523078 -0.019224766188706333 0.030044523681671678 0.046464433773723939 0.11257447322028091 0.057361791667934106 0.015941190000660656 0.021863155043397628
leaf_count=42557 6308 1972 4624 416 1193 8597 1343
internal_value=0 -0.553476 0.544165 0.266746 0.166051 0.0634913 -0.646984
internal_count=67010 45872 21138 16514 16098 14905 43900
shrinkage=0.05


Tree=13
num_leaves=8
num_cat=0
split_feature=3 0 2 4 4 0 0
split_gain=220.195 41.1564 36.1376 35.0792 25.1129 20.7573 18.927
threshold=79.833333333333357 57.500000000000007 25.450000000000003 144.16666666666671 168.83333333333334 40.500000000000007 44.500000000000007
decision_type=10 2 8 10 10 2 2
left_child=1 -1 3 6 5 -4 -2
right_child=2 -3 4 -5 -6 -7 -8
leaf_value=-0.031752740708892335 -0.024989303437831678 0.027778168133275095 -0.0031561859034335612 0.041666799688632274 0.12612916382472039 0.046491788827539071 0.011210182947073368
leaf_count=43900 4186 1972 1380 1840 118 5708 7906
internal_value=0 -0.540775 0.504054 0.263215 0.870162 0.769854 0.0172131
internal_count=67010 45872 21138 13932 7206 7088 12092
shrinkage=0.05


Tree=14
num_leaves=8
num_cat=0
split_feature=4 0 0 2 8 2 3
split_gain=201.19 46.5534 30.9695 28.5265 21.3271 20.5022 19.8114
threshold=130.83333333333334 48.500000000000007 42.500000000000007 23.950000000000003 1.0000000180025095e-35 26.950000000000003 101.58333333333336
decision_type=10 2 2 10 2 8 10
left_child=1 4 6 -3 -1 -6 -2
right_child=2 3 -4 -5 5 -7 -8
leaf_value=-0.037454254851473412 -0.010278080328149634 -0.016675925551757894 0.035023480497422585 0.027531471496653505 -0.016508774678419432 0.11567790533292109 0.066276669634440608
leaf_count=35594 4373 10084 11511 4286 747 260 155
internal_value=0 -0.455938 0.548678 -0.0169293 -0.693764 0.610444 -0.0171182
internal_count=67010 50971 16039 14370 36601 1007 4528
shrinkage=0.05


Tree=15
num_leaves=8
num_cat=0
split_feature=3 3 2 0 2 0 6
split_gain=186.313 40.1298 34.0521 27.5481 26.6092 26.3919 18.8317
threshold=76.583333333333357 87.833333333333357 29.550000000000004 49.500000000000007 29.050000000000004 44.500000000000007 8.8500000000000032
decision_type=10 10 8 2 10 2 10
left_child=3 2 5 -1 -5 -2 -3
right_child=1 6 -4 4 -6 -7 -8
leaf_value=-0.039414928434784356 -0.025971238131386128 0.031998068426797137 0.060791947926583725 -0.012717329767971634 0.10994782598559256 0.010475920739036203 0.14092147248453979
leaf_count=31190 7385 6881 1411 8141 191 11744 67
internal_value=0 0.379973 0.107481 -0.604551 -0.129318 -0.0114717 0.681589
internal_count=67010 27488 20540 39522 8332 19129 6948
shrinkage=0.05


Tree=16
num_leaves=8
num_cat=0
split_feature=3 4 8 0 0 0 6
split_gain=170.393 35.6373 32.6481 28.3515 27.0674 18.1161 17.4903
threshold=76.583333333333357 137.83333333333334 1.0000000180025095e-35 58.500000000000007 57.500000000000007 59.500000000000007 6.5500000000000007
decision_type=10 10 2 2 2 2 10
left_child=4 2 3 -2 6 -5 -1
right_child=1 -3 -4 5 -6 -7 -8
leaf_value=-0.035790070321896489 -0.006883387527260032 0.031190977150315137 0.055060354686779549 0.12054329848144861 0.020393490756997271 0.011756524255404343 0.047427794045070887
leaf_count=37403 18119 7227 1382 286 1576 474 543
internal_value=0 0.354844 0.0881871 -0.0400101 -0.592156 1.24921 -0.67932
internal_count=67010 27488 20261 18879 39522 760 37946
shrinkage=0.05


Tree=17
num_leaves=8
num_cat=0
split_feature=3 2 0 4 0 2 0
split_gain=156.861 35.1571 26.2162 22.3861 21.8605 26.6952 21.6724
threshold=75.833333333333357 24.150000000000002 44.500000000000007 168.33333333333334 49.500000000000007 29.050000000000004 38.500000000000007
decision_type=10 8 2 10 2 10 2
left_child=4 2 -2 6 -1 -6 -3
right_child=1 3 -4 -5 5 -7 -8
leaf_value=-0.039366972556680195 -0.025042022791984937 -0.024657105233602226 0.011775006859712923 0.093820858854258754 -0.01526512053361205 0.10696608678045304 0.028847930367645637
leaf_count=29555 5919 1375 10249 145 7533 177 12057
internal_value=0 0.315916 0.0405968 0.559529 -0.611435 -0.164406 0.495885
internal_count=67010 29745 16168 13577 37265 7710 13432
shrinkage=0.05


Tree=18
num_leaves=8
num_cat=0
split_feature=3 4 8 0 2 0 3
split_gain=143.876 32.5499 32.9292 21.396 22.9995 16.5261 13.3437
threshold=75.833333333333357 131.16666666666671 1.0000000180025095e-35 49.500000000000007 29.050000000000004 42.500000000000007 101.58333333333336
decision_type=10 10 2 2 10 2 10
left_child=3 2 -2 -1 -5 6 -3
right_child=1 5 -4 4 -6 -7 -8
leaf_value=-0.038921181578452813 -0.010198587897116373 -0.0078025637299117857 0.058417031608311958 -0.014732785255751316 0.094538507560794668 0.028807242588738641 0.052512858285060221
leaf_count=29555 15478 3347 1037 7533 177 9730 153
internal_value=0 0.295642 -0.0539645 -0.59913 -0.156814 0.470464 0.0293357
internal_count=67010 29745 16515 37265 7710 13230 3500
shrinkage=0.05


Tree=19
num_leaves=8
num_cat=0
split_feature=3 3 2 0 0 2 6
split_gain=132.056 29.8365 27.7076 24.8558 20.9076 19.9483 14.7297
threshold=75.833333333333357 87.833333333333357 29.550000000000004 46.500000000000007 49.500000000000007 29.050000000000004 8.8500000000000032
decision_type=10 10 8 2 2 10 10
left_child=4 2 3 -2 -1 -6 -3
right_child=1 6 -4 -5 5 -7 -8
leaf_value=-0.038464052740541044 -0.021148117816553201 0.024543212164415004 0.049190797933104352 0.010359780389604912 -0.014211699406811785 0.084212399157171075 0.11387367941874137
leaf_count=29555 11018 6881 1519 10260 7533 177 67
internal_value=0 0.27708 0.0550574 -0.0489151 -0.586735 -0.149567 0.52652
internal_count=67010 29745 22797 21278 37265 7710 6948
shrinkage=0.05


Tree=20
num_leaves=8
num_cat=0
split_feature=3 2 0 0 2 4 0
split_gain=121.282 27.8106 21.4193 20.3981 17.4005 16.7383 17.6121
threshold=75.833333333333357 24.150000000000002 44.500000000000007 49.500000000000007 29.050000000000004 168.33333333333334 38.500000000000007
decision_type=10 8 2 2 10 10 2
left_child=3 2 -2 -1 -5 6 -3
right_child=1 5 -4 4 -6 -7 -8
leaf_value=-0.03799563040802257 -0.024264092584979927 -0.024293465619033446 0.0092177068174379359 -0.013702135895527517 0.07552347277224275 0.077154160541501732 0.02412522258092302
leaf_count=29555 5919 1375 10249 7533 177 145 12057
internal_value=0 0.260052 0.0159698 -0.574259 -0.142644 0.468811 0.413835
internal_count=67010 29745 16168 37265 7710 13577 13432
shrinkage=0.05


Tree=21
num_leaves=8
num_cat=0
split_feature=3 4 2 0 8 0 2
split_gain=111.357 25.2042 26.4812 19.8832 19.7505 27.9086 14.4362
threshold=75.833333333333357 137.83333333333334 34.350000000000001 48.500000000000007 1.0000000180025095e-35 58.500000000000007 29.050000000000004
decision_type=10 10 10 2 2 2 10
left_child=3 2 4 -1 5 -2 -5
right_child=1 -3 -4 6 -6 -7 -8
leaf_value=-0.038337255017706053 -0.010360758741083123 0.022910490641010473 0.11381193306346621 -0.014141000457540423 0.03592772061312715 0.053277978903853995 0.063112738514900693
leaf_count=28126 19919 7340 197 8930 1457 832 209
internal_value=0 0.244034 0.0308796 -0.561716 -0.0115126 -0.109932 -0.16933
internal_count=67010 29745 22405 37265 22208 20751 9139
shrinkage=0.05


Tree=22
num_leaves=8
num_cat=0
split_feature=3 2 4 0 0 0 2
split_gain=102.34 23.2674 19.4423 19.3935 17.4064 14.2548 13.5274
threshold=75.833333333333357 24.150000000000002 144.16666666666671 49.500000000000007 58.500000000000007 59.500000000000007 29.050000000000004
decision_type=10 8 10 2 2 2 10
left_child=3 2 4 -1 -2 -6 -5
right_child=1 -3 -4 6 5 -7 -8
leaf_value=-0.037033412117258455 -0.012829374418285281 0.020797308375814186 0.022963074959766794 -0.01268378384724932 0.096636854757210511 0.0026481064036494974 0.062232398012074322
leaf_count=29555 14029 13577 1444 7533 226 469 177
internal_value=0 0.229495 0.00596056 -0.549125 -0.161644 0.807847 -0.12863
internal_count=67010 29745 16168 37265 14724 695 7710
shrinkage=0.05


Tree=23
num_leaves=8
num_cat=0
split_feature=4 0 2 6 3 4 0
split_gain=95.0712 33.5301 23.9722 15.955 15.2971 14.6088 11.7242
threshold=117.25000000000001 44.500000000000007 26.550000000000004 6.3500000000000005 87.833333333333357 156.25000000000003 58.500000000000007
decision_type=10 2 8 10 10 10 2
left_child=-1 2 4 5 -2 6 -3
right_child=1 3 -4 -5 -6 -7 -8
leaf_value=-0.032590037051733321 -0.034144676142459994 0.0061487599944828339 0.015594902926717072 0.042839566437430691 0.0043620757772693686 0.040765053692798273 0.034621809342206558
leaf_count=28218 11684 18415 3738 1538 1304 626 1487
internal_value=0 0.178298 -0.180984 0.328008 -0.444254 0.258417 0.190421
internal_count=67010 38792 16726 22066 12988 20528 19902
shrinkage=0.05


Tree=24
num_leaves=8
num_cat=0
split_feature=4 0 6 3 4 2 5
split_gain=88.0132 30.4112 19.8875 17.702 16.5629 10.5149 10.229
threshold=117.25000000000001 42.500000000000007 6.3500000000000005 93.833333333333357 131.16666666666671 26.150000000000002 2.3006024096385547
decision_type=10 2 10 10 10 10 8
left_child=-1 3 4 5 -3 -2 -7
right_child=1 2 -4 -5 -6 6 -8
leaf_value=-0.032001690852929185 -0.032942025921395134 -0.0030483024590066614 0.042179372998625772 0.02285501682558012 0.017500223960644268 0.039055187351171611 -0.016715798179770505
leaf_count=28218 9495 14205 1674 567 9822 913 2116
internal_value=0 0.168011 0.283396 -0.251293 0.21063 -0.43317 -0.00407918
internal_count=67010 38792 25701 13091 24027 12524 3029
shrinkage=0.05


Tree=25
num_leaves=8
num_cat=0
split_feature=3 0 2 0 4 0 6
split_gain=81.7441 18.7891 18.1834 15.7341 11.9029 13.9585 11.2056
threshold=75.833333333333357 48.500000000000007 24.150000000000002 44.500000000000007 168.33333333333334 38.500000000000007 5.6500000000000012
decision_type=10 2 8 2 10 2 10
left_child=1 -1 3 -2 5 -4 -3
right_child=2 6 4 -5 -6 -7 -8
leaf_value=-0.036681501018102046 -0.022588672494651338 -0.020399991881695067 -0.024495894980134183 0.0066479036665544698 0.06015504258868995 0.018333093879401838 0.017558623167777131
leaf_count=28126 5919 6328 1375 10249 145 12057 2811
internal_value=0 -0.515576 0.195221 -0.00316465 0.355293 0.309602 -0.131539
internal_count=67010 37265 29745 16168 13577 13432 9139
shrinkage=0.05


Tree=26
num_leaves=8
num_cat=0
split_feature=4 0 6 3 4 2 2
split_gain=77.0246 25.0051 16.1333 15.5696 13.7384 10.1271 9.79378
threshold=117.25000000000001 42.500000000000007 6.3500000000000005 93.833333333333357 131.16666666666671 24.650000000000002 26.150000000000002
decision_type=10 2 10 10 10 10 10
left_child=5 3 4 6 -3 -1 -2
right_child=1 2 -4 -5 -6 -7 -8
leaf_value=-0.03661165702816515 -0.031976501970192431 -0.0030465103071928737 0.037211050319756196 0.02088636659334886 0.015584688569427324 -0.0032478008865334876 -6.2263133276268788e-05
leaf_count=24235 9495 14205 1674 567 9822 3983 3029
internal_value=0 0.15174 0.253459 -0.234621 0.18753 -0.619458 -0.412349
internal_count=67010 38792 25701 13091 24027 28218 12524
shrinkage=0.05


Tree=27
num_leaves=8
num_cat=0
split_feature=4 0 2 3 0 0 6
split_gain=71.2941 22.6313 15.4356 14.8707 16.5586 15.2306 19.5677
threshold=117.25000000000001 41.500000000000007 34.350000000000001 87.833333333333357 57.500000000000007 59.500000000000007 5.6500000000000012
decision_type=10 2 8 10 2 2 10
left_child=-1 -2 3 4 -3 6 -6
right_child=1 2 -4 -5 5 -7 -8
leaf_value=-0.0303692041903325 -0.013743044049726851 -0.0033937668061517741 0.06166318500987699 0.019063619311043573 0.01299983749293201 0.00089823317617254185 0.1058947556348615
leaf_count=28218 11078 19794 433 5587 554 958 388
internal_value=0 0.143107 0.22762 0.198311 0.0412753 0.581905 1.15575
internal_count=67010 38792 27714 27281 21694 1900 942
shrinkage=0.05


Tree=28
num_leaves=8
num_cat=0
split_feature=4 6 0 2 4 0 2
split_gain=65.9954 22.0196 21.1385 13.3259 12.8493 11.5562 12.8805
threshold=117.25000000000001 11.950000000000001 41.500000000000007 34.350000000000001 155.16666666666671 50.500000000000007 21.150000000000002
decision_type=10 10 2 8 10 2 10
left_child=-1 2 -2 4 5 -4 -7
right_child=1 -3 3 -5 -6 6 -8
leaf_value=-0.029756086761406914 -0.014139967638943771 0.1722155460875896 -0.0017463938749100014 0.055764952412316229 0.029803252022684548 -0.012736631817253534 0.019507732129716113
leaf_count=28218 11073 25 16419 433 884 2057 7901
internal_value=0 0.135217 0.124663 0.205277 0.17757 0.118393 0.282709
internal_count=67010 38792 38767 27694 27261 26377 9958
shrinkage=0.05


Tree=29
num_leaves=8
num_cat=0
split_feature=3 0 6 2 4 6 4
split_gain=61.375 18.0802 14.6636 13.5811 13.588 9.76414 9.47699
threshold=75.833333333333357 48.500000000000007 11.950000000000001 24.150000000000002 132.83333333333334 5.6500000000000012 168.33333333333334
decision_type=10 2 10 8 10 10 10
left_child=1 -1 3 4 -2 -3 -5
right_child=2 5 -4 6 -6 -7 -8
leaf_value=-0.035131643658342072 -0.015541075250019297 -0.018262318338664259 0.1411690550506102 0.012219165665000161 0.0079676360543075881 0.017634385686310341 0.050560906230623585
leaf_count=28126 10451 6328 20 13419 5710 2811 145
internal_value=0 -0.47264 0.160025 0.150386 -0.0213736 -0.0923585 0.285108
internal_count=67010 37265 29745 29725 16161 9139 13564
shrinkage=0.05


Tree=30
num_leaves=8
num_cat=0
split_feature=4 6 0 2 3 0 0
split_gain=57.5897 17.8321 18.4906 11.0972 10.9266 14.1783 12.6509
threshold=117.25000000000001 12.100000000000001 41.500000000000007 34.350000000000001 87.833333333333357 57.500000000000007 59.500000000000007
decision_type=10 10 2 8 10 2 2
left_child=-1 2 -2 4 5 -4 -7
right_child=1 -3 3 -5 -6 6 -8
leaf_value=-0.028661872378903774 -0.01360194174485619 0.14666167453356987 -0.0038305578534248473 0.049700389979124696 0.015723197917225356 0.050724532332229968 -2.5407226000944605e-05
leaf_count=28218 11073 24 19784 433 5578 942 958
internal_value=0 0.122757 0.112796 0.186793 0.161143 0.0261067 0.514377
internal_count=67010 38792 38768 27695 27262 21684 1900
shrinkage=0.05


Tree=31
num_leaves=8
num_cat=0
split_feature=4 0 2 3 2 2 6
split_gain=53.2953 16.3218 17.8004 12.4104 10.7312 9.56714 9.32461
threshold=117.25000000000001 44.500000000000007 26.550000000000004 87.833333333333357 24.650000000000002 21.150000000000002 11.050000000000002
decision_type=10 2 8 10 10 8 10
left_child=4 2 3 -2 -1 -3 -7
right_child=1 5 -4 -5 -6 6 -8
leaf_value=-0.034399542169715656 -0.031691748780036721 -0.0065668912425575158 0.013187593337931659 0.0036672352436840014 0.0016891374939791632 0.012838829893584321 0.10392180060772199
leaf_count=24235 11684 4291 3738 1304 3983 17738 37
internal_value=0 0.116276 -0.144815 -0.391657 -0.560721 0.211975 0.270116
internal_count=67010 38792 16726 12988 28218 22066 17775
shrinkage=0.05


Tree=32
num_leaves=8
num_cat=0
split_feature=4 6 4 8 0 2 6
split_gain=49.2878 14.8077 15.9655 13.8141 12.7497 10.3061 9.96348
threshold=117.25000000000001 6.3500000000000005 131.16666666666671 1.0000000180025095e-35 48.500000000000007 24.650000000000002 12.100000000000001
decision_type=10 10 10 2 2 10 8
left_child=5 2 3 4 -2 -1 -3
right_child=1 6 -4 -5 -6 -7 -8
leaf_value=-0.033846092077507342 -0.025053070347086426 0.022989356055416719 0.0088171026957016944 0.030803935947335388 0.0015080526324338659 0.0016053083615368982 0.12614766522452711
leaf_count=24235 15204 1918 13799 1143 6704 3983 24
internal_value=0 0.109938 0.0569719 -0.171561 -0.257844 -0.548219 0.537482
internal_count=67010 38792 36850 23051 21908 28218 1942
shrinkage=0.05


Tree=33
num_leaves=8
num_cat=0
split_feature=3 0 0 2 3 0 0
split_gain=45.8031 16.9872 10.9071 11.0462 10.3317 12.2041 18.8639
threshold=75.833333333333357 48.500000000000007 35.500000000000007 24.150000000000002 85.833333333333357 58.500000000000007 59.500000000000007
decision_type=10 2 2 8 10 2 2
left_child=1 -1 -2 4 5 -4 -7
right_child=2 -3 3 -5 -6 6 -8
leaf_value=-0.033456167257826956 -0.029347403604199043 -0.0029668104183195928 -0.01756998071938768 0.013879615571322224 0.0091220607877080164 0.095805173713329222 -0.013605560455070061
leaf_count=28126 1809 9139 10248 12740 4354 181 413
internal_value=0 -0.429388 0.131813 0.156879 -0.00065757 -0.222819 0.590243
internal_count=67010 37265 29745 27936 15196 10842 594
shrinkage=0.05


Tree=34
num_leaves=8
num_cat=0
split_feature=4 0 2 3 6 4 0
split_gain=42.9833 13.0476 9.88725 9.47353 9.17928 9.033 7.78219
threshold=117.25000000000001 41.500000000000007 24.650000000000002 85.833333333333357 6.3500000000000005 155.16666666666671 58.500000000000007
decision_type=10 2 10 10 10 10 2
left_child=2 3 -1 -2 5 6 -3
right_child=1 4 -4 -5 -6 -7 -8
leaf_value=-0.032912514975866808 -0.025323118857442914 0.00064959139554625833 0.0021100417748072921 0.0052543191617879497 0.025046320290452853 0.02344722771221671 0.022339415189230535
leaf_count=24235 9365 23689 3983 1713 1736 810 1479
internal_value=0 0.0998714 -0.526314 -0.229925 0.159625 0.111268 0.0597141
internal_count=67010 38792 28218 11078 27714 25978 25168
shrinkage=0.05


Tree=35
num_leaves=8
num_cat=0
split_feature=4 6 0 2 2 2 5
split_gain=39.7119 12.5477 12.5014 9.46201 8.93082 8.73468 9.61393
threshold=117.25000000000001 12.100000000000001 41.500000000000007 24.650000000000002 26.150000000000002 34.350000000000001 3.1440092165898625
decision_type=10 10 2 10 10 8 10
left_child=3 2 4 -1 -2 -4 -7
right_child=1 -3 5 -5 -6 6 -8
leaf_value=-0.032335910273104847 -0.024832258043181853 0.11280530840678521 0.0060341514585472303 0.0020045403354716591 0.0052287434171656893 0.063238628934686833 -0.017510373924228214
leaf_count=24235 8269 24 27262 3983 2804 332 101
internal_value=0 0.0944782 0.0855872 -0.513713 -0.23971 0.143546 0.831311
internal_count=67010 38792 38768 28218 11073 27695 433
shrinkage=0.05


Tree=36
num_leaves=8
num_cat=0
split_feature=3 0 0 2 3 5 0
split_gain=36.8463 15.9251 9.31078 9.05472 8.7065 11.6104 10.4119
threshold=75.833333333333357 48.500000000000007 35.500000000000007 24.150000000000002 85.833333333333357 1.1572231139646874 58.500000000000007
decision_type=10 2 2 8 10 8 2
left_child=1 -1 -2 4 6 -6 -4
right_child=2 -3 3 -5 5 -7 -8
leaf_value=-0.032157534947556188 -0.028291683175689721 -0.0020292460003609367 -0.016823822789088151 0.012201564797175681 -0.030007153294023804 0.013266631823533839 0.025930162799974499
leaf_count=28126 1809 9139 10248 12740 507 3847 594
internal_value=0 -0.398384 0.114321 0.136636 -0.00628157 0.158911 -0.212943
internal_count=67010 37265 29745 27936 15196 4354 10842
shrinkage=0.05


Tree=37
num_leaves=8
num_cat=0
split_feature=4 6 0 2 2 3 2
split_gain=34.5607 11.0597 10.5714 9.03214 8.14566 8.12171 7.481
threshold=117.25000000000001 12.100000000000001 41.500000000000007 24.650000000000002 26.150000000000002 102.25000000000001 34.350000000000001
decision_type=10 10 2 10 10 8 10
left_child=3 2 4 -1 5 -2 -4
right_child=1 -3 6 -5 -6 -7 -8
leaf_value=-0.031371462829230562 -0.028792560566212311 0.10301474429183069 0.0055384023899276574 0.0024544315549215605 0.0050097299594547423 0.045697408805101009 0.04178560811115492
leaf_count=24235 8222 24 27421 3983 2804 47 274
internal_value=0 0.0858171 0.0773033 -0.49173 -0.225277 -0.477794 0.129652
internal_count=67010 38792 38768 28218 11073 8269 27695
shrinkage=0.05


Tree=38
num_leaves=8
num_cat=0
split_feature=4 6 4 8 0 6 2
split_gain=31.9202 9.87128 11.2663 11.5722 10.0501 9.50741 13.7547
threshold=117.25000000000001 6.3500000000000005 131.16666666666671 1.0000000180025095e-35 48.500000000000007 5.8500000000000005 26.850000000000005
decision_type=10 10 10 2 2 10 8
left_child=-1 2 3 4 -2 6 -5
right_child=1 -3 -4 5 -6 -7 -8
leaf_value=-0.023957316165445979 -0.023399700537162161 0.020851045937449721 0.0067276961216198097 0.011411696666733055 0.00041129327960351934 -0.032635352696654733 0.10875503321848
leaf_count=28218 15204 1942 13799 737 6704 205 201
internal_value=0 0.0814283 0.0374375 -0.15776 -0.240123 0.54546 0.899704
internal_count=67010 38792 36850 23051 21908 1143 938
shrinkage=0.05


Tree=39
num_leaves=8
num_cat=0
split_feature=3 0 0 6 5 2 3
split_gain=29.447 14.8486 8.11599 8.06603 7.49617 12.7189 8.18915
threshold=75.833333333333357 48.500000000000007 35.500000000000007 5.6500000000000012 1.1572231139646874 20.450000000000003 69.833333333333357
decision_type=10 2 2 10 8 10 10
left_child=1 -1 -2 4 5 -3 -7
right_child=2 3 -4 -5 -6 6 -8
leaf_value=-0.030813598323301383 -0.027413899180663462 -0.035227162571389706 0.0059630797914155568 0.018894375504679595 -0.021823031495126159 -0.0020549740937135077 0.16590389736567268
leaf_count=28126 1809 382 27936 2811 5637 178 131
internal_value=0 -0.367547 0.0990569 -0.0228193 -0.29225 0.817143 2.15951
internal_count=67010 37265 29745 9139 6328 691 309
shrinkage=0.05


Tree=40
num_leaves=8
num_cat=0
split_feature=4 6 2 0 2 3 5
split_gain=27.6835 9.61376 8.82289 8.5628 12.7383 8.66382 8.64209
threshold=117.25000000000001 12.100000000000001 24.650000000000002 44.500000000000007 26.550000000000004 87.833333333333357 2.3608834244080148
decision_type=10 10 10 2 8 10 8
left_child=2 3 -1 4 5 -2 -6
right_child=1 -3 -4 -5 6 -7 -8
leaf_value=-0.029920646920118615 -0.02901192771171527 0.093124234539852691 0.0041358781807415493 0.0065696448441243645 0.036549110034511167 0.0010834435734954067 -0.0016645774846799832
leaf_count=24235 11682 24 3983 22049 1213 1303 2521
internal_value=0 0.074075 -0.456953 0.0659918 -0.128589 -0.352983 0.204546
internal_count=67010 38792 28218 38768 16719 12985 3734
shrinkage=0.05


Tree=41
num_leaves=8
num_cat=0
split_feature=3 2 3 5 0 5 0
split_gain=26.1273 11.2279 10.384 23.4797 12.6286 9.60833 8.95929
threshold=67.833333333333357 24.150000000000002 83.833333333333357 0.93250835104767693 43.500000000000007 1.1572231139646874 57.500000000000007
decision_type=10 8 10 8 2 8 2
left_child=-1 2 3 4 -2 -4 -5
right_child=1 -3 5 6 -6 -7 -8
leaf_value=-0.028249029432229684 -0.031220607021913285 0.0084411479191538012 -0.027969977291494093 -0.023694431135079234 0.11141665521905822 0.0084629716638876164 0.010306174943233402
leaf_count=19240 435 18806 737 20536 530 5537 1189
internal_value=0 0.0558444 -0.083358 -0.277202 1.48975 0.0836113 -0.364693
internal_count=67010 47770 28964 22690 965 6274 21725
shrinkage=0.05


Tree=42
num_leaves=8
num_cat=0
split_feature=3 2 4 0 0 0 0
split_gain=24.2377 10.0763 9.68028 10.1915 9.06134 8.55357 10.1127
threshold=67.833333333333357 24.150000000000002 144.16666666666671 58.500000000000007 49.500000000000007 59.500000000000007 58.500000000000007
decision_type=10 8 10 2 2 2 2
left_child=4 2 3 -2 -1 6 -4
right_child=1 -3 5 -5 -6 -7 -8
leaf_value=-0.039302661567176767 -0.01268587957289167 0.0079580620069539532 0.011600549455100933 0.020289099354360227 -0.00095979699500631861 -0.036210667626766349 0.092568031773322818
leaf_count=15920 26374 18806 1288 1120 3320 132 50
internal_value=0 0.0528872 -0.0796147 -0.181495 -0.552516 0.217262 0.325148
internal_count=67010 47770 28964 27494 19240 1470 1338
shrinkage=0.05


Tree=43
num_leaves=8
num_cat=0
split_feature=3 2 0 6 0 0 2
split_gain=22.5017 9.31542 9.38433 9.09488 8.77111 7.12154 9.71602
threshold=67.833333333333357 21.150000000000002 35.500000000000007 12.100000000000001 49.500000000000007 50.500000000000007 24.250000000000004
decision_type=10 8 2 10 2 2 8
left_child=4 -2 -3 5 -1 6 -4
right_child=1 2 3 -5 -6 -7 -8
leaf_value=-0.038872843227964644 -0.011366841429674552 -0.027731433032423331 -0.011276931017334749 0.09334892248562407 -0.0009147186473152316 0.01185704853689911 0.0067399344457155178
leaf_count=15920 11322 2931 11566 22 3320 9835 12094
internal_value=0 0.0501832 0.0969445 0.120251 -0.540212 0.111273 0.0155255
internal_count=67010 47770 36448 33517 19240 33495 23660
shrinkage=0.05


Tree=44
num_leaves=8
num_cat=0
split_feature=4 2 6 4 0 5 0
split_gain=21.1558 8.41748 7.61118 7.1609 9.05062 7.46269 6.81914
threshold=117.25000000000001 22.550000000000004 12.100000000000001 168.33333333333334 38.500000000000007 1.4518338488731775 46.500000000000007
decision_type=10 10 10 10 2 10 2
left_child=1 -1 3 4 -2 -5 -3
right_child=2 6 -4 5 -6 -7 -8
leaf_value=-0.032623417058181094 -0.02241735611188353 -0.023646673507170046 0.079426560647668162 -0.02822582086309601 0.0030790472985085483 0.037622228501939019 0.014729902897646292
leaf_count=18641 5458 6100 24 46 33044 220 3477
internal_value=0 -0.416273 0.0621039 0.0546838 0.0326715 0.536087 -0.0811164
internal_count=67010 28218 38792 38768 38502 266 9577
shrinkage=0.05


Tree=45
num_leaves=8
num_cat=0
split_feature=3 0 2 0 6 0 2
split_gain=19.7619 8.44064 8.14713 8.18557 7.42895 5.94286 8.63599
threshold=67.833333333333357 49.500000000000007 21.150000000000002 35.500000000000007 10.950000000000001 50.500000000000007 24.250000000000004
decision_type=10 2 8 2 10 2 8
left_child=1 -1 -2 -4 5 6 -5
right_child=2 -3 3 4 -6 -7 -8
leaf_value=-0.038150894440874911 -0.010795074058442601 -0.00044352426398482406 -0.026670418875201076 -0.010839055208952555 0.067643424732253626 0.010705207853791312 0.006194459783669377
leaf_count=15920 11322 3320 2931 11563 65 9820 12069
internal_value=0 -0.518809 0.04585 0.0890776 0.110229 0.100046 0.0122896
internal_count=67010 19240 47770 36448 33517 33452 23632
shrinkage=0.05


Tree=46
num_leaves=8
num_cat=0
split_feature=4 2 6 4 8 0 4
split_gain=18.3859 8.44489 6.40935 7.83121 8.7857 9.62136 11.0781
threshold=116.25000000000001 24.650000000000002 6.3500000000000005 131.16666666666671 1.0000000180025095e-35 57.500000000000007 119.33333333333336
decision_type=10 10 10 10 2 2 10
left_child=1 -1 3 4 5 -2 -7
right_child=2 -3 -4 -5 -6 6 -8
leaf_value=-0.028363569070535694 -0.014996070809957091 0.0074347231408518986 0.015777731518886114 0.0049126641549404066 0.022484410841285059 0.10015128506029883 0.0042712239258177707
leaf_count=23061 22355 3588 1985 13799 1204 164 854
internal_value=0 -0.41237 0.0543066 0.0186969 -0.142932 -0.215896 0.413491
internal_count=67010 26649 40361 38376 24577 23373 1018
shrinkage=0.05


Tree=47
num_leaves=8
num_cat=0
split_feature=3 0 2 6 4 0 8
split_gain=17.3251 8.19629 7.30143 6.84027 6.70714 7.14021 5.78039
threshold=67.833333333333357 49.500000000000007 19.950000000000003 12.100000000000001 168.33333333333334 38.500000000000007 1.0000000180025095e-35
decision_type=10 2 8 10 10 2 2
left_child=1 -1 -2 4 5 -4 -7
right_child=2 -3 3 -5 -6 6 -8
leaf_value=-0.037430735008078211 -0.01613187794070374 0.0002268081691272247 -0.020169144236232034 0.075177884956728128 0.026718470051781903 0.0014640408946400697 0.016256191965246143
leaf_count=15920 6106 3320 5270 24 247 33490 2633
internal_value=0 -0.497267 0.0419625 0.0696794 0.062464 0.0411147 0.0661169
internal_count=67010 19240 47770 41664 41640 41393 36123
shrinkage=0.05


Tree=48
num_leaves=8
num_cat=0
split_feature=3 0 2 6 3 5 3
split_gain=16.0545 7.88949 6.83848 10.3601 9.10649 15.7986 10.5778
threshold=67.833333333333357 49.500000000000007 29.950000000000003 5.0500000000000007 85.833333333333357 0.93250835104767693 82.250000000000014
decision_type=10 2 8 10 10 8 8
left_child=1 -1 4 -4 5 6 -2
right_child=2 -3 3 -5 -6 -7 -8
leaf_value=-0.03695522105237864 0.083138810814141983 0.00021592182731619057 0.056644225453635823 0.0078650245110200422 0.0058745576320247787 -0.0081888165140234486 -0.033744365020131367
leaf_count=15920 1004 3320 471 2243 8711 35188 153
internal_value=0 -0.484923 0.0398768 0.299738 0.00338895 -0.122389 1.12751
internal_count=67010 19240 47770 2714 45056 36345 1157
shrinkage=0.05


Tree=49
num_leaves=8
num_cat=0
split_feature=4 2 0 6 4 2 6
split_gain=14.993 7.92463 5.7356 5.4951 4.63521 6.65344 15.0348
threshold=116.25000000000001 24.650000000000002 35.500000000000007 10.950000000000001 155.16666666666671 27.550000000000004 5.0500000000000007
decision_type=10 10 2 10 10 8 10
left_child=1 -1 -2 4 5 -4 -7
right_child=2 -3 3 -5 -6 6 -8
leaf_value=-0.027013969854577609 -0.021692979185571851 0.008004848863100265 -0.0017774463966752049 0.053957815505963375 0.013569756569732569 0.047095072732656194 0.0032595239313636874
leaf_count=23061 4125 3588 30181 65 1032 965 3993
internal_value=0 -0.382623 0.0478568 0.0649607 0.0567816 0.0242832 0.216086
internal_count=67010 26649 40361 36236 36171 35139 4958
shrinkage=0.05


Tree=50
num_leaves=8
num_cat=0
split_feature=3 0 2 6 4 0 8
split_gain=14.0592 7.65111 6.45111 5.67613 5.46705 6.2817 5.05737
threshold=67.833333333333357 49.500000000000007 19.950000000000003 12.100000000000001 168.33333333333334 38.500000000000007 1.0000000180025095e-35
decision_type=10 2 8 10 10 2 2
left_child=1 -1 -2 4 5 -4 -7
right_child=2 -3 3 -5 -6 6 -8
leaf_value=-0.036213943559009011 -0.015478789559802423 0.00086932384862226835 -0.019337733891356342 0.066747825681060677 0.023743078967173203 0.001226863362761353 0.014951045070413014
leaf_count=15920 6106 3320 5270 24 247 33490 2633
internal_value=0 -0.463624 0.0365903 0.0622926 0.0555865 0.036101 0.0591364
internal_count=67010 19240 47770 41664 41640 41393 36123
shrinkage=0.05


Tree=51
num_leaves=8
num_cat=0
split_feature=3 0 2 3 2 0 5
split_gain=13.0116 7.3398 5.9346 5.4073 9.23389 10.2333 11.2603
threshold=67.833333333333357 49.500000000000007 20.350000000000005 83.833333333333357 23.950000000000003 57.500000000000007 1.3594627808988766
decision_type=10 2 8 10 10 2 8
left_child=1 -1 -2 4 5 -4 -7
right_child=2 -3 3 -5 -6 6 -8
leaf_value=-0.035712361071101248 -0.012858456253894285 0.00082710814174650604 -0.021542775030867222 0.0065566614107222592 0.0055616704014827796 0.097403165709178355 0.00029370188267418553
leaf_count=15920 7659 3320 14784 11855 12588 123 761
internal_value=0 -0.451401 0.0347792 0.0627883 -0.0567013 -0.283804 0.381893
internal_count=67010 19240 47770 40111 28256 15668 884
shrinkage=0.05


Tree=52
num_leaves=8
num_cat=0
split_feature=4 2 0 5 3 8 5
split_gain=12.0915 7.39575 5.01904 9.6998 6.88748 7.70214 8.25364
threshold=116.25000000000001 23.150000000000002 44.500000000000007 3.5875959079283892 93.833333333333357 1.0000000180025095e-35 2.1188458434221151
decision_type=10 10 2 10 10 2 8
left_child=1 -1 3 4 5 -2 -7
right_child=2 -3 -4 -5 -6 6 -8
leaf_value=-0.028614256290758779 -0.019547791588451973 0.0015850132156107737 0.0044988105016320673 0.02886444861004557 0.0080898424608248504 0.088181112933198497 -0.0096553687854193659
leaf_count=19727 15223 6922 22788 1206 731 139 274
internal_value=0 -0.352695 0.0419256 -0.107953 -0.190607 -0.318358 0.601772
internal_count=67010 26649 40361 17573 16367 15636 413
shrinkage=0.05


Tree=53
num_leaves=8
num_cat=0
split_feature=3 0 2 6 6 5 4
split_gain=11.3659 7.04528 5.29177 5.08435 4.85147 6.44086 4.64399
threshold=67.833333333333357 49.500000000000007 19.950000000000003 12.100000000000001 5.3500000000000005 0.93250835104767693 168.33333333333334
decision_type=10 2 8 10 10 10 10
left_child=1 -1 4 6 -2 -6 -4
right_child=2 -3 3 -5 5 -7 -8
leaf_value=-0.034922668133770533 -0.028702000839461145 0.001315313096024688 0.0015126380965139333 0.062094592561973617 0.07403103791722225 -0.0066357293210306369 0.021502404612714437
leaf_count=15920 3593 3320 41393 24 205 2308 247
internal_value=0 -0.430376 0.0318968 0.0547229 -0.286836 0.0581744 0.0483275
internal_count=67010 19240 47770 41664 6106 2513 41640
shrinkage=0.05


Tree=54
num_leaves=8
num_cat=0
split_feature=3 0 2 6 3 5 3
split_gain=10.5097 6.73679 5.12091 8.04036 6.5349 13.9439 9.15965
threshold=67.833333333333357 49.500000000000007 29.950000000000003 5.0500000000000007 85.833333333333357 0.93250835104767693 82.250000000000014
decision_type=10 2 8 10 10 8 8
left_child=1 -1 4 -4 5 6 -2
right_child=2 -3 3 -5 -6 -7 -8
leaf_value=-0.034396596971732772 0.075369525822310393 0.0012509301762183829 0.047608410580586791 0.0062177070258083557 0.0046729663895047338 -0.0074998118658183566 -0.03335241354178569
leaf_count=15920 1004 3320 471 2243 8711 35188 153
internal_value=0 -0.418378 0.0304103 0.251269 -0.00152796 -0.109667 1.03952
internal_count=67010 19240 47770 2714 45056 36345 1157
shrinkage=0.05


Tree=55
num_leaves=8
num_cat=0
split_feature=4 2 8 5 0 4 8
split_gain=9.85131 7.0045 6.48978 5.55597 4.69035 6.74036 6.21133
threshold=116.25000000000001 22.550000000000004 1.0000000180025095e-35 1.1255252100840338 50.500000000000007 130.83333333333334 1.0000000180025095e-35
decision_type=10 10 2 8 2 10 2
left_child=1 -1 3 -3 5 6 -2
right_child=4 2 -4 -5 -6 -7 -8
leaf_value=-0.028997586501798102 -0.015972447333476289 0.074103795642121481 0.059719288654766015 -0.011574747783378067 0.0065233193469656399 0.0025252451313373639 0.018609175469305621
leaf_count=17864 17884 307 450 8028 10836 10834 807
internal_value=0 -0.325506 0.00251225 -0.138427 0.0371571 -0.0348015 -0.234583
internal_count=67010 26649 8785 8335 40361 29525 18691
shrinkage=0.05


Tree=56
num_leaves=8
num_cat=0
split_feature=2 0 4 3 2 2 6
split_gain=9.22215 6.71873 5.37231 10.9805 4.52653 5.24322 4.45016
threshold=20.950000000000003 34.500000000000007 144.16666666666671 84.833333333333357 21.350000000000005 35.350000000000001 12.100000000000001
decision_type=8 2 10 10 8 10 10
left_child=2 4 -1 -4 -2 -6 -3
right_child=1 6 3 -5 5 -7 -8
leaf_value=-0.018947442749625343 0.049162453900429476 0.0026939731016642904 0.097375687580990064 -0.0050828318733565428 -0.040062353097799229 0.035136244701931628 0.05778332923719192
leaf_count=19112 412 42784 79 320 4193 87 23
internal_value=0 0.0421174 -0.271516 0.181614 -0.507986 -0.629831 0.0601978
internal_count=67010 47499 19511 399 4692 4280 42807
shrinkage=0.05


Tree=57
num_leaves=8
num_cat=0
split_feature=3 2 4 6 3 5 0
split_gain=8.82452 6.49349 10.2642 4.52377 7.18921 16.9332 9.69273
threshold=67.833333333333357 27.750000000000004 110.33333333333336 5.6500000000000012 82.833333333333357 0.93250835104767693 43.500000000000007
decision_type=10 10 10 10 10 8 2
left_child=1 -1 -3 4 5 6 -2
right_child=3 2 -4 -5 -6 -7 -8
leaf_value=-0.024414839564796394 -0.030550707876008699 0.12422625187158404 -0.021642532681070806 0.0066993521399116851 0.0030334805291631173 -0.01323180711338256 0.094704887890040626
leaf_count=18673 418 194 373 10910 10568 25396 478
internal_value=0 -0.392126 0.788305 0.0275554 -0.0308415 -0.197586 1.28513
internal_count=67010 19240 567 47770 36860 26292 896
shrinkage=0.05


Tree=58
num_leaves=8
num_cat=0
split_feature=2 0 4 3 2 2 0
split_gain=8.16766 6.03204 4.8716 9.45702 4.31723 4.97363 4.28775
threshold=20.950000000000003 34.500000000000007 144.16666666666671 84.833333333333357 21.350000000000005 35.350000000000001 50.500000000000007
decision_type=8 2 10 10 8 10 2
left_child=2 4 -1 -4 -2 -6 -3
right_child=1 6 3 -5 5 -7 -8
leaf_value=-0.018145343801411869 0.047478740979198783 -0.00076301977959965543 0.087279668740935956 -0.005030335330952632 -0.039558671554216912 0.033266710727384359 0.0073936954768247841
leaf_count=19112 412 31107 79 320 4193 87 11700
internal_value=0 0.0395651 -0.257887 0.17025 -0.49073 -0.615342 0.0563738
internal_count=67010 47499 19511 399 4692 4280 42807
shrinkage=0.05


Tree=59
num_leaves=8
num_cat=0
split_feature=4 2 5 0 7 6 3
split_gain=7.82867 6.34913 5.64439 5.10453 4.1969 6.23766 5.49711
threshold=116.25000000000001 22.550000000000004 1.5511512297226584 47.500000000000007 1.0000000180025095e-35 6.0500000000000007 93.833333333333357
decision_type=10 10 8 2 2 10 10
left_child=1 -1 3 -3 6 -6 -2
right_child=4 2 -4 -5 5 -7 -8
leaf_value=-0.027537363515319879 -0.0021738840413593119 -0.0061195915709168387 -0.0073639938191672402 0.087468603185959018 0.083062495790046209 0.011081185231395639 0.0079460496364904803
leaf_count=17864 36846 946 7430 409 82 800 2633
internal_value=0 -0.296456 0.0134886 0.933328 0.0329115 0.34666 0.0137763
internal_count=67010 26649 8785 1355 40361 882 39479
shrinkage=0.05


Tree=60
num_leaves=8
num_cat=0
split_feature=3 0 2 4 2 6 2
split_gain=7.37517 6.45682 8.3883 4.43869 4.18928 7.08605 5.67937
threshold=67.833333333333357 46.500000000000007 27.750000000000004 117.25000000000001 29.950000000000003 5.0500000000000007 30.150000000000002
decision_type=10 2 10 10 8 10 8
left_child=1 -1 -3 -4 -2 -6 -7
right_child=4 2 3 -5 5 6 -8
leaf_value=-0.035240400958950577 -0.00020400930992578114 -0.01004830326680266 0.12036671427391282 -0.002747464441250833 0.043284016697756583 0.056751824153976983 0.0017024334595090538
leaf_count=13946 45056 5156 80 58 471 115 2128
internal_value=0 -0.366122 0.00306592 1.54396 0.0250275 0.222617 0.103307
internal_count=67010 19240 5294 138 47770 2714 2243
shrinkage=0.05


Tree=61
num_leaves=8
num_cat=0
split_feature=0 3 2 4 2 4 6
split_gain=7.0393 7.99672 5.69291 7.87151 4.72341 4.56544 5.73909
threshold=41.500000000000007 82.833333333333357 33.750000000000007 158.33333333333334 31.450000000000003 125.25000000000001 5.0500000000000007
decision_type=2 10 10 10 10 10 10
left_child=1 4 -2 -4 -1 6 -3
right_child=2 5 3 -5 -6 -7 -8
leaf_value=-0.028243820466211524 0.0011299759208811134 -0.026927230870985808 0.041087333574628231 -0.042067087578300966 0.025957197849892179 -0.0021580215677087016 0.085492182596503069
leaf_count=19498 43956 163 335 22 380 2388 268
internal_value=0 -0.228913 0.0389072 0.565492 -0.489452 0.0370383 1.01065
internal_count=67010 22697 44313 357 19878 2819 431
shrinkage=0.05


Tree=62
num_leaves=8
num_cat=0
split_feature=2 0 6 4 3 2 2
split_gain=6.6927 5.19152 4.44485 4.57808 8.53659 4.22498 4.62173
threshold=20.950000000000003 34.500000000000007 5.5500000000000007 133.83333333333334 78.166666666666671 21.350000000000005 30.950000000000003
decision_type=8 2 10 10 8 8 10
left_child=2 5 -1 -4 -5 -2 -7
right_child=1 -3 3 4 -6 6 -8
leaf_value=-0.018314448115617402 0.047653494757280125 0.0025482892674065388 -0.012848977450823107 0.10957249570727233 0.0068601389389917168 -0.043713074104998043 0.01228234571056731
leaf_count=15322 412 42807 3764 104 321 3988 292
internal_value=0 0.0357626 -0.23671 0.090551 0.512656 -0.467528 -0.596849
internal_count=67010 47499 19511 4189 425 4692 4280
shrinkage=0.05


Tree=63
num_leaves=8
num_cat=0
split_feature=3 0 4 3 5 5 6
split_gain=6.31264 6.03122 3.74493 5.78916 10.0497 7.18365 6.6582
threshold=67.833333333333357 49.500000000000007 113.83333333333336 69.250000000000014 2.4239856189008737 1.3514998514998515 5.5500000000000007
decision_type=10 2 10 10 10 8 10
left_child=1 -1 -2 4 5 -4 -7
right_child=2 -3 3 -5 -6 6 -8
leaf_value=-0.031574784476445232 -0.017085604454428506 0.0036623432969783878 -0.01489320687695226 0.0012519211157754364 -0.028379692256929386 0.029694918537029814 0.14103406014273415
leaf_count=15920 7180 3320 404 38326 652 900 308
internal_value=0 -0.344515 0.0230574 0.0370874 0.72251 1.31782 1.79694
internal_count=67010 19240 47770 40590 2264 1612 1208
shrinkage=0.05


Tree=64
num_leaves=8
num_cat=0
split_feature=2 0 2 5 5 3 0
split_gain=5.9595 4.85191 9.49911 8.4198 8.43372 7.57747 6.83562
threshold=20.350000000000005 44.500000000000007 26.550000000000004 2.3608834244080148 3.5875959079283892 96.833333333333357 35.500000000000007
decision_type=8 2 8 8 10 10 2
left_child=-1 2 5 6 -5 -2 -4
right_child=1 -3 3 4 -6 -7 -8
leaf_value=-0.013491035342404431 -0.021535664118878722 0.0037790486414766588 -0.036727074413744232 -0.015332623766653147 0.029819995125807991 0.017587249898051698 0.041037454736945075
leaf_count=15122 19215 27723 351 2380 712 238 1269
internal_value=0 0.0279772 -0.116379 0.149138 -0.0761133 -0.319592 0.634173
internal_count=67010 51888 24165 4712 3092 19453 1620
shrinkage=0.05


Tree=65
num_leaves=8
num_cat=0
split_feature=3 0 2 3 6 8 5
split_gain=5.60796 5.69652 7.47271 11.3108 3.69378 3.63564 8.79209
threshold=67.833333333333357 46.500000000000007 27.750000000000004 64.833333333333357 12.100000000000001 1.0000000180025095e-35 1.2462653288740249
decision_type=10 2 10 10 10 2 8
left_child=1 -1 -3 -4 5 -2 -7
right_child=4 2 3 -5 -6 6 -8
leaf_value=-0.033606379790185714 -0.00047471998098501649 -0.0094312448480381832 0.14529326162017653 -0.028530302256337788 0.049454839500101773 0.07383527622686302 0.006356612837152123
leaf_count=13946 44893 5156 71 67 25 157 2695
internal_value=0 -0.328821 0.0110574 1.42663 0.0214634 0.0162122 0.210592
internal_count=67010 19240 5294 138 47770 47745 2852
shrinkage=0.05


Tree=66
num_leaves=8
num_cat=0
split_feature=0 3 2 4 0 6 6
split_gain=5.38473 6.80285 4.80622 7.19966 7.70628 7.279 4.31371
threshold=41.500000000000007 82.833333333333357 33.750000000000007 135.83333333333334 52.500000000000007 5.8500000000000005 5.2500000000000009
decision_type=2 10 10 10 2 8 10
left_child=1 -1 -2 5 6 -4 -5
right_child=2 -3 3 4 -6 -7 -8
leaf_value=-0.022780991131322186 0.00092958324599654138 0.0018965375979586826 -0.014920384557086292 0.039297229877310415 0.059525290152089363 0.094832392953778391 -0.033665484798194263
leaf_count=19878 43956 2819 63 22 40 119 113
internal_value=0 -0.203672 0.0337663 0.509506 0.0712332 1.31806 -0.378785
internal_count=67010 22697 44313 357 175 182 135
shrinkage=0.05


Tree=67
num_leaves=8
num_cat=0
split_feature=2 6 4 3 0 2 5
split_gain=5.21029 4.80764 4.51221 4.40141 3.97688 8.51871 7.38816
threshold=20.350000000000005 5.6500000000000012 133.83333333333334 80.833333333333357 44.500000000000007 26.550000000000004 2.3608834244080148
decision_type=8 10 10 10 2 8 8
left_child=1 -1 -3 -4 5 -2 -7
right_child=4 2 3 -5 -6 6 -8
leaf_value=-0.019233433368099406 -0.015106743297606369 -0.012255975326358347 0.097391566766203155 0.011956777678022544 0.0034432904314616133 0.02950151962848805 -0.0035138058342889071
leaf_count=13041 19453 1884 66 131 27723 1620 3092
internal_value=0 -0.254752 0.243427 0.806724 0.0261767 -0.105628 0.143689
internal_count=67010 15122 2081 197 51888 24165 4712
shrinkage=0.05


Tree=68
num_leaves=8
num_cat=0
split_feature=4 8 0 2 5 6 2
split_gain=4.94361 11.7508 10.1404 6.62892 9.37997 7.74913 6.26672
threshold=130.83333333333334 1.0000000180025095e-35 57.500000000000007 26.750000000000004 2.0591736694677873 5.8500000000000005 20.950000000000003
decision_type=10 2 2 8 8 10 10
left_child=1 2 -1 4 -3 -5 -4
right_child=-2 3 6 5 -6 -7 -8
leaf_value=-0.013241739377167178 0.0029260481001049878 0.04227396427295179 -0.027538013802754183 0.083898788356850287 -0.024003820283933736 0.0076632815432016131 0.027861046253543298
leaf_count=46857 16039 703 555 274 979 209 1394
internal_value=0 -0.108529 -0.186029 0.443427 0.0716429 0.975242 0.34551
internal_count=67010 50971 48806 2165 1682 483 1949
shrinkage=0.05


Tree=69
num_leaves=8
num_cat=0
split_feature=3 0 2 3 6 4 5
split_gain=4.59892 5.22528 6.61164 9.75641 3.34491 3.27135 5.68262
threshold=67.833333333333357 46.500000000000007 27.750000000000004 64.833333333333357 12.100000000000001 168.33333333333334 1.4518338488731775
decision_type=10 2 10 10 10 10 10
left_child=1 -1 -3 -4 5 -2 -7
right_child=4 2 3 -5 -6 6 -8
leaf_value=-0.032433877794627052 -8.5159679404211647e-06 -0.0088258332167005828 0.13000017617581511 -0.028375274649149802 0.046608641492525492 -0.030334344621332322 0.024826756641020513
leaf_count=13946 47479 5156 71 67 25 46 220
internal_value=0 -0.303316 0.0181003 1.31381 0.0195016 0.014467 0.3215
internal_count=67010 19240 5294 138 47770 47745 266
shrinkage=0.05


Tree=70
num_leaves=8
num_cat=0
split_feature=2 6 4 3 3 2 0
split_gain=4.3992 4.50101 3.91978 3.921 3.462 7.61446 9.83508
threshold=20.350000000000005 5.6500000000000012 133.83333333333334 82.833333333333357 83.833333333333357 23.950000000000003 57.500000000000007
decision_type=8 10 10 10 10 10 2
left_child=1 -1 -3 -4 5 6 -2
right_child=4 2 3 -5 -6 -7 -8
leaf_value=-0.018294307085093327 -0.019711995660521824 -0.011258483604828987 0.082829734020258464 0.0077447585990972588 0.003942208795743969 0.0041124322513775074 0.017046063454461132
leaf_count=13041 23066 1884 89 108 11855 15779 1188
internal_value=0 -0.236895 0.243774 0.754557 0.0239737 -0.0652153 -0.256218
internal_count=67010 15122 2081 197 51888 40033 24254
shrinkage=0.05


Tree=71
num_leaves=8
num_cat=0
split_feature=0 5 4 5 8 2 4
split_gain=4.26023 6.66634 4.92151 4.5808 12.6667 4.1621 6.66689
threshold=41.500000000000007 1.3435921717171719 110.33333333333336 2.1565563725490198 1.0000000180025095e-35 33.750000000000007 158.33333333333334
decision_type=2 8 10 8 2 10 10
left_child=1 -1 -3 4 -4 -2 -7
right_child=5 2 3 -5 -6 6 -8
leaf_value=-0.042798103708045106 0.00078504779626918729 -0.039263723768196868 0.0057611791032861999 -0.008761185210015834 0.13083338367289973 0.034431752137567516 -0.04174659888591347
leaf_count=4573 43956 5225 5313 7510 76 335 22
internal_value=0 -0.183531 -0.0912149 -0.0176422 0.307294 0.029971 0.46696
internal_count=67010 22697 18124 12899 5389 44313 357
shrinkage=0.05


Tree=72
num_leaves=8
num_cat=0
split_feature=2 4 3 6 5 6 5
split_gain=3.87529 4.3299 5.43688 3.87181 3.89203 3.35854 3.3538
threshold=20.350000000000005 159.25000000000003 94.833333333333357 5.3500000000000005 0.93250835104767693 12.100000000000001 1.9842509920634923
decision_type=8 10 10 10 10 10 8
left_child=1 3 -3 6 -5 -2 -1
right_child=5 2 -4 4 -6 -7 -8
leaf_value=-0.034235342411443992 0.00085777380232091081 0.085953849709838673 -0.012574133333937082 0.047812912133470345 -0.0076139761825425954 0.047124683764689292 0.0034883893791092511
leaf_count=6727 51863 29 35 475 5817 25 2039
internal_value=0 -0.224274 0.664104 -0.290771 -0.0358319 0.0223419 -0.522531
internal_count=67010 15122 64 15058 6292 51888 8766
shrinkage=0.05


Tree=73
num_leaves=8
num_cat=0
split_feature=0 5 3 4 6 5 4
split_gain=3.83481 6.3539 4.68317 5.2939 4.01559 4.06263 5.35762
threshold=41.500000000000007 1.3435921717171719 83.833333333333357 121.16666666666667 7.7500000000000009 1.6418831767090476 137.83333333333334
decision_type=2 8 10 10 10 10 10
left_child=1 -1 -3 -4 5 6 -5
right_child=-2 2 3 4 -6 -7 -8
leaf_value=-0.042416364538913627 0.0014205146191904399 -0.01602781020123404 0.080459590815491186 -0.031018078417119038 0.0633349113765483 -0.0063985178342522769 0.060466687150972566
leaf_count=4573 44313 15924 128 158 29 1757 128
internal_value=0 -0.175023 -0.0862671 0.119949 0.050353 -0.014621 0.700699
internal_count=67010 22697 18124 2200 2072 2043 286
shrinkage=0.05


Tree=74
num_leaves=8
num_cat=0
split_feature=0 2 4 3 0 6 6
split_gain=3.74211 3.44488 3.56533 11.368 3.09691 5.39233 7.43585
threshold=26.500000000000004 20.950000000000003 144.16666666666671 80.583333333333357 50.500000000000007 6.1500000000000012 5.9500000000000011
decision_type=2 8 10 10 2 10 10
left_child=-1 2 -2 -4 -3 6 -6
right_child=1 4 3 -5 5 -7 -8
leaf_value=-0.036359608194980235 -0.013683662209023818 -0.0013841743591590664 0.12265840705091594 -0.0020690922226703195 0.0047905125967523526 0.019065456157903827 -0.026487813713563735
leaf_count=2463 17990 34460 35 362 9588 1384 728
internal_value=0 0.00696094 -0.171574 0.191388 0.0319873 0.10869 0.0416651
internal_count=67010 64547 18387 397 46160 11700 10316
shrinkage=0.05


Tree=75
num_leaves=8
num_cat=0
split_feature=0 4 8 0 2 5 6
split_gain=3.53841 3.28067 9.62657 8.12392 5.44716 8.37 6.46123
threshold=26.500000000000004 130.83333333333334 1.0000000180025095e-35 57.500000000000007 26.750000000000004 2.0591736694677873 5.8500000000000005
decision_type=2 10 2 2 8 8 10
left_child=-1 2 3 -2 5 -4 -6
right_child=1 -3 4 -5 6 -7 -8
leaf_value=-0.035898852978248914 -0.011599993628787207 0.002690296015282491 0.03879361587875798 0.01550260159909634 0.074232189723289099 -0.023419266328068584 0.0063243647163884129
leaf_count=2463 44695 15744 703 1949 271 976 209
internal_value=0 0.00670554 -0.0836515 -0.157248 0.408196 0.0671877 0.874015
internal_count=67010 64547 48803 46644 2159 1679 480
shrinkage=0.05


Tree=76
num_leaves=8
num_cat=0
split_feature=6 3 0 5 3 2 0
split_gain=3.42849 7.07306 6.14017 5.46998 8.61661 6.02343 4.10075
threshold=5.6500000000000012 76.833333333333357 31.500000000000004 0.93250835104767693 69.833333333333357 20.950000000000003 59.500000000000007
decision_type=10 10 2 8 10 10 2
left_child=1 3 -3 4 -1 -6 -2
right_child=6 2 -4 -5 5 -7 -8
leaf_value=-0.033239809559926385 0.0065388348911143718 -0.044532594354301708 0.00134781058749652 -0.01705889276227161 -0.0031774694056601587 0.13692471458664185 -0.013132586020492358
leaf_count=982 13073 857 19544 31254 287 179 834
internal_value=0 -0.0493093 0.00998545 -0.288715 0.71827 1.75065 0.089261
internal_count=67010 53103 20401 32702 1448 466 13907
shrinkage=0.05


Tree=77
num_leaves=8
num_cat=0
split_feature=0 7 6 3 5 6 5
split_gain=3.21029 2.98455 7.60779 4.71643 7.26811 6.37924 7.1485
threshold=26.500000000000004 1.0000000180025095e-35 6.0500000000000007 93.833333333333357 3.6695402298850577 5.8500000000000005 3.961161387631976
decision_type=2 2 8 10 8 10 10
left_child=-1 3 -3 -2 -5 -6 -7
right_child=1 2 -4 4 5 6 -8
leaf_value=-0.035083390704543235 -0.0028582283562928108 0.086623959444286691 0.0069040634484215206 0.0031600841066536118 0.059212429108895771 0.048138059156984409 -0.045182730253871539
leaf_count=2463 60809 95 1019 2418 143 28 35
internal_value=0 0.00623443 0.258981 -0.00909363 0.125709 0.737291 -0.0620735
internal_count=67010 64547 1114 63433 2624 206 63
shrinkage=0.05


Tree=78
num_leaves=8
num_cat=0
split_feature=0 2 6 4 4 5 3
split_gain=3.03561 2.83465 3.31424 3.44561 4.80644 4.26694 3.40306
threshold=26.500000000000004 20.950000000000003 5.5500000000000007 145.16666666666671 149.16666666666671 0.88694461351186871 76.833333333333357
decision_type=2 8 10 8 10 10 10
left_child=-1 2 6 5 -5 -4 -2
right_child=1 -3 3 4 -6 -7 -8
leaf_value=-0.034610599030907727 -0.029181625153441137 0.0014286823950376249 0.063350032732020264 0.086230124479097045 0.002352090205405612 -0.0099223450437410272 -0.0052530895050549213
leaf_count=2463 10910 46160 182 34 63 3865 3333
internal_value=0 0.00608602 -0.157432 0.124041 0.724737 -0.0685333 -0.282428
internal_count=67010 64547 18387 4144 97 4047 14243
shrinkage=0.05


Tree=79
num_leaves=8
num_cat=0
split_feature=6 3 0 5 3 2 6
split_gain=2.91552 6.0213 5.68857 5.20599 7.77439 4.89624 3.94984
threshold=5.6500000000000012 76.833333333333357 31.500000000000004 0.93250835104767693 69.833333333333357 20.950000000000003 5.2500000000000009
decision_type=10 10 2 8 10 10 10
left_child=1 3 -3 4 -1 -6 -4
right_child=-2 2 6 -5 5 -7 -8
leaf_value=-0.03264559281530053 0.0041041929210277736 -0.044103621732157074 0.0059286461835452052 -0.016134972401072614 -0.002449619345868341 0.12383768729207348 -0.0040831602180536703
leaf_count=982 13907 857 10904 31254 287 179 8640
internal_value=0 -0.0455717 0.00852943 -0.269911 0.708326 1.64614 0.0244162
internal_count=67010 53103 20401 32702 1448 466 19544
shrinkage=0.05


Tree=80
num_leaves=8
num_cat=0
split_feature=4 5 0 3 5 2 4
split_gain=2.75892 5.10957 3.70274 3.15888 5.94086 3.01064 5.49015
threshold=168.33333333333334 1.4518338488731775 38.500000000000007 96.833333333333357 2.3820855614973264 22.450000000000003 144.16666666666671
decision_type=10 10 2 10 10 8 10
left_child=2 -2 -1 4 -3 6 -4
right_child=1 3 5 -5 -6 -7 -8
leaf_value=-0.015712598352149599 -0.030157944180067717 0.094030306460081051 -0.01016127142536285 0.01320649385360439 -0.0074783245702829326 0.002100186767006568 0.01087807035909513
leaf_count=12407 46 31 23983 167 22 29633 721
internal_value=0 0.279484 -0.01229 0.441409 1.10789 0.00423511 -0.108777
internal_count=67010 266 66744 220 53 54337 24704
shrinkage=0.05


Tree=81
num_leaves=8
num_cat=0
split_feature=0 2 7 6 3 3 6
split_gain=2.68942 2.6209 2.72982 6.59389 4.47516 3.70736 7.16059
threshold=26.500000000000004 41.750000000000007 1.0000000180025095e-35 6.0500000000000007 89.583333333333357 93.833333333333357 4.9500000000000011
decision_type=2 10 2 8 10 10 10
left_child=-1 2 5 -4 -5 -2 -7
right_child=1 -3 3 4 -6 6 -8
leaf_value=-0.033580894791455311 -0.0027889177224647787 0.047049902460645943 0.078611348523313987 0.017046157583776859 -0.017862391558367576 0.024452712536005207 0.000447840791359609
leaf_count=2463 60776 42 95 887 129 569 2049
internal_value=0 0.00563463 0.00199066 0.242287 0.127573 -0.0127939 0.106148
internal_count=67010 64547 64505 1111 1016 63394 2618
shrinkage=0.05


Tree=82
num_leaves=8
num_cat=0
split_feature=6 0 5 4 5 8 0
split_gain=2.62263 2.82397 5.81396 4.16649 5.15808 9.95234 3.96156
threshold=12.100000000000001 41.500000000000007 1.3435921717171719 110.33333333333336 2.1565563725490198 1.0000000180025095e-35 39.500000000000007
decision_type=10 2 8 10 10 2 2
left_child=1 2 -1 -4 5 6 -5
right_child=-2 -3 3 4 -6 -7 -8
leaf_value=-0.041662414253595251 0.039473575186555296 0.0010004398472409552 -0.037808982366930574 0.022998542252619825 -0.0097528044365771567 0.11275963542991452 -0.012653876945557663
leaf_count=4573 26 44293 5225 4384 6386 82 2041
internal_value=0 -0.00372753 -0.157865 -0.0734075 -0.00745174 0.310365 0.145784
internal_count=67010 66984 22691 18118 12893 6507 6425
shrinkage=0.05


Tree=83
num_leaves=8
num_cat=0
split_feature=0 4 5 6 6 6 4
split_gain=2.51769 2.48433 4.73432 3.05501 6.16157 6.06669 11.5607
threshold=26.500000000000004 168.33333333333334 1.4518338488731775 8.1500000000000004 7.5500000000000007 6.9500000000000011 140.83333333333334
decision_type=2 10 10 10 10 10 10
left_child=-1 3 -3 4 5 -2 -7
right_child=1 2 -4 -5 -6 6 -8
leaf_value=-0.033012234427497282 -0.0011413318705392097 -0.029464267089831832 0.021149504425794351 0.018414075536026055 -0.039293415376695187 0.055764504923147475 -0.018066097140888148
leaf_count=2463 63055 46 218 467 235 432 94
internal_value=0 0.00550431 0.2696 -0.00671422 -0.0177553 -0.00654523 0.519546
internal_count=67010 64547 264 64283 63816 63581 526
shrinkage=0.05


Tree=84
num_leaves=8
num_cat=0
split_feature=0 4 5 5 2 4 4
split_gain=2.41843 6.46477 5.07564 10.6669 7.43562 6.28994 5.46058
threshold=50.500000000000007 109.83333333333336 3.1630280018984336 3.5875959079283892 28.050000000000004 157.25000000000003 120.25000000000001
decision_type=2 10 10 10 10 10 10
left_child=1 -1 -3 -4 5 6 -5
right_child=-2 2 3 4 -6 -7 -8
leaf_value=-0.029184893959937987 0.003166878998440292 0.0016489261536448434 -0.031148514827530713 0.037907426906014091 0.028752505214280789 0.052381630125566361 -0.032046340797835686
leaf_count=13121 15468 33527 2473 557 688 25 1151
internal_value=0 -0.0491678 -0.0211807 -0.248028 0.107086 -0.265756 -0.450967
internal_count=67010 51542 38421 4894 2421 1733 1708
shrinkage=0.05


Tree=85
num_leaves=8
num_cat=0
split_feature=2 0 2 2 2 0 3
split_gain=2.3662 2.49474 4.66031 7.20288 2.65961 4.99024 9.97956
threshold=41.750000000000007 35.500000000000007 21.450000000000003 20.650000000000002 24.150000000000002 49.500000000000007 77.833333333333357
decision_type=10 2 8 10 8 2 10
left_child=1 2 3 -1 5 6 -3
right_child=-2 4 -4 -5 -6 -7 -8
leaf_value=-0.015468893072684684 0.043789393201839805 -0.031357985554462293 -0.030272786497054418 0.085963571695242019 0.0029226805565576441 0.0022811364106753379 -0.0016640496252445574
leaf_count=3281 43 19211 4603 878 19545 12009 7440
internal_value=0 -0.00304979 -0.326167 0.360085 0.0069445 -0.0618396 -0.206015
internal_count=67010 66967 8762 4159 58205 38660 26651
shrinkage=0.05


Tree=86
num_leaves=8
num_cat=0
split_feature=0 6 2 4 5 4 0
split_gain=2.29948 2.28944 2.29274 7.0257 6.48221 5.61924 4.51491
threshold=26.500000000000004 12.100000000000001 34.550000000000004 135.83333333333334 3.1222000995520163 128.25000000000003 52.500000000000007
decision_type=2 10 10 10 8 10 2
left_child=-1 2 -2 4 5 -4 -5
right_child=1 -3 3 6 -6 -7 -8
leaf_value=-0.032234348819839526 -0.00043787045575372418 0.036808687624861537 0.010606676313690069 -0.017740816606914726 -0.017768900309980778 0.11607767758556542 0.042317692203509644
leaf_count=2463 64030 25 95 206 86 72 33
internal_value=0 0.00504363 0.000971621 0.308267 1.06929 1.58789 -0.0792726
internal_count=67010 64547 64522 492 253 167 239
shrinkage=0.05


Tree=87
num_leaves=8
num_cat=0
split_feature=2 0 0 2 3 4 4
split_gain=2.17535 2.23186 16.3186 9.03124 9.01672 8.197 4.83721
threshold=41.750000000000007 58.500000000000007 59.500000000000007 24.550000000000004 76.166666666666671 127.83333333333336 119.33333333333336
decision_type=10 2 2 10 8 10 8
left_child=1 -1 3 5 -5 -3 -4
right_child=-2 2 6 4 -6 -7 -8
leaf_value=-0.0010834863026221006 0.041555547474537644 0.0054161473936155981 0.030399045044679465 0.07598522994083913 -0.014572126072030109 0.081134465645287854 -0.014878394372372629
leaf_count=64397 43 342 561 79 192 222 1174
internal_value=0 -0.00281451 0.150406 0.714284 0.10974 1.18793 -0.188635
internal_count=67010 66967 2570 835 271 564 1735
shrinkage=0.05


Tree=88
num_leaves=8
num_cat=0
split_feature=0 4 3 5 2 6 1
split_gain=2.17115 2.18668 4.40869 5.31422 2.75851 2.7208 4.90782
threshold=26.500000000000004 168.33333333333334 88.833333333333357 1.4921855921855924 25.550000000000004 6.5500000000000007 1.5000000000000002
decision_type=2 10 10 10 10 8 2
left_child=-1 -2 -3 -4 -5 6 -6
right_child=1 2 3 4 5 -7 -8
leaf_value=-0.031728278066884621 -0.00031872646325055171 0.080381862893086742 -0.037976315839413674 -0.0010312171076848351 0.059774352741718467 -0.0068444514776718384 -0.010367833811012049
leaf_count=2463 64283 20 44 106 54 20 20
internal_value=0 0.00514966 0.251687 0.151848 0.319873 0.601225 0.825841
internal_count=67010 64547 264 244 200 94 74
shrinkage=0.05


Tree=89
num_leaves=8
num_cat=0
split_feature=6 3 5 0 5 5 2
split_gain=2.12054 4.5115 11.1179 7.47524 8.75861 6.9594 5.39275
threshold=5.6500000000000012 82.833333333333357 0.93250835104767693 43.500000000000007 0.75316658649991997 0.96915146708961153 31.450000000000003
decision_type=10 10 8 2 10 8 10
left_child=1 2 3 -1 -5 -3 -4
right_child=-2 5 6 4 -6 -7 -8
leaf_value=-0.03168468137850293 0.0034912299619216263 -0.038134432967456583 -0.012521737573650438 -0.015256752471146447 0.10497616399343031 0.0031266383848284709 0.034355734862932523
leaf_count=950 13907 397 40389 253 531 10171 412
internal_value=0 -0.0388998 -0.163522 0.944078 1.42458 0.0345939 -0.217456
internal_count=67010 53103 42535 1734 784 10568 40801
shrinkage=0.05


Tree=90
num_leaves=8
num_cat=0
split_feature=6 0 5 5 8 4 5
split_gain=2.08396 2.11018 5.49119 3.75029 9.19088 3.66844 8.53345
threshold=12.100000000000001 41.500000000000007 1.3435921717171719 2.1565563725490198 1.0000000180025095e-35 149.16666666666671 3.7475490196078436
decision_type=10 2 8 10 2 10 10
left_child=1 2 -1 4 -4 -5 -7
right_child=-2 -3 3 5 -6 6 -8
leaf_value=-0.041000257956997362 0.034655751091896753 0.00085480176412874593 0.0025548196180311088 -0.017803373808475752 0.099408896927290741 -0.0074341888654653231 0.09068765895531769
leaf_count=4573 26 44293 9962 7835 100 194 27
internal_value=0 -0.00317996 -0.13822 -0.0574775 0.194896 -0.218866 0.247186
internal_count=67010 66984 22691 18118 10062 8056 221
shrinkage=0.05


Tree=91
num_leaves=8
num_cat=0
split_feature=2 4 3 6 5 2 2
split_gain=2.02218 3.37453 4.46756 3.42335 3.56097 6.13001 3.43315
threshold=20.350000000000005 159.25000000000003 94.833333333333357 5.3500000000000005 2.2516666666666674 19.550000000000004 18.650000000000002
decision_type=8 10 10 10 8 10 10
left_child=1 3 -3 4 6 -6 -1
right_child=-2 2 -4 -5 5 -7 -8
leaf_value=-0.0036385178550825572 0.00081751688714937231 0.074910482643023163 -0.012429125397170912 0.00039351267437791061 -0.035016969353905483 0.064868783446444464 -0.042568561593633522
leaf_count=2717 51888 29 35 6292 788 617 4644
internal_value=0 -0.167672 0.597584 -0.232511 -0.466357 0.324051 -0.604346
internal_count=67010 15122 64 15058 8766 1405 7361
shrinkage=0.05


Tree=92
num_leaves=8
num_cat=0
split_feature=0 0 0 2 3 4 4
split_gain=1.9954 2.02825 14.197 7.46603 7.98273 6.57635 4.44313
threshold=26.500000000000004 59.500000000000007 58.500000000000007 24.550000000000004 76.166666666666671 127.83333333333336 119.33333333333336
decision_type=2 2 2 10 8 10 8
left_child=-1 2 -2 5 -5 -4 -3
right_child=1 6 3 4 -6 -7 -8
leaf_value=-0.031010320009643808 -0.00059549829942327477 0.028504952585206855 0.0050963929494146987 0.06952209576489185 -0.014132988146166146 0.072184000681398963 -0.01447953987648385
leaf_count=2463 61977 561 342 79 192 222 1174
internal_value=0 0.00498321 0.0189853 0.660091 0.105655 1.07495 -0.183129
internal_count=67010 64547 62812 835 271 564 1735
shrinkage=0.05


Tree=93
num_leaves=8
num_cat=0
split_feature=0 0 0 3 2 1 2
split_gain=1.93629 2.51993 11.2799 6.90824 5.87355 5.19672 6.58546
threshold=68.500000000000014 58.500000000000007 59.500000000000007 78.583333333333357 24.550000000000004 1.5000000000000002 22.450000000000003
decision_type=2 2 2 10 10 2 10
left_child=1 -1 3 5 -5 6 -3
right_child=-2 2 -4 4 -6 -7 -8
leaf_value=-0.00078520930815389263 -0.037715896081413083 0.0097760933175549715 -0.0066505621969610053 0.036595830651800304 -0.011458425515205012 -0.0026382465614851144 0.11601072216110409
leaf_count=64440 73 149 1662 243 176 107 160
internal_value=0 0.00419502 0.168392 0.614087 0.312417 1.33224 1.71254
internal_count=67010 66937 2497 835 419 416 309
shrinkage=0.05


Tree=94
num_leaves=8
num_cat=0
split_feature=4 5 6 5 5 6 3
split_gain=1.92297 5.89009 7.12677 6.61911 6.8524 7.92482 5.11303
threshold=155.16666666666671 3.7065997130559545 5.8500000000000005 2.9082491582491588 2.8189269746646803 4.7500000000000009 89.583333333333357
decision_type=10 10 8 8 8 10 10
left_child=-1 3 -3 4 5 -2 -7
right_child=1 2 -4 -5 -6 6 -8
leaf_value=-0.00091005152790389838 0.051677454279268176 0.077757535408439771 -0.0079852980339520409 -0.023585366214163711 0.079640762024489428 0.037991915246964374 -0.0055027256468999294
leaf_count=65908 78 49 33 200 24 141 577
internal_value=0 0.130887 0.869283 0.0499178 0.188256 0.118858 -0.00497162
internal_count=67010 1102 82 1020 820 796 718
shrinkage=0.05


Tree=95
num_leaves=8
num_cat=0
split_feature=6 5 5 0 2 4 2
split_gain=1.91584 2.04158 5.9241 7.04412 11.3733 7.78938 7.08223
threshold=12.100000000000001 3.1630280018984336 3.5875959079283892 50.500000000000007 25.850000000000005 126.25000000000001 28.350000000000005
decision_type=10 8 8 2 10 8 10
left_child=1 -1 3 -3 -5 6 -6
right_child=-2 2 -4 4 5 -7 -8
leaf_value=0.001032818329206753 0.033083393641723823 -0.030394901624146077 0.0044268411850837677 -0.025898182231878997 0.14670153198430846 0.011859531016364902 -0.0030440729352224812
leaf_count=58009 26 2869 5142 681 87 155 41
internal_value=0 -0.00264612 -0.116411 -0.336085 0.0702003 0.779087 2.01648
internal_count=67010 66984 8975 3833 964 283 128
shrinkage=0.05


Tree=96
num_leaves=8
num_cat=0
split_feature=2 6 5 5 2 0 0
split_gain=1.88411 3.07909 3.04283 5.67128 2.91868 4.58281 4.33043
threshold=20.350000000000005 5.6500000000000012 1.9623820754716983 2.0591736694677873 19.550000000000004 51.500000000000007 44.500000000000007
decision_type=8 10 8 8 8 2 2
left_child=1 2 -1 -4 -5 6 -6
right_child=-2 -3 3 4 5 -7 -8
leaf_value=-0.020982431987182606 0.00080473441201827181 0.01134287413760722 0.069020123222096871 -0.033977388570814178 -0.010898646570310248 -0.034001658437934609 0.089682892330937958
leaf_count=10001 51888 2081 451 1430 671 198 290
internal_value=0 -0.162115 -0.281838 0.150965 -0.192532 0.317472 0.972935
internal_count=67010 15122 13041 3040 2589 1159 961
shrinkage=0.05


Tree=97
num_leaves=8
num_cat=0
split_feature=0 2 6 2 4 2 5
split_gain=1.86827 1.9621 6.36458 4.74252 5.68742 4.12475 7.91276
threshold=26.500000000000004 29.950000000000003 5.0500000000000007 30.150000000000002 141.16666666666671 32.150000000000013 2.7602816901408453
decision_type=2 8 10 8 10 10 8
left_child=-1 -2 5 4 -4 6 -3
right_child=1 2 3 -5 -6 -7 -8
leaf_value=-0.030425641617648408 -0.00071976429174582532 0.0058183199031030513 0.081923397713472512 -0.0017031757997342358 -0.018524659966990025 0.0052813759266374834 0.10155938867955544
leaf_count=2463 61621 174 103 2289 20 192 148
internal_value=0 0.00514224 0.135704 0.0272209 0.925678 0.723515 1.16536
internal_count=67010 64547 2926 2412 123 514 322
shrinkage=0.05


Tree=98
num_leaves=8
num_cat=0
split_feature=4 3 5 4 5 3 0
split_gain=1.8683 3.82614 4.76688 2.42414 5.35091 3.50218 4.46166
threshold=168.33333333333334 88.833333333333357 1.4921855921855924 162.16666666666671 1.3183829444891393 104.16666666666667 39.500000000000007
decision_type=10 10 10 8 8 10 2
left_child=3 -2 -3 5 -5 -1 -7
right_child=1 2 -4 4 -6 6 -8
leaf_value=-0.00058970989538228839 0.07267105828496416 -0.037186079782370977 0.014423517758335913 0.044829329501061693 -0.027667135286160157 0.082044822633329906 0.010839198926548237
leaf_count=66279 20 44 202 29 221 23 192
internal_value=0 0.227504 0.133429 -0.00940888 -0.356017 6.16597e-05 0.409859
internal_count=67010 266 246 66744 250 66494 215
shrinkage=0.05


Tree=99
num_leaves=8
num_cat=0
split_feature=2 2 2 5 4 0 4
split_gain=1.84444 2.12188 3.98747 8.99723 6.37028 9.515 3.25934
threshold=41.750000000000007 37.750000000000007 34.550000000000004 3.1222000995520163 138.83333333333334 48.500000000000007 133.25000000000003
decision_type=10 10 10 8 10 2 10
left_child=1 2 -1 4 5 -4 -3
right_child=-2 6 3 -5 -6 -7 -8
leaf_value=-0.00035507665942236324 0.037616585989475322 0.024290909270026213 0.13037972361805272 -0.033385545903205902 0.012256051360232478 -0.012015749122321239 -0.045643979689151237
leaf_count=66493 43 57 102 116 90 25 84
internal_value=0 -0.00178893 0.003353 0.502409 0.95788 1.77401 -0.537322
internal_count=67010 66967 66826 333 217 127 141
shrinkage=0.05


end of trees

feature importances:
H25_age=164
H25_bmi=138
H25_sbp=112
H25_dbp=107
H25_a1c=84
H25_lhrate=64
H25_dl=24
H25_dm=5
H25_sex=2

parameters:
[boosting: gbdt]
[objective: binary]
[metric: binary]
[tree_learner: serial]
[device_type: cpu]
[data: ]
[valid: ]
[num_iterations: 100]
[learning_rate: 0.05]
[num_leaves: 8]
[num_threads: 0]
[max_depth: -1]
[min_data_in_leaf: 20]
[min_sum_hessian_in_leaf: 1]
[bagging_fraction: 0.4]
[bagging_freq: 0]
[bagging_seed: 3]
[feature_fraction: 1]
[feature_fraction_seed: 2]
[early_stopping_round: 0]
[max_delta_step: 0]
[lambda_l1: 0]
[lambda_l2: 1]
[min_gain_to_split: 0]
[drop_rate: 0.1]
[max_drop: 50]
[skip_drop: 0.5]
[xgboost_dart_mode: 0]
[uniform_drop: 0]
[drop_seed: 4]
[top_rate: 0.2]
[other_rate: 0.1]
[min_data_per_group: 100]
[max_cat_threshold: 32]
[cat_l2: 10]
[cat_smooth: 10]
[max_cat_to_onehot: 4]
[top_k: 20]
[monotone_constraints: ]
[feature_contri: ]
[forcedsplits_filename: ]
[refit_decay_rate: 0.9]
[verbosity: 0]
[max_bin: 255]
[min_data_in_bin: 3]
[bin_construct_sample_cnt: 200000]
[histogram_pool_size: -1]
[data_random_seed: 1]
[output_model: LightGBM_model.txt]
[snapshot_freq: -1]
[input_model: ]
[output_result: LightGBM_predict_result.txt]
[initscore_filename: ]
[valid_data_initscores: ]
[pre_partition: 0]
[enable_bundle: 1]
[max_conflict_rate: 0]
[is_enable_sparse: 1]
[sparse_threshold: 0.8]
[use_missing: 1]
[zero_as_missing: 0]
[two_round: 0]
[save_binary: 0]
[enable_load_from_binary_file: 1]
[header: 0]
[label_column: ]
[weight_column: ]
[group_column: ]
[ignore_column: ]
[categorical_feature: ]
[predict_raw_score: 0]
[predict_leaf_index: 0]
[predict_contrib: 0]
[num_iteration_predict: -1]
[pred_early_stop: 0]
[pred_early_stop_freq: 10]
[pred_early_stop_margin: 10]
[convert_model_language: ]
[convert_model: gbdt_prediction.cpp]
[num_class: 1]
[is_unbalance: 0]
[scale_pos_weight: 1]
[sigmoid: 1]
[boost_from_average: 1]
[reg_sqrt: 0]
[alpha: 0.9]
[fair_c: 1]
[poisson_max_delta_step: 0.7]
[tweedie_variance_power: 1.5]
[max_position: 20]
[label_gain: ]
[metric_freq: 1]
[is_provide_training_metric: 0]
[eval_at: ]
[num_machines: 1]
[local_listen_port: 12400]
[time_out: 120]
[machine_list_filename: ]
[machines: ]
[gpu_platform_id: -1]
[gpu_device_id: -1]
[gpu_use_dp: 0]

end of parameters

pandas_categorical:[]
