tree
version=v2
num_class=1
num_tree_per_iteration=1
label_index=0
max_feature_idx=8
objective=binary sigmoid:1
feature_names=H25_age H25_sex H25_bmi H25_dbp H25_sbp H25_lhrate H25_a1c H25_dm H25_dl
feature_infos=[18:74] [1:2] [0:65.599999999999994] [0:132] [0:228] [0.18181818181818185:8.5500000000000007] [2.7999999999999998:14.5] [0:1] [0:1]
tree_sizes=718 727 736 730 731 727 733 733 740 744 733 740 738 732 738 740 733 735 743 743 742 739 740 734 740 729 736 743 744 736 749 735 741 744 738 736 737 739 750 739 742 746 742 739 746 743 741 746 751 745 746 741 740 745 735 728 739 737 738 737 736 738 732 737 739 740 737 744 733 732 735 735 734 735 735 747 733 728 729 738 730 738 739 729 740 738 727 744 734 742 739 731 734 731 733 739 730 733 741 734

Tree=0
num_leaves=8
num_cat=0
split_feature=4 3 3 0 0 2 3
split_gain=1589.66 282.395 270.662 129.727 103.104 59.5414 49.4941
threshold=142.16666666666671 99.833333333333357 85.833333333333357 45.500000000000007 57.500000000000007 34.050000000000004 89.583333333333357
decision_type=8 10 10 2 2 10 10
left_child=2 3 4 -2 5 -1 -4
right_child=1 -3 6 -5 -6 -7 -8
leaf_value=-4.4298539800151024 -4.3169098151674561 -3.8824545321892403 -4.355108739391774 -4.1259470901554636 -4.3360551957203679 -4.2557087190923477 -4.2693983778000177
leaf_count=53503 1232 757 4373 2186 2551 331 2076
internal_value=0 5.39143 -0.364884 4.09295 -0.567711 -0.653062 1.39314
internal_count=67009 4175 62834 3418 56385 53834 6449
shrinkage=1


Tree=1
num_leaves=8
num_cat=0
split_feature=4 3 3 0 2 2 0
split_gain=1123.65 191.865 170.36 90.1881 59.5854 50.3068 44.0289
threshold=139.83333333333334 92.833333333333357 85.833333333333357 54.500000000000007 25.150000000000002 29.050000000000004 45.500000000000007
decision_type=8 10 10 2 8 10 2
left_child=2 6 3 5 -3 -1 -2
right_child=1 4 -4 -5 -6 -7 -8
leaf_value=-0.037443556698294293 0.032676102853454785 0.17872986640479768 0.052693575116718405 0.02863420379344965 0.32678766402202453 0.034012481432161797 0.13599510750332519
leaf_count=48593 1290 1192 5546 5097 1081 2092 2118
internal_value=0 3.43285 -0.406298 -0.566732 5.12649 -0.687309 2.03105
internal_count=67009 5681 61328 55782 2273 50685 3408
shrinkage=0.05


Tree=2
num_leaves=8
num_cat=0
split_feature=3 4 7 4 0 0 2
split_gain=879.621 209.054 86.6405 65.998 60.0829 59.9011 47.3778
threshold=89.583333333333357 130.83333333333334 1.0000000180025095e-35 137.83333333333334 49.500000000000007 51.500000000000007 27.750000000000004
decision_type=8 10 2 8 2 2 10
left_child=1 4 5 -2 -1 -3 -6
right_child=3 2 -4 -5 6 -7 -8
leaf_value=-0.040632681765987187 0.062459120745055718 0.0069240260061531975 0.22918827024697894 0.17641322320782019 -0.010618300330276172 0.078298860624991015 0.10649404200305657
leaf_count=38590 1226 8492 343 3442 11279 2961 676
internal_value=0 -0.357424 0.69649 3.06527 -0.629634 0.543364 -0.0616158
internal_count=67009 62341 11796 4668 50545 11453 11955
shrinkage=0.05


Tree=3
num_leaves=8
num_cat=0
split_feature=4 3 3 0 7 0 8
split_gain=728.402 120.45 115.308 72.5797 50.4154 32.4628 31.6583
threshold=137.83333333333334 92.833333333333357 83.833333333333357 57.500000000000007 1.0000000180025095e-35 46.500000000000007 1.0000000180025095e-35
decision_type=8 10 10 2 2 2 2
left_child=2 4 3 -1 5 -2 -4
right_child=1 -3 6 -5 -6 -7 -8
leaf_value=-0.034561480926697689 0.013400365210080853 0.15701099180233663 0.020150944890957048 0.04519865835993233 0.22680381241711786 0.078840455794906922 0.12469349372028962
leaf_count=49680 2422 2456 6707 2212 192 2811 529
internal_value=0 2.05332 -0.441207 -0.608661 1.24669 1.04487 0.583915
internal_count=67009 7881 59128 51892 5425 5233 7236
shrinkage=0.05


Tree=4
num_leaves=8
num_cat=0
split_feature=3 4 0 4 2 3 2
split_gain=618.231 109.724 106.712 55.0319 49.0803 33.8372 30.6684
threshold=85.833333333333357 145.25000000000003 49.500000000000007 136.83333333333334 34.050000000000004 93.833333333333357 22.550000000000004
decision_type=8 8 2 10 10 10 8
left_child=2 5 4 6 -1 -2 -4
right_child=1 -3 3 -5 -6 -7 -8
leaf_value=-0.037924224786871408 0.035147085030712483 0.13110174726826426 -0.023672511008656021 0.084206735724892179 0.11322323296472854 0.10209971400170033 0.021332563966987683
leaf_count=42801 5970 2622 6394 1276 318 1154 6474
internal_value=0 1.6223 -0.473686 0.201499 -0.724041 1.00198 -0.0150682
internal_count=67009 9746 57263 14144 43119 7124 12868
shrinkage=0.05


Tree=5
num_leaves=8
num_cat=0
split_feature=4 4 0 2 0 4 2
split_gain=533.529 113.603 66.7534 44.9608 36.637 34.203 32.5187
threshold=131.16666666666671 145.25000000000003 49.500000000000007 25.850000000000005 44.500000000000007 168.33333333333334 22.450000000000003
decision_type=8 8 2 8 2 10 8
left_child=2 3 -1 4 -2 -3 -4
right_child=1 5 6 -5 -6 -7 -8
leaf_value=-0.038274933970418645 -0.02475917980069282 0.092417802084710274 -0.023991871713517118 0.071589708148610612 0.035878891321408722 0.19528550213511262 0.022790512505999106
leaf_count=39659 2853 2899 6063 3647 5147 267 6474
internal_value=0 1.1871 -0.557231 0.701116 0.334086 2.11119 0.0197683
internal_count=67009 14813 52196 11647 8000 3166 12537
shrinkage=0.05


Tree=6
num_leaves=8
num_cat=0
split_feature=3 0 3 2 2 0 6
split_gain=471.166 96.0288 55.3307 46.3666 42.7234 37.8051 28.5593
threshold=85.833333333333357 49.500000000000007 93.250000000000014 27.650000000000002 34.050000000000004 57.500000000000007 6.1500000000000012
decision_type=8 2 10 10 10 2 10
left_child=1 4 6 5 -1 -3 -2
right_child=2 3 -4 -5 -6 -7 -8
leaf_value=-0.037024693942164143 0.033390926822156441 -0.012650694005630243 0.09565016471798421 0.091349618704906488 0.097158462976227308 0.044478520772486901 0.11136712310498401
leaf_count=42801 6369 10665 2729 969 318 2510 648
internal_value=0 -0.451353 1.29967 0.174627 -0.704353 0.0142852 0.848731
internal_count=67009 57263 9746 14144 43119 13175 7017
shrinkage=0.05


Tree=7
num_leaves=8
num_cat=0
split_feature=4 4 0 2 2 0 0
split_gain=425.868 70.1509 61.1802 28.7916 28.2563 28.1329 26.7248
threshold=131.16666666666671 142.16666666666671 49.500000000000007 25.850000000000005 22.450000000000003 47.500000000000007 45.500000000000007
decision_type=8 8 2 8 8 2 2
left_child=2 3 -1 5 -4 -2 -3
right_child=1 6 4 -5 -6 -7 -8
leaf_value=-0.037372582910732699 -0.017380527165669412 0.041408097319401829 -0.023420305193114655 0.056487620295076084 0.020060756795725134 0.034800184465738057 0.092495945823001247
leaf_count=39659 3819 1510 6063 3271 6474 3548 2665
internal_value=0 0.987508 -0.535081 0.52837 0.00848456 0.216323 1.53721
internal_count=67009 14813 52196 10638 12537 7367 4175
shrinkage=0.05


Tree=8
num_leaves=8
num_cat=0
split_feature=4 3 0 0 2 6 8
split_gain=376.596 60.4459 58.8527 35.7052 35.7446 26.466 18.6159
threshold=131.16666666666671 87.833333333333357 49.500000000000007 57.500000000000007 27.450000000000003 6.1500000000000012 1.0000000180025095e-35
decision_type=8 8 2 2 8 10 2
left_child=2 3 6 4 -2 -4 -1
right_child=1 -3 5 -5 -6 -7 -8
leaf_value=-0.038939799522767514 -0.0058986048107047741 0.064971583164982777 -0.0065303584677879377 0.087848592554456262 0.060091914949850535 0.063743525458190772 0.02303878013012868
leaf_count=38443 6756 5702 11477 745 1610 1060 1216
internal_value=0 0.894821 -0.522345 0.383267 0.183755 0.0078064 -0.737318
internal_count=67009 14813 52196 9111 8366 12537 39659
shrinkage=0.05


Tree=9
num_leaves=8
num_cat=0
split_feature=4 0 3 0 8 2 2
split_gain=335.433 53.1545 52.3173 40.7539 26.0423 25.2426 21.4416
threshold=130.83333333333334 49.500000000000007 93.250000000000014 46.500000000000007 1.0000000180025095e-35 27.750000000000004 21.350000000000005
decision_type=8 2 8 2 2 10 8
left_child=1 -1 3 4 -2 -3 -5
right_child=2 5 -4 6 -6 -7 -8
leaf_value=-0.037024936063533402 -0.0074549179466904918 -0.0071305075085409397 0.068758862662395184 -0.0011737260713029865 0.096790413868637779 0.067973022512864315 0.052976875144812897
leaf_count=38863 6360 11439 2578 1263 341 708 5457
internal_value=0 -0.528319 0.787539 0.506035 -0.0048683 -0.016762 0.871475
internal_count=67009 51010 15999 13421 6701 12147 6720
shrinkage=0.05


Tree=10
num_leaves=8
num_cat=0
split_feature=3 4 0 8 4 6 4
split_gain=306.643 58.0675 53.4161 36.1456 21.7874 23.9088 20.098
threshold=79.833333333333357 137.83333333333334 57.500000000000007 1.0000000180025095e-35 168.33333333333334 8.0500000000000025 117.25000000000001
decision_type=8 8 2 2 10 10 10
left_child=2 3 -1 -2 5 -3 -4
right_child=1 4 6 -5 -6 -7 -8
leaf_value=-0.034041103801102549 0.0041905392061262784 0.042397928689873202 -0.011946109334944374 0.083993716586417966 0.10884469030104885 0.15396959363499191 0.068495124898533613
leaf_count=44010 13203 6476 938 999 265 118 1000
internal_value=0 0.649619 -0.583902 0.225701 1.01342 0.912828 0.681732
internal_count=67009 21061 45948 14202 6859 6594 1938
shrinkage=0.05


Tree=11
num_leaves=8
num_cat=0
split_feature=3 0 4 2 0 8 4
split_gain=276.762 51.5451 48.994 31.8426 19.5391 19.3046 18.6964
threshold=79.833333333333357 49.500000000000007 142.16666666666671 25.850000000000005 47.500000000000007 1.0000000180025095e-35 117.25000000000001
decision_type=8 2 8 8 2 2 10
left_child=1 -1 3 4 -2 -5 -3
right_child=2 6 -4 5 -6 -7 -8
leaf_value=-0.039822498833988793 -0.016597067162781226 -0.021036681215502038 0.052147774180380371 0.030955380535288169 0.018399779767278239 0.10247987862101891 0.017725247108370496
leaf_count=35640 6315 5503 3919 4368 5922 537 4805
internal_value=0 -0.571352 0.599381 0.313768 0.0564404 0.833923 -0.0253095
internal_count=67009 45948 21061 17142 12237 4905 10308
shrinkage=0.05


Tree=12
num_leaves=8
num_cat=0
split_feature=3 0 3 7 2 0 0
split_gain=250.037 49.8967 42.5535 35.5922 25.5918 25.805 18.5057
threshold=79.833333333333357 49.500000000000007 87.833333333333357 1.0000000180025095e-35 22.450000000000003 51.500000000000007 58.500000000000007
decision_type=8 2 8 2 8 2 2
left_child=1 -1 3 4 -2 -6 -3
right_child=2 6 -4 -5 5 -7 -8
leaf_value=-0.039383737846129863 -0.023344742855249685 -0.010677887467504478 0.042697190035127272 0.11095341229504768 0.0019188086369942689 0.050882376666947227 0.038066299062041772
leaf_count=35640 4588 8887 6989 347 6941 2196 1421
internal_value=0 -0.558807 0.55369 0.198109 0.102048 0.354282 -0.0242795
internal_count=67009 45948 21061 14072 13725 9137 10308
shrinkage=0.05


Tree=13
num_leaves=8
num_cat=0
split_feature=4 0 2 0 4 2 3
split_gain=227.977 47.0774 27.5482 26.88 25.8776 24.0694 18.282
threshold=130.83333333333334 48.500000000000007 23.350000000000005 45.500000000000007 168.33333333333334 26.550000000000004 93.833333333333357
decision_type=8 2 10 2 8 8 10
left_child=1 -1 -3 5 -5 6 -2
right_child=3 2 -4 4 -6 -7 -8
leaf_value=-0.036212280543801136 -0.024610965799063127 -0.020227961640006255 0.021487202146023163 0.034869965095964385 0.10734390481785999 0.036333778475030151 0.029970620605192136
leaf_count=36824 4177 8803 5383 8979 191 2135 517
internal_value=0 -0.483409 -0.0472401 0.585869 0.781885 0.201649 -0.170282
internal_count=67009 51010 14186 15999 9170 6829 4694
shrinkage=0.05


Tree=14
num_leaves=8
num_cat=0
split_feature=3 0 2 0 0 3 7
split_gain=209.983 46.6458 31.9763 23.5213 16.4132 16.1559 15.6626
threshold=79.833333333333357 49.500000000000007 25.150000000000002 44.500000000000007 57.500000000000007 100.83333333333336 1.0000000180025095e-35
decision_type=8 2 8 2 2 10 2
left_child=1 -1 3 -2 -3 6 -4
right_child=2 4 5 -5 -6 -7 -8
leaf_value=-0.038567195822188545 -0.015847760909084987 -0.012226418950106781 0.028759105524368195 0.020864545230171259 0.028815019533202715 0.076734858011222401 0.08875984440274183
leaf_count=35640 4444 8370 7147 8753 1938 358 359
internal_value=0 -0.536623 0.484401 0.235127 -0.0256101 0.793331 0.668785
internal_count=67009 45948 21061 13197 10308 7864 7506
shrinkage=0.05


Tree=15
num_leaves=8
num_cat=0
split_feature=3 0 3 7 5 4 2
split_gain=190.512 45.04 29.1069 30.8367 17.4729 17.2485 16.9873
threshold=79.833333333333357 49.500000000000007 89.583333333333357 1.0000000180025095e-35 3.5959492635024555 155.16666666666671 22.450000000000003
decision_type=8 2 10 2 8 10 8
left_child=1 -1 3 5 -4 6 -2
right_child=2 -3 4 -5 -6 -7 -8
leaf_value=-0.038096859175429744 -0.017627544322206676 -0.0012193165221865638 0.031858751746742318 0.088464868797215018 0.083561713386957004 0.090282238961440109 0.012969135569702091
leaf_count=35640 5132 10308 4247 415 403 162 10702
internal_value=0 -0.523947 0.450184 0.215552 0.742362 0.131598 0.0858121
internal_count=67009 45948 21061 16411 4650 15996 15834
shrinkage=0.05


Tree=16
num_leaves=8
num_cat=0
split_feature=4 0 2 0 4 2 3
split_gain=174.857 41.6811 23.7917 19.6217 17.7121 17.3153 14.9417
threshold=130.83333333333334 48.500000000000007 23.350000000000005 45.500000000000007 168.33333333333334 26.550000000000004 93.833333333333357
decision_type=8 2 10 2 8 8 10
left_child=1 -1 -3 5 -5 6 -2
right_child=3 2 -4 4 -6 -7 -8
leaf_value=-0.034784096420042827 -0.023671661337337373 -0.019461685924942924 0.019161650651101668 0.028572841629504128 0.084367181129412105 0.028785039213401732 0.024911532799374601
leaf_count=36824 4177 8803 5383 8979 191 2135 517
internal_value=0 -0.451012 -0.0476048 0.4823 0.641035 0.15733 -0.167266
internal_count=67009 51010 14186 15999 9170 6829 4694
shrinkage=0.05


Tree=17
num_leaves=8
num_cat=0
split_feature=3 0 2 4 0 3 3
split_gain=161 41.9547 23.7441 15.2609 16.1518 14.2415 13.758
threshold=79.833333333333357 49.500000000000007 23.250000000000004 117.25000000000001 57.500000000000007 86.833333333333357 93.250000000000014
decision_type=8 2 8 10 2 10 10
left_child=1 -1 5 -3 -5 -2 -4
right_child=2 3 6 4 -6 -7 -8
leaf_value=-0.037225621651011474 -0.014084885056295106 -0.019803819642228784 0.019980128974429478 -0.001599227292011487 0.051543751379378201 0.017173364832121309 0.042834386120907376
leaf_count=35640 5611 5503 10776 3805 1000 2790 1884
internal_value=0 -0.50161 0.397686 -0.024837 0.305749 0.0667216 0.560372
internal_count=67009 45948 21061 10308 4805 8401 12660
shrinkage=0.05


Tree=18
num_leaves=8
num_cat=0
split_feature=3 0 2 3 0 3 8
split_gain=146.375 40.3828 20.5373 16.6903 15.2552 18.907 23.1961
threshold=79.833333333333357 49.500000000000007 22.350000000000005 87.833333333333357 46.500000000000007 93.833333333333357 1.0000000180025095e-35
decision_type=8 2 8 10 2 10 2
left_child=1 -1 3 -2 5 6 -4
right_child=2 -3 4 -5 -6 -7 -8
leaf_value=-0.036724263785094607 -0.021447941407316345 -0.0011840434593643121 -0.011000227270638331 0.018439330025723503 0.032992997561212385 0.035517861718674604 0.072330901845916368
leaf_count=35640 4461 10308 5917 1645 7656 968 414
internal_value=0 -0.488953 0.370951 -0.0210049 0.487422 0.229703 -0.0497256
internal_count=67009 45948 21061 6106 14955 7299 6331
shrinkage=0.05


Tree=19
num_leaves=8
num_cat=0
split_feature=3 2 0 4 2 8 0
split_gain=135.329 30.9075 26.4581 25.4685 15.2189 15.0001 17.4756
threshold=75.833333333333357 24.050000000000004 49.500000000000007 130.83333333333334 29.050000000000004 1.0000000180025095e-35 41.500000000000007
decision_type=8 8 2 10 10 2 2
left_child=2 3 -1 -2 -4 6 -3
right_child=1 5 4 -5 -6 -7 -8
leaf_value=-0.039952747741363509 -0.021859861362082008 -0.0053071593723617314 -0.011076834986889019 0.012658852770556287 0.083759717517085538 0.055202250556172165 0.027019137035737661
leaf_count=29650 9190 3220 7493 6607 182 1326 9341
internal_value=0 0.285316 -0.583396 0.0125649 -0.128128 0.49839 0.412929
internal_count=67009 29684 37325 15797 7675 13887 12561
shrinkage=0.05


Tree=20
num_leaves=8
num_cat=0
split_feature=3 2 0 4 8 3 0
split_gain=124.15 27.0626 25.8226 19.921 13.5371 18.9213 18.011
threshold=75.833333333333357 23.250000000000004 49.500000000000007 130.83333333333334 1.0000000180025095e-35 92.833333333333357 58.500000000000007
decision_type=8 8 2 10 2 8 2
left_child=2 3 -1 -2 5 6 -3
right_child=1 4 -4 -5 -6 -7 -8
leaf_value=-0.039525706832950931 -0.024767084108590645 0.0042009666366294041 -0.006096688373479763 0.0097430006023199647 0.047814843621803521 0.034528337592807004 0.057338522260674187
leaf_count=29650 7539 12861 7675 5227 1551 1903 603
internal_value=0 0.267405 -0.570872 -0.0458849 0.427591 0.354006 0.174208
internal_count=67009 29684 37325 12766 16918 15367 13464
shrinkage=0.05


Tree=21
num_leaves=8
num_cat=0
split_feature=3 0 2 0 2 3 6
split_gain=114.014 25.1338 24.0751 25.5924 13.3638 11.2582 10.9751
threshold=75.833333333333357 49.500000000000007 25.150000000000002 44.500000000000007 29.050000000000004 85.833333333333357 6.3500000000000005
decision_type=8 2 8 2 10 10 10
left_child=1 -1 3 -2 6 -5 -3
right_child=2 4 -4 5 -6 -7 -8
leaf_value=-0.039087271701734344 -0.022287477425250266 -0.015699291420077876 0.024220859772383002 -0.0014665393496331924 0.076083526460858031 0.020975737718159762 0.05004129619179231
leaf_count=29650 7187 7074 10201 8245 182 4051 419
internal_value=0 -0.55837 0.251035 0.0615964 -0.116607 0.227918 -0.208122
internal_count=67009 37325 29684 19483 7675 12296 7493
shrinkage=0.05


Tree=22
num_leaves=8
num_cat=0
split_feature=4 2 0 0 2 3 0
split_gain=105.515 29.1572 18.0041 16.3549 14.8838 14.28 12.656
threshold=127.16666666666667 23.950000000000003 45.500000000000007 52.500000000000007 26.550000000000004 93.833333333333357 39.500000000000007
decision_type=8 10 2 2 8 10 2
left_child=1 3 4 -1 5 -2 -3
right_child=2 6 -4 -5 -6 -7 -8
leaf_value=-0.03909168568456467 -0.026142469356005463 -0.038985982917078069 0.02160298516770473 -0.0057983395575470411 0.018422537753392348 0.018181142887232351 0.0073175847374604159
leaf_count=29512 6098 2755 11665 4334 2649 530 9466
internal_value=0 -0.440026 0.297507 -0.643285 0.0124563 -0.261544 -0.00595985
internal_count=67009 46067 20942 33846 9277 6628 12221
shrinkage=0.05


Tree=23
num_leaves=8
num_cat=0
split_feature=3 0 2 4 0 4 6
split_gain=97.821 23.9811 20.193 17.4556 12.943 15.6149 14.5841
threshold=75.833333333333357 49.500000000000007 22.350000000000005 135.83333333333334 50.500000000000007 159.25000000000003 6.1500000000000012
decision_type=8 2 8 10 2 10 10
left_child=1 -1 3 -2 5 -4 -6
right_child=2 -3 4 -5 6 -7 -8
leaf_value=-0.038282911513363389 -0.025061457451388443 -0.0052920079870550892 0.0053033914033285261 0.011487918033050494 0.020133837357815331 0.047352221152504592 0.058629333210669425
leaf_count=29650 7078 7675 13978 2358 5103 312 855
internal_value=0 -0.535791 0.224301 -0.121598 0.3291 0.186278 0.543021
internal_count=67009 37325 29684 9436 20248 14290 5958
shrinkage=0.05


Tree=24
num_leaves=8
num_cat=0
split_feature=3 0 3 2 0 6 6
split_gain=89.872 23.255 18.5191 28.0483 17.4251 14.8961 14.7511
threshold=75.833333333333357 49.500000000000007 85.833333333333357 29.950000000000003 54.500000000000007 8.5500000000000025 5.6500000000000012
decision_type=8 2 8 10 2 10 10
left_child=1 -1 3 4 -2 -4 -6
right_child=2 -3 5 -5 6 -7 -8
leaf_value=-0.037812924560892233 -0.014135872036052455 -0.0050568565815720078 0.016351776155151192 0.056780471577220618 -0.0046742674324822117 0.090688082995484878 0.050227598501609662
leaf_count=29650 16412 7675 9634 1017 1491 112 1018
internal_value=0 -0.523165 0.211006 -0.012592 -0.121062 0.358496 0.399659
internal_count=67009 37325 29684 19938 18921 9746 2509
shrinkage=0.05


Tree=25
num_leaves=8
num_cat=0
split_feature=4 0 8 2 2 5 0
split_gain=83.483 25.1803 25.2405 19.7308 15.5758 13.4153 12.9644
threshold=117.25000000000001 41.500000000000007 1.0000000180025095e-35 34.550000000000004 20.850000000000005 3.2177865612648229 39.500000000000007
decision_type=8 2 2 10 8 8 2
left_child=-1 2 -2 4 -3 -5 -4
right_child=1 3 6 5 -6 -7 -8
leaf_value=-0.031328548607651656 -0.019189297053754106 -0.012373806251705673 -0.016928173152260622 0.11778679576194347 0.014528539172708089 -0.00451316927608584 0.13213148636078417
leaf_count=28279 10690 4586 98 175 22921 72 188
internal_value=0 0.162052 -0.270672 0.254615 0.226059 1.61589 1.68871
internal_count=67009 38730 10976 27754 27507 247 286
shrinkage=0.05


Tree=26
num_leaves=8
num_cat=0
split_feature=3 0 4 2 0 0 2
split_gain=77.5915 22.5898 16.4253 16.7769 14.6229 13.9834 17.9515
threshold=75.833333333333357 49.500000000000007 142.16666666666671 27.650000000000002 58.500000000000007 59.500000000000007 24.350000000000005
decision_type=8 2 10 10 2 2 10
left_child=1 -1 3 4 -2 6 -6
right_child=2 -3 -4 -5 5 -7 -8
leaf_value=-0.037040731640896031 -0.0061313201185368158 -0.0042328444290608567 0.020280629299612815 0.024373592410680378 0.1404544242320985 0.005065829402330484 -0.0051385034077286746
leaf_count=29650 21131 7675 4052 3488 217 678 118
internal_value=0 -0.501084 0.190317 0.056324 -0.0538614 0.69653 1.69576
internal_count=67009 37325 29684 25632 22144 1013 335
shrinkage=0.05


Tree=27
num_leaves=8
num_cat=0
split_feature=4 0 4 6 8 6 4
split_gain=73.0642 22.0402 25.0557 17.0337 16.7887 12.9196 10.8359
threshold=117.25000000000001 50.500000000000007 132.83333333333334 6.1500000000000012 1.0000000180025095e-35 6.8500000000000005 156.33333333333334
decision_type=8 2 10 10 2 10 10
left_child=-1 2 4 -3 5 -2 -4
right_child=1 3 6 -5 -6 -7 -8
leaf_value=-0.030281545788523902 -0.024804201830228093 0.012815666464006385 0.0046267659055102706 0.047751395357458953 0.041254630525507541 0.070510446619165709 0.033359447221899596
leaf_count=28279 18138 9261 8428 1240 879 244 540
internal_value=0 0.146829 -0.010113 0.368224 -0.344809 -0.445196 0.190544
internal_count=67009 38730 28229 10501 19261 18382 8968
shrinkage=0.05


Tree=28
num_leaves=8
num_cat=0
split_feature=4 0 8 2 2 3 2
split_gain=67.6174 20.504 21.3623 15.617 13.2351 11.8591 11.1029
threshold=117.25000000000001 41.500000000000007 1.0000000180025095e-35 34.550000000000004 20.850000000000005 93.833333333333357 24.650000000000002
decision_type=8 2 2 10 8 10 10
left_child=6 2 5 4 -3 -2 -1
right_child=1 3 -4 -5 -6 -7 -8
leaf_value=-0.03571918580686248 -0.027796419678637121 -0.012225464807472154 0.073335568893674014 0.068811874091554745 0.012580583917838922 0.011888728705891445 -0.00048701636960199349
leaf_count=24233 10268 4586 286 247 22921 422 4046
internal_value=0 0.138727 -0.257068 0.219691 0.193791 -0.368071 -0.593337
internal_count=67009 38730 10976 27754 27507 10690 28279
shrinkage=0.05


Tree=29
num_leaves=8
num_cat=0
split_feature=3 0 2 3 0 1 0
split_gain=62.7736 18.2833 17.2915 16.9079 14.028 10.2703 8.85148
threshold=73.166666666666671 53.500000000000007 24.050000000000004 86.833333333333357 57.500000000000007 1.5000000000000002 59.500000000000007
decision_type=8 2 8 10 2 2 2
left_child=1 -1 3 4 -2 -3 -6
right_child=2 5 -4 -5 6 -7 -8
leaf_value=-0.033887294180881072 -0.021022169532239815 0.02721859634028272 0.014545972333210953 0.01124820080699826 0.054869043969768494 -0.025422957151336661 -0.0085486919916106779
leaf_count=29786 14110 1802 15503 3567 481 1254 506
internal_value=0 -0.520253 0.147711 -0.0494217 -0.287012 0.112534 0.459426
internal_count=67009 32842 34167 18664 15097 3056 987
shrinkage=0.05


Tree=30
num_leaves=8
num_cat=0
split_feature=4 0 4 8 6 6 2
split_gain=58.9253 17.9455 20.6058 14.2892 13.7151 11.4272 10.6714
threshold=117.25000000000001 50.500000000000007 132.83333333333334 1.0000000180025095e-35 6.1500000000000012 6.8500000000000005 24.650000000000002
decision_type=8 2 10 2 10 10 10
left_child=6 2 3 5 -3 -2 -1
right_child=1 4 -4 -5 -6 -7 -8
leaf_value=-0.034810723118780022 -0.023842131774782793 0.011017824944429024 0.0080097586213640406 0.035820864270782911 0.041489046367392833 0.063248947586061824 5.0490857325523107e-05
leaf_count=24233 18138 9261 8968 879 1240 244 4046
internal_value=0 0.125411 -0.0170136 -0.327298 0.320822 -0.425667 -0.571503
internal_count=67009 38730 28229 19261 10501 18382 28279
shrinkage=0.05


Tree=31
num_leaves=8
num_cat=0
split_feature=4 0 8 2 2 3 5
split_gain=54.5067 16.8536 18.0726 12.8838 10.6397 10.3228 10.2748
threshold=117.25000000000001 41.500000000000007 1.0000000180025095e-35 33.750000000000007 20.850000000000005 93.833333333333357 2.1862435947970047
decision_type=8 2 2 8 10 10 8
left_child=-1 2 5 4 -3 -2 -4
right_child=1 3 6 -5 -6 -7 -8
leaf_value=-0.027951901105925811 -0.026836078308894562 -0.011787941525270934 0.15584416272417448 0.049547686517662726 0.010551450112356753 0.010017708847521768 0.020896903730828299
leaf_count=28279 10268 4586 71 507 22661 422 215
internal_value=0 0.11857 -0.244723 0.189963 0.159929 -0.353152 1.27605
internal_count=67009 38730 10976 27754 27247 10690 286
shrinkage=0.05


Tree=32
num_leaves=8
num_cat=0
split_feature=3 0 2 3 0 2 4
split_gain=50.8016 17.2988 13.8146 14.2106 12.2799 9.80813 7.55165
threshold=73.166666666666671 53.500000000000007 24.050000000000004 86.833333333333357 57.500000000000007 20.450000000000003 168.33333333333334
decision_type=8 2 8 10 2 10 10
left_child=1 -1 3 4 -2 -3 -4
right_child=2 5 6 -5 -6 -7 -8
leaf_value=-0.032545076493891871 -0.020113218784897378 -0.039368875890068863 0.010929177112984785 0.0098437491663690771 0.020605640268268499 0.020490821618494907 0.043591746076585863
leaf_count=29786 14110 863 15342 3567 987 2193 161
internal_value=0 -0.487524 0.127654 -0.0496619 -0.272162 0.127868 0.252922
internal_count=67009 32842 34167 18664 15097 3056 15503
shrinkage=0.05


Tree=33
num_leaves=8
num_cat=0
split_feature=4 0 4 8 6 2 6
split_gain=47.352 14.6768 16.9406 12.2958 11.1327 10.4957 10.1506
threshold=117.25000000000001 50.500000000000007 132.83333333333334 1.0000000180025095e-35 6.1500000000000012 24.650000000000002 6.8500000000000005
decision_type=8 2 10 2 10 10 10
left_child=5 2 3 6 -3 -1 -2
right_child=1 4 -4 -5 -6 -7 -8
leaf_value=-0.03340696722305949 -0.022859567803279829 0.009506914612631456 0.0067365546213268585 0.031599084404860471 0.036290959264158755 0.001900945594627675 0.057160279776915845
leaf_count=24233 18138 9261 8968 879 1240 4046 244
internal_value=0 0.107388 -0.0221299 -0.30946 0.280722 -0.536471 -0.405822
internal_count=67009 38730 28229 19261 10501 28279 18382
shrinkage=0.05


Tree=34
num_leaves=8
num_cat=0
split_feature=4 0 8 2 2 5 2
split_gain=43.7637 13.8639 15.8766 10.8185 10.0555 9.40586 9.23041
threshold=117.25000000000001 41.500000000000007 1.0000000180025095e-35 34.550000000000004 24.650000000000002 3.2177865612648229 20.350000000000005
decision_type=8 2 2 10 10 10 8
left_child=4 2 -2 6 -1 -5 -3
right_child=1 3 -4 5 -6 -7 -8
leaf_value=-0.032836519958453159 -0.016928049205635759 -0.01465955127619052 0.057607740503031114 0.080161695601308688 0.0018061147193330484 -0.01130058652890735 0.0090845820256125233
leaf_count=24233 10690 3439 286 175 4046 72 24068
internal_value=0 0.101621 -0.23191 0.164772 -0.523872 1.06603 0.14274
internal_count=67009 38730 10976 27754 28279 247 27507
shrinkage=0.05


Tree=35
num_leaves=8
num_cat=0
split_feature=3 0 2 3 0 1 0
split_gain=41.1318 16.2152 11.1376 12.0509 10.7763 9.29724 7.34233
threshold=73.166666666666671 53.500000000000007 24.050000000000004 86.833333333333357 57.500000000000007 1.5000000000000002 59.500000000000007
decision_type=8 2 8 10 2 2 2
left_child=1 -1 3 4 -2 -3 -6
right_child=2 5 -4 -5 6 -7 -8
leaf_value=-0.031181152043757484 -0.019241792242701148 0.02708245536049439 0.011052664785687377 0.0086819405904066619 0.04605592862292527 -0.023901904894091278 -0.0099076034370891661
leaf_count=29786 14110 1802 15503 3567 481 1254 506
internal_value=0 -0.455399 0.110648 -0.04946 -0.258275 0.139135 0.370979
internal_count=67009 32842 34167 18664 15097 3056 987
shrinkage=0.05


Tree=36
num_leaves=8
num_cat=0
split_feature=4 0 8 2 2 0 3
split_gain=38.0195 12.1393 14.0066 9.55879 9.27584 8.87265 8.74896
threshold=117.25000000000001 41.500000000000007 1.0000000180025095e-35 24.650000000000002 34.550000000000004 39.500000000000007 93.833333333333357
decision_type=8 2 2 10 8 2 10
left_child=3 2 6 -1 -3 -4 -2
right_child=1 4 5 -5 -6 -7 -8
leaf_value=-0.031857006831551918 -0.02531609010260151 0.00634743665772434 -0.022086877323282073 0.0021865926494681336 0.043437500063158531 0.085792718914837446 0.0086416408245002831
leaf_count=24233 10268 27335 98 4046 419 188 422
internal_value=0 0.092141 -0.22244 -0.501535 0.150337 1.04303 -0.326644
internal_count=67009 38730 10976 28279 27754 286 10690
shrinkage=0.05


Tree=37
num_leaves=8
num_cat=0
split_feature=3 0 6 3 0 5 2
split_gain=35.5031 15.3048 9.77739 15.6302 10.366 8.78357 8.56934
threshold=73.166666666666671 53.500000000000007 5.6500000000000012 82.833333333333357 44.500000000000007 0.93127066603684472 20.450000000000003
decision_type=8 2 10 8 2 8 10
left_child=1 -1 3 4 -2 -6 -3
right_child=2 6 -4 -5 5 -7 -8
leaf_value=-0.030203330332031032 -0.034126158442247548 -0.03826455384492021 0.013619271720946294 0.006827935255931456 0.071924765256063977 -0.0071973810956992082 0.019641258990978266
leaf_count=29786 7315 863 8466 10547 256 7583 2193
internal_value=0 -0.43343 0.100303 0.0107286 -0.285465 -0.0756573 0.141654
internal_count=67009 32842 34167 25701 15154 7839 3056
shrinkage=0.05


Tree=38
num_leaves=8
num_cat=0
split_feature=4 0 2 4 2 6 7
split_gain=32.8705 10.9922 13.3619 12.5642 9.14745 8.67399 8.54066
threshold=117.25000000000001 50.500000000000007 26.150000000000002 143.83333333333334 24.650000000000002 6.1500000000000012 1.0000000180025095e-35
decision_type=8 2 8 10 10 10 2
left_child=4 2 3 -2 6 -3 -1
right_child=1 5 -4 -5 -6 -7 -8
leaf_value=-0.032711139900206063 -0.016830240924655165 0.0074978464808014818 0.0098386907299983593 0.0092812027632332567 0.0027520091072697457 0.030445381750510883 0.073353446063521122
leaf_count=24072 19988 9261 6924 1317 4046 1240 161
internal_value=0 0.0833915 -0.0294465 -0.18583 -0.478654 0.229633 -0.617111
internal_count=67009 38730 28229 21305 28279 10501 24233
shrinkage=0.05


Tree=39
num_leaves=8
num_cat=0
split_feature=3 8 4 2 0 0 5
split_gain=30.8224 13.2213 16.8175 9.25133 8.68465 8.52968 8.01832
threshold=68.833333333333357 1.0000000180025095e-35 131.16666666666671 31.150000000000002 57.500000000000007 57.500000000000007 1.2208547266686804
decision_type=8 2 8 10 2 2 8
left_child=4 2 5 6 -1 -2 -3
right_child=1 3 -4 -5 -6 -7 -8
leaf_value=-0.032978828810353009 -0.014174368099174562 0.084311605161382405 0.0068623257321893689 0.067724583204088432 0.016340701788826805 0.016052145571020183 0.01119096178473458
leaf_count=20846 27889 153 13356 179 700 1410 2476
internal_value=0 0.066939 0.0196974 0.468247 -0.553271 -0.208669 0.319491
internal_count=67009 45463 42655 2808 21546 29299 2629
shrinkage=0.05


Tree=40
num_leaves=8
num_cat=0
split_feature=3 8 4 0 0 2 6
split_gain=28.5782 11.7696 15.2297 8.22109 7.88832 7.75771 7.53655
threshold=68.833333333333357 1.0000000180025095e-35 131.16666666666671 57.500000000000007 51.500000000000007 31.150000000000002 6.8500000000000005
decision_type=8 2 8 2 2 10 10
left_child=3 2 4 -1 6 -3 -2
right_child=1 5 -4 -5 -6 -7 -8
leaf_value=-0.032405050420876567 -0.019424634617833697 0.015039046155275888 0.006479608996946465 0.015375308767505239 0.002785577275475154 0.061385872468113667 0.045793091550420599
leaf_count=20846 23369 2629 13356 700 5634 179 296
internal_value=0 0.063592 0.0186682 -0.540758 -0.200367 0.438334 -0.346168
internal_count=67009 45463 42655 21546 29299 2808 23665
shrinkage=0.05


Tree=41
num_leaves=8
num_cat=0
split_feature=3 8 4 0 0 5 5
split_gain=26.4786 10.4313 13.7846 7.93768 7.46132 7.34145 9.12121
threshold=68.833333333333357 1.0000000180025095e-35 131.16666666666671 47.500000000000007 57.500000000000007 3.5959492635024555 3.157378740970072
decision_type=8 2 8 2 2 8 10
left_child=3 2 4 -1 -2 6 -4
right_child=1 -3 5 -5 -6 -7 -8
leaf_value=-0.03921418309913402 -0.013224108926287007 0.02047984809698105 0.0065459645868246076 -0.0080573392862161135 0.014876713928796498 0.026747370647448976 -0.019272063224644087
leaf_count=16247 27889 2808 11239 5299 1410 1096 1021
internal_value=0 0.0603455 0.0177262 -0.528207 -0.192247 0.122408 0.079627
internal_count=67009 45463 42655 21546 29299 13356 12260
shrinkage=0.05


Tree=42
num_leaves=8
num_cat=0
split_feature=3 6 0 2 4 2 3
split_gain=24.5351 11.4933 9.44844 13.106 9.61762 9.99594 8.68786
threshold=68.833333333333357 11.850000000000003 45.500000000000007 26.550000000000004 168.33333333333334 20.350000000000005 82.833333333333357
decision_type=8 10 2 8 8 8 10
left_child=-1 2 3 6 5 -4 -2
right_child=1 -3 4 -5 -6 -7 -8
leaf_value=-0.025789877984952598 -0.030221076293848421 0.12237484253241684 -0.019415676010782604 0.0087323822021548644 0.038447806509590753 0.0070403999717411712 -0.0042210556405211921
leaf_count=21546 13802 24 3261 4400 191 19863 3922
internal_value=0 0.0571613 0.0502482 -0.123071 0.127778 0.096644 -0.324623
internal_count=67009 45463 45439 22124 23315 23124 17724
shrinkage=0.05


Tree=43
num_leaves=8
num_cat=0
split_feature=4 6 0 8 5 2 7
split_gain=22.94 10.5246 9.37593 10.8855 9.23032 8.81026 7.94899
threshold=117.25000000000001 12.050000000000002 41.500000000000007 1.0000000180025095e-35 2.1862435947970047 24.650000000000002 1.0000000180025095e-35
decision_type=8 10 2 2 8 10 2
left_child=5 2 3 -2 -5 6 -1
right_child=1 -3 -4 4 -6 -7 -8
leaf_value=-0.0305759239530696 -0.016124738899422016 0.11552532103593847 0.0054126990018096323 0.12114491478898903 0.0079691546099721535 0.0054188267847199529 0.070579432575244169
leaf_count=24072 10687 22 27735 71 215 4046 161
internal_value=0 0.0659628 0.0589188 -0.222658 0.833432 -0.42338 -0.570713
internal_count=67009 38730 38708 10973 286 28279 24233
shrinkage=0.05


Tree=44
num_leaves=8
num_cat=0
split_feature=3 6 2 0 0 3 0
split_gain=21.5092 9.70961 8.29992 10.6617 7.98712 7.21474 6.40341
threshold=68.833333333333357 12.050000000000002 24.050000000000004 47.500000000000007 47.500000000000007 82.833333333333357 31.500000000000004
decision_type=8 10 8 2 2 10 2
left_child=4 2 3 5 -1 -2 -4
right_child=1 -3 6 -5 -6 -7 -8
leaf_value=-0.03824066260922173 -0.030859583630382138 0.1081779032523766 -0.030143052589674025 0.0030105623672027665 -0.0060765822102220009 -0.0046072310419257526 0.0079387957344603435
leaf_count=16247 12304 22 916 11140 5299 3258 17823
internal_value=0 0.0526483 0.0460592 -0.0819604 -0.494139 -0.335727 0.138017
internal_count=67009 45463 45441 26702 21546 15562 18739
shrinkage=0.05


Tree=45
num_leaves=8
num_cat=0
split_feature=3 6 8 4 0 0 2
split_gain=19.9094 8.73359 7.80099 10.9792 14.5669 13.086 10.8438
threshold=68.833333333333357 12.050000000000002 1.0000000180025095e-35 135.83333333333334 58.500000000000007 59.500000000000007 34.650000000000013
decision_type=8 10 2 8 2 2 10
left_child=-1 2 3 4 6 -6 -2
right_child=1 -3 -4 -5 5 -7 -8
leaf_value=-0.024087650903724004 -0.012286966529210679 0.10022953948547922 0.017048530443365736 0.0061446489216435158 0.071122440138426488 -0.00061501477267501099 0.063941062662251927
leaf_count=21546 32150 22 2799 9125 406 773 188
internal_value=0 0.0499224 0.0435371 0.00634867 -0.143402 0.563775 -0.217584
internal_count=67009 45463 45441 42642 33517 1179 32338
shrinkage=0.05


Tree=46
num_leaves=8
num_cat=0
split_feature=4 2 6 0 0 3 2
split_gain=18.4993 8.19604 7.65231 8.01282 13.3924 11.538 12.093
threshold=117.25000000000001 24.650000000000002 12.050000000000002 57.500000000000007 59.500000000000007 87.833333333333357 29.550000000000004
decision_type=8 10 10 2 2 10 8
left_child=1 -1 3 5 -5 6 -2
right_child=2 -3 -4 4 -6 -7 -8
leaf_value=-0.027071106937413672 -0.010602363816438778 0.0060354417697054963 0.092032276342522992 0.035123382699894852 -0.0030470098117027812 0.007363881721451253 0.019479648164868541
leaf_count=24233 27935 4046 22 1228 1238 6337 1970
internal_value=0 -0.391501 0.0579275 0.0515217 0.326471 0.0084603 -0.133048
internal_count=67009 28279 38730 38708 2466 36242 29905
shrinkage=0.05


Tree=47
num_leaves=8
num_cat=0
split_feature=3 0 6 0 0 3 2
split_gain=17.3772 8.01442 7.3484 8.33675 18.8855 11.9597 11.6038
threshold=68.833333333333357 47.500000000000007 7.0500000000000007 58.500000000000007 59.500000000000007 87.833333333333357 34.050000000000004
decision_type=8 2 10 2 2 10 10
left_child=1 -1 3 5 -5 6 -2
right_child=2 -3 -4 4 -6 -7 -8
leaf_value=-0.037241994779369084 -0.0092480333421196149 -0.0041291676476830378 0.023071760302865122 0.053981601424790783 -0.0019518983826528266 0.0064933392107988756 0.046610132124323779
leaf_count=16247 35929 5299 1014 612 1305 6296 307
internal_value=0 -0.459912 0.0459139 0.0209226 0.359296 -0.0158569 -0.151345
internal_count=67009 21546 45463 44449 1917 42532 36236
shrinkage=0.05


Tree=48
num_leaves=8
num_cat=0
split_feature=3 0 8 0 3 4 6
split_gain=16.0695 7.75596 7.1838 8.97643 9.05978 8.54257 7.94594
threshold=68.833333333333357 57.500000000000007 1.0000000180025095e-35 45.500000000000007 82.833333333333357 156.33333333333334 6.9500000000000011
decision_type=8 2 2 2 10 8 10
left_child=1 -1 3 4 -2 6 -5
right_child=2 -3 -4 5 -6 -7 -8
leaf_value=-0.028502435512242089 -0.022796700098954542 0.019508378339418059 0.016239680342691652 -5.3330083940897953e-05 -0.00041331959037170692 0.022558124728855006 0.031903457862390891
leaf_count=20846 15857 700 2808 20141 5498 608 551
internal_value=0 -0.447662 0.0436276 0.00761171 -0.170153 0.0876186 0.0335279
internal_count=67009 21546 45463 42655 21355 21300 20692
shrinkage=0.05


Tree=49
num_leaves=8
num_cat=0
split_feature=3 0 2 0 2 3 5
split_gain=14.828 7.72507 6.99878 6.67397 9.77356 7.0628 5.39809
threshold=68.833333333333357 47.500000000000007 20.350000000000005 45.500000000000007 25.150000000000002 82.833333333333357 1.1115257048092873
decision_type=8 2 8 2 8 10 8
left_child=1 -1 -2 4 5 -4 -5
right_child=2 -3 3 6 -6 -7 -8
leaf_value=-0.036384116871616148 -0.014710069633338331 -0.0032712203891938894 -0.03449517962714551 0.032213009091014093 0.0050717135842556719 -0.0044889190176899329 0.0056510979846387376
leaf_count=16247 7016 5299 8983 942 6738 2677 19107
internal_value=0 -0.435249 0.0413862 0.0706437 -0.0839934 -0.351867 0.136471
internal_count=67009 21546 45463 38447 18398 11660 20049
shrinkage=0.05


Tree=50
num_leaves=8
num_cat=0
split_feature=4 2 7 2 6 0 8
split_gain=13.8311 7.60466 7.37083 7.21859 6.56021 6.54882 8.88023
threshold=117.25000000000001 24.650000000000002 1.0000000180025095e-35 24.850000000000005 12.050000000000002 41.500000000000007 1.0000000180025095e-35
decision_type=8 10 2 10 10 2 2
left_child=1 2 -1 -3 5 6 -2
right_child=4 3 -4 -5 -6 -7 -8
leaf_value=-0.027522132257877314 -0.014704166396849011 0.078307863687051948 0.069240387523747796 -0.0031314261735923216 0.082374077282786867 0.0041076961149150663 0.036314342692011788
leaf_count=24072 10687 401 161 3645 22 27735 286
internal_value=0 -0.351061 -0.50444 0.1433 0.0482921 0.0422218 -0.197863
internal_count=67009 28279 24233 4046 38730 38708 10973
shrinkage=0.05


Tree=51
num_leaves=8
num_cat=0
split_feature=2 3 5 0 5 0 6
split_gain=13.1169 12.8065 7.0489 6.75673 13.4197 6.35286 5.81053
threshold=22.550000000000004 87.833333333333357 1.1560470779220782 53.500000000000007 1.0988332654999324 31.500000000000004 5.4500000000000011
decision_type=8 10 8 2 8 2 10
left_child=1 3 -3 -1 -5 -2 -6
right_child=5 2 -4 4 6 -7 -8
leaf_value=-0.026019418596400636 -0.028261691038355432 -0.028093461359141043 0.013844589865902946 0.072831186251360522 -0.033690301366476542 0.0047433475110682495 0.0050185130779616879
leaf_count=27497 2242 275 1512 367 1436 31983 1697
internal_value=0 -0.212659 0.137628 -0.382309 -0.0433669 0.0775897 -0.245778
internal_count=67009 32784 1787 30997 3500 34225 3133
shrinkage=0.05


Tree=52
num_leaves=8
num_cat=0
split_feature=3 0 6 2 4 2 0
split_gain=12.3356 7.40477 6.06812 5.95582 15.945 5.67042 5.71007
threshold=68.833333333333357 46.500000000000007 12.050000000000002 26.050000000000004 110.33333333333336 20.350000000000005 45.500000000000007
decision_type=8 2 10 10 10 8 2
left_child=1 -1 5 -3 -5 -2 -7
right_child=2 3 -4 4 -6 6 -8
leaf_value=-0.036119427383891539 -0.013757193693333617 -0.011629164426373949 0.077521574142749738 0.14570488303959533 -0.024686713229268881 -0.0043421683973237828 0.0058708582334143344
leaf_count=15570 7016 5598 22 148 230 18392 20033
internal_value=0 -0.40738 0.0368419 -0.0622295 0.934692 0.0311744 0.0571243
internal_count=67009 21546 45463 5976 378 45441 38425
shrinkage=0.05


Tree=53
num_leaves=8
num_cat=0
split_feature=3 0 2 3 8 0 3
split_gain=11.378 6.84106 6.43195 5.54188 6.54883 7.83023 7.67274
threshold=67.833333333333357 49.500000000000007 20.350000000000005 100.83333333333336 1.0000000180025095e-35 41.500000000000007 94.833333333333357
decision_type=8 2 8 10 2 2 8
left_child=1 -1 -2 4 5 -4 -6
right_child=2 -3 3 -5 6 -7 -8
leaf_value=-0.034827637830756146 -0.014507569806793005 0.00023946886192610555 -0.015546496729227435 0.016488505608252543 0.021251281970868924 0.0019533780485870545 -0.025792851725574491
leaf_count=16002 7651 3270 10481 649 2541 26309 106
internal_value=0 -0.42556 0.0324853 0.0600021 0.0291298 -0.0105241 0.3046
internal_count=67009 19272 47737 40086 39437 36790 2647
shrinkage=0.05


Tree=54
num_leaves=8
num_cat=0
split_feature=4 6 5 2 1 3 2
split_gain=10.6593 6.76704 6.67227 11.398 6.89786 5.62445 5.35674
threshold=117.25000000000001 5.6500000000000012 2.06091527520099 20.650000000000002 1.5000000000000002 67.833333333333357 24.250000000000004
decision_type=8 10 8 10 2 8 10
left_child=1 6 3 -3 -5 -2 -1
right_child=5 2 -4 4 -6 -7 -8
leaf_value=-0.030983711188995424 -0.029205769790438259 -0.028713400229570637 -0.016284581422613499 0.10982400502136012 0.0056531775834032603 0.002720842975227393 0.00068406292534414889
leaf_count=19989 2942 1208 2152 649 638 35788 3643
internal_value=0 -0.316979 0.161045 0.733343 1.4722 0.0413914 -0.465259
internal_count=67009 28279 4647 2495 1287 38730 23632
shrinkage=0.05


Tree=55
num_leaves=8
num_cat=0
split_feature=2 3 5 0 5 6 2
split_gain=10.121 10.955 6.35475 6.06462 11.9779 5.46814 5.747
threshold=22.550000000000004 87.833333333333357 1.1560470779220782 53.500000000000007 1.0988332654999324 5.4500000000000011 21.050000000000004
decision_type=8 10 8 2 8 10 10
left_child=1 3 -3 -1 -5 -6 -7
right_child=-2 2 -4 4 5 6 -8
leaf_value=-0.024533902912717332 0.0033437939535750911 -0.027294501859860782 0.01295441176381364 0.067343429168750302 -0.032963214434488901 -0.020411773105135714 0.029296151581962384
leaf_count=27497 34225 275 1512 367 1436 957 740
internal_value=0 -0.19041 0.1299 -0.353619 -0.033295 -0.23181 0.100095
internal_count=67009 32784 1787 30997 3500 3133 1697
shrinkage=0.05


Tree=56
num_leaves=8
num_cat=0
split_feature=2 0 3 6 2 5 5
split_gain=9.43856 7.42107 12.1313 7.21982 5.57792 5.31821 5.066
threshold=20.350000000000005 45.500000000000007 82.833333333333357 5.6500000000000012 27.650000000000002 2.2713075060532693 3.9753048780487812
decision_type=8 2 10 10 10 8 10
left_child=-1 2 3 -2 -5 -6 -3
right_child=1 6 -4 4 5 -7 -8
leaf_value=-0.017282179590969955 -0.028774182365860636 0.0060203974474299718 0.0032024655088914427 -0.016278362723774791 0.096643918271068108 0.0077690453307001674 -0.020012813886650806
leaf_count=15121 18898 23897 5246 2374 176 500 797
internal_value=0 0.0333049 -0.123117 -0.427396 0.166004 0.803393 0.10021
internal_count=67009 51888 27194 21948 3050 676 24694
shrinkage=0.05


Tree=57
num_leaves=8
num_cat=0
split_feature=3 0 6 4 0 0 2
split_gain=8.82457 6.41936 5.47776 5.54624 5.6814 20.459 9.16671
threshold=67.833333333333357 49.500000000000007 4.8500000000000005 168.33333333333334 58.500000000000007 59.500000000000007 25.350000000000005
decision_type=8 2 8 10 2 2 10
left_child=1 -1 -2 4 -4 6 -6
right_child=2 -3 3 -5 5 -7 -8
leaf_value=-0.033393172297450709 -0.030148751292633166 0.0013695368416474878 -0.00051767303936562455 0.022517969485333782 0.07049784242118573 -0.0060344111033896058 0.005887807606067082
leaf_count=16002 1037 3270 44415 260 479 1378 168
internal_value=0 -0.38781 0.0274889 0.0394203 0.0204468 0.290726 0.998824
internal_count=67009 19272 47737 46700 46440 2025 647
shrinkage=0.05


Tree=58
num_leaves=8
num_cat=0
split_feature=2 3 5 0 5 0 6
split_gain=8.50346 9.70912 5.7331 5.35461 10.569 5.17874 5.12771
threshold=22.550000000000004 87.833333333333357 1.1560470779220782 53.500000000000007 1.0988332654999324 31.500000000000004 5.4500000000000011
decision_type=8 10 8 2 8 2 10
left_child=1 3 -3 -1 -5 -2 -6
right_child=5 2 -4 4 6 -7 -8
leaf_value=-0.023397325241690605 -0.026881682882235226 -0.026511882899370738 0.01211560742378049 0.061092735091747667 -0.032488974892417644 0.0037775094470875008 0.0044842163452270406
leaf_count=27497 2242 275 1512 367 1436 31983 1697
internal_value=0 -0.176582 0.122311 -0.334302 -0.0355244 0.060606 -0.227399
internal_count=67009 32784 1787 30997 3500 34225 3133
shrinkage=0.05


Tree=59
num_leaves=8
num_cat=0
split_feature=2 0 3 2 6 2 5
split_gain=8.01432 6.24787 11.2941 6.59304 5.98328 7.66754 6.67303
threshold=20.350000000000005 46.500000000000007 82.833333333333357 33.150000000000013 6.9500000000000011 35.45000000000001 2.2627264883520279
decision_type=8 2 10 10 10 8 10
left_child=-1 2 3 -2 -3 6 -6
right_child=1 4 -4 -5 5 -7 -8
leaf_value=-0.016204995212023243 -0.022218227252868584 0.0033392529674864131 0.0030139805830711654 0.036929214915985629 -0.0076379299102327346 0.11186204623843679 0.037256099071050326
leaf_count=15121 23827 20839 6135 296 345 21 425
internal_value=0 0.0301018 -0.096443 -0.381858 0.0995943 0.499636 0.358721
internal_count=67009 51888 30258 24123 21630 791 770
shrinkage=0.05


Tree=60
num_leaves=8
num_cat=0
split_feature=4 2 3 3 0 5 2
split_gain=7.50726 6.21421 8.55638 5.65471 5.84194 11.0881 7.42961
threshold=117.25000000000001 27.650000000000002 64.833333333333357 79.833333333333357 48.500000000000007 2.1862435947970047 21.150000000000002
decision_type=8 10 10 10 2 8 10
left_child=1 3 -3 4 -1 6 -6
right_child=-2 2 -4 -5 5 -7 -8
leaf_value=-0.034254249281052543 0.0016829116243141694 0.11578152922852868 -0.0028440986495046131 0.025262862398362881 -0.01550142466382182 -0.037799528185159491 0.042807265861862065
leaf_count=20090 38730 234 716 933 2163 2353 1790
internal_value=0 -0.274985 0.611419 -0.351063 -0.42798 -0.12581 0.347376
internal_count=67009 28279 950 27329 26396 6306 3953
shrinkage=0.05


Tree=61
num_leaves=8
num_cat=0
split_feature=2 0 3 6 2 5 5
split_gain=7.06602 5.51453 9.60273 6.83698 4.76532 4.7105 4.67158
threshold=20.350000000000005 45.500000000000007 82.833333333333357 5.6500000000000012 27.650000000000002 2.6403125000000007 3.5959492635024555
decision_type=8 2 10 10 10 8 8
left_child=-1 2 3 -2 -5 -6 -4
right_child=1 -3 6 4 5 -7 -8
leaf_value=-0.015394184278918553 -0.027182203281406653 0.00424423826244012 -0.0011851870878055622 -0.01451389390835019 0.076910650134638353 -0.00039098921065800575 0.025191444876914972
leaf_count=15121 18898 24694 4642 2374 276 400 604
internal_value=0 0.0281498 -0.108463 -0.391155 0.18775 0.758805 0.0538164
internal_count=67009 51888 27194 21948 3050 676 5246
shrinkage=0.05


Tree=62
num_leaves=8
num_cat=0
split_feature=3 0 2 4 6 6 4
split_gain=6.70853 5.68901 5.59765 8.04254 5.24884 4.89552 4.8379
threshold=67.833333333333357 46.500000000000007 27.750000000000004 115.33333333333336 12.050000000000002 4.8500000000000005 168.33333333333334
decision_type=8 2 10 10 10 8 10
left_child=1 -1 -3 -4 5 -2 -7
right_child=4 2 3 -5 -6 6 -8
leaf_value=-0.03434436635430238 -0.02938769371511344 -0.008876181657538347 0.12342735354911692 -0.02665188582961402 0.069634065702556425 0.0005649774534016574 0.020431372406382268
leaf_count=14058 1037 5070 77 67 22 46418 260
internal_value=0 -0.349122 -0.0229865 1.24751 0.0233944 0.0180952 0.0292007
internal_count=67009 19272 5214 144 47737 47715 46678
shrinkage=0.05


Tree=63
num_leaves=8
num_cat=0
split_feature=2 3 5 0 0 5 6
split_gain=6.32238 8.17113 5.15504 4.67367 4.64204 9.48337 4.84304
threshold=22.550000000000004 87.833333333333357 1.1560470779220782 27.500000000000004 53.500000000000007 1.0988332654999324 5.4500000000000011
decision_type=8 10 8 2 2 8 10
left_child=1 4 -3 -2 -1 -6 -7
right_child=3 2 -4 -5 5 6 -8
leaf_value=-0.021757390667931465 -0.037608460301840646 -0.0256516514882007 0.011402741273672879 0.00308466328100522 0.05681150451355467 -0.031810922383937415 0.0044830693122163024
leaf_count=27497 1137 275 1512 33088 367 1436 1697
internal_value=0 -0.154618 0.116728 0.0517442 -0.304743 -0.0277662 -0.215336
internal_count=67009 32784 1787 34225 30997 3500 3133
shrinkage=0.05


Tree=64
num_leaves=8
num_cat=0
split_feature=2 8 0 3 5 3 5
split_gain=5.94303 5.00509 7.45849 6.3518 5.05893 4.91442 5.98316
threshold=20.350000000000005 1.0000000180025095e-35 41.500000000000007 93.833333333333357 3.6753378378378385 94.833333333333357 3.7564271588661837
decision_type=8 2 2 10 8 8 8
left_child=-1 2 3 -2 -5 6 -3
right_child=1 5 -4 4 -6 -7 -8
leaf_value=-0.014340777799118552 -0.02170656269161389 0.023058995460540778 0.0019714748764539007 -0.0031607519236354804 0.051801877428504318 -0.012931681766161216 -0.022368083405449584
leaf_count=15121 15520 2632 32855 349 56 152 324
internal_value=0 0.0254823 -0.00565204 -0.269462 0.147731 0.25138 0.361042
internal_count=67009 51888 48780 15925 405 3108 2956
shrinkage=0.05


Tree=65
num_leaves=8
num_cat=0
split_feature=6 3 5 3 2 1 0
split_gain=5.68969 10.9201 8.7178 8.27809 5.99813 5.43941 10.9731
threshold=5.6500000000000012 82.833333333333357 0.93127066603684472 69.833333333333357 36.850000000000001 1.5000000000000002 61.500000000000007
decision_type=10 8 8 10 8 2 2
left_child=1 2 3 -1 -2 6 -4
right_child=4 -3 5 -5 -6 -7 -8
leaf_value=-0.033763248856637625 0.0044033863066500712 0.0025049373045546311 -0.012219267762811882 0.071582653971279442 0.047498711263752796 -0.030144721453296192 0.070966944352763725
leaf_count=955 13782 10547 28133 789 207 12435 161
internal_value=0 -0.0643853 -0.25359 0.78902 0.114603 -0.296419 -0.197432
internal_count=67009 53020 42473 1744 13989 40729 28294
shrinkage=0.05


Tree=66
num_leaves=8
num_cat=0
split_feature=3 0 1 2 4 6 6
split_gain=5.32235 5.31127 5.19714 7.34264 6.36041 4.6846 4.48245
threshold=67.833333333333357 46.500000000000007 1.5000000000000002 26.050000000000004 110.33333333333336 12.050000000000002 4.8500000000000005
decision_type=8 2 2 10 10 10 8
left_child=1 -1 3 -3 -5 6 -2
right_child=5 2 -4 4 -6 -7 -8
leaf_value=-0.033105688909525817 -0.028659405360783055 0.0010579038435516008 -0.023428431800849397 0.13705782072872016 -0.0044231293482498739 0.064524614305283667 0.0012907748368943669
leaf_count=14058 1037 2290 2721 97 106 22 46678
internal_value=0 -0.318511 -0.00582847 0.396611 1.71259 0.0204499 0.0153623
internal_count=67009 19272 5214 2493 203 47737 47715
shrinkage=0.05


Tree=67
num_leaves=8
num_cat=0
split_feature=2 5 3 2 6 5 3
split_gain=5.11235 4.58238 4.47834 5.09617 5.63319 7.42477 8.73946
threshold=19.950000000000003 2.7685439560439566 100.83333333333336 29.950000000000003 6.1500000000000012 3.0064102564102568 94.833333333333357
decision_type=8 10 10 10 10 10 10
left_child=1 -1 3 4 -2 6 -6
right_child=2 -3 -4 -5 5 -7 -8
leaf_value=-0.018715812051396594 -0.0037258779072779852 0.044054579832038289 0.012862841070478937 0.011853557310958418 0.027343241854411778 -0.015375852574137611 -0.038059868029716122
leaf_count=12034 48833 367 658 2557 1855 651 54
internal_value=0 -0.304907 0.0206808 -0.00539749 -0.0374499 0.224231 0.414585
internal_count=67009 12401 54608 53950 51393 2560 1909
shrinkage=0.05


Tree=68
num_leaves=8
num_cat=0
split_feature=0 0 3 0 2 2 4
split_gain=4.96688 8.12506 7.8188 6.82782 6.40038 8.99926 7.91059
threshold=57.500000000000007 59.500000000000007 68.833333333333357 58.500000000000007 25.350000000000005 27.850000000000005 122.25000000000001
decision_type=2 2 10 2 10 10 8
left_child=2 3 -1 -2 6 -6 -5
right_child=1 -3 -4 4 5 -7 -8
leaf_value=-0.021105017685454891 0.0045438019497884598 -0.0044058721288223945 -0.00016525326286114555 -0.0044060593336570997 -0.036787701768672555 0.052590813094998905 0.070201113725823411
leaf_count=20862 948 1734 42672 281 114 73 325
internal_value=0 0.195381 -0.0334984 0.453383 0.781309 0.0845697 1.08845
internal_count=67009 3475 63534 1741 793 187 606
shrinkage=0.05


Tree=69
num_leaves=8
num_cat=0
split_feature=2 0 5 2 3 3 5
split_gain=4.65988 7.19264 4.32182 7.82098 12.8635 4.85148 4.37186
threshold=23.250000000000004 47.500000000000007 1.0349857201142394 20.450000000000003 75.833333333333357 99.833333333333357 1.8216731898238752
decision_type=8 2 8 10 10 10 10
left_child=1 -1 3 -3 -5 -4 -7
right_child=-2 2 5 4 -6 6 -8
leaf_value=-0.01699120237093794 0.0026535041846210998 -0.014647284457280422 -0.0045525107521422149 0.14630089507051264 0.011280474945675883 -0.0044254573854395239 0.052740343672955062
leaf_count=25433 28566 588 11848 226 216 63 69
internal_value=0 -0.11206 0.0122825 0.54547 1.18562 -0.0365705 0.542458
internal_count=67009 38443 13010 1030 442 11980 132
shrinkage=0.05


Tree=70
num_leaves=8
num_cat=0
split_feature=6 3 5 3 0 0 2
split_gain=4.42703 9.18459 7.80911 6.99601 6.05963 5.37957 5.12338
threshold=5.6500000000000012 82.833333333333357 0.93127066603684472 69.833333333333357 43.500000000000007 30.500000000000004 36.850000000000001
decision_type=10 8 8 10 2 2 8
left_child=1 2 3 -1 -5 -3 -2
right_child=6 5 -4 4 -6 -7 -8
leaf_value=-0.033015577312363889 0.003792350762183613 -0.04417289022255317 -0.01379736359734119 -0.025542029781288209 0.088042022747638962 0.0032586006185107252 0.042759261036301954
leaf_count=955 13782 272 40729 374 415 10275 207
internal_value=0 -0.0569396 -0.233672 0.738307 1.28844 0.0470252 0.100645
internal_count=67009 53020 42473 1744 789 10547 13989
shrinkage=0.05


Tree=71
num_leaves=8
num_cat=0
split_feature=0 0 2 4 5 0 2
split_gain=4.33705 7.16285 6.93278 6.43931 6.68383 5.85164 5.34236
threshold=57.500000000000007 59.500000000000007 22.350000000000005 135.83333333333334 1.5511512297226584 58.500000000000007 25.350000000000005
decision_type=2 2 10 10 8 2 10
left_child=2 5 3 -1 -5 -2 -7
right_child=1 -3 -4 4 -6 6 -8
leaf_value=-0.019708655840238398 0.0041662854023155763 -0.0043083587772196593 0.001235329795798069 -0.018677835816481282 0.013505587333978861 0.0493334615484523 0.0038748148848234648
leaf_count=27671 948 1734 33507 942 1414 606 187
internal_value=0 0.181719 -0.0313017 -0.217386 0.0190502 0.420042 0.716375
internal_count=67009 3475 63534 30027 2356 1741 793
shrinkage=0.05


Tree=72
num_leaves=8
num_cat=0
split_feature=6 0 8 5 4 2 4
split_gain=4.23252 4.26143 9.99881 9.20582 5.10051 4.88412 6.05301
threshold=12.050000000000002 41.500000000000007 1.0000000180025095e-35 2.1862435947970047 145.83333333333334 33.750000000000007 137.83333333333334
decision_type=10 2 2 8 10 10 10
left_child=1 2 -1 -4 -5 -3 -7
right_child=-2 5 3 4 -6 6 -8
leaf_value=-0.014075783525965358 0.059087625905602417 0.00046018247933675058 0.11022479909286505 -0.020390580339101773 0.058232779718311582 0.060931505890728987 0.005068654696288046
leaf_count=22369 23 43852 118 270 21 197 159
internal_value=0 -0.00527284 -0.186963 0.748732 0.12421 0.0250321 0.490545
internal_count=67009 66986 22778 409 291 44208 356
shrinkage=0.05


Tree=73
num_leaves=8
num_cat=0
split_feature=2 5 6 4 4 4 6
split_gain=3.92764 4.09277 3.71843 3.75768 5.57352 5.28082 7.60087
threshold=19.950000000000003 2.7685439560439566 12.050000000000002 168.33333333333334 164.16666666666671 172.50000000000003 5.5500000000000007
decision_type=8 10 10 10 10 10 8
left_child=1 -1 3 4 -2 6 -5
right_child=2 -3 -4 5 -6 -7 -8
leaf_value=-0.017145501098868671 0.00048076885703359472 0.041495874669597504 0.055592169529382743 -0.008212789612905733 -0.034439468508605034 0.0020759754253049305 0.074195743219419227
leaf_count=12034 54219 367 23 38 117 157 54
internal_value=0 -0.273073 0.018222 0.0135218 -0.00208713 0.345867 0.883559
internal_count=67009 12401 54608 54585 54336 249 92
shrinkage=0.05


Tree=74
num_leaves=8
num_cat=0
split_feature=0 4 4 0 5 6 6
split_gain=3.88069 8.80292 6.11836 8.0201 7.26951 5.62251 4.63317
threshold=50.500000000000007 109.83333333333336 156.33333333333334 45.500000000000007 3.7171862182116495 5.2500000000000009 6.9500000000000011
decision_type=2 10 10 2 10 8 10
left_child=1 -1 -3 4 -4 -5 -2
right_child=6 2 3 5 -6 -7 -8
leaf_value=-0.033062289172603419 0.0021851202138360192 -0.0037914955829519829 -0.016814088273437649 -0.01163623231871088 0.052382180954639562 0.047420313082191273 0.02361390942793333
leaf_count=13164 14809 37913 274 48 38 180 583
internal_value=0 -0.0650737 -0.0299485 0.303073 -0.0981382 0.711592 0.0769363
internal_count=67009 51617 38453 540 312 228 15392
shrinkage=0.05


Tree=75
num_leaves=8
num_cat=0
split_feature=0 0 2 3 6 5 7
split_gain=3.67639 6.3667 6.24745 8.43627 6.75355 6.56838 5.77084
threshold=57.500000000000007 59.500000000000007 26.950000000000003 86.833333333333357 8.7500000000000018 3.1375929682217718 1.0000000180025095e-35
decision_type=2 2 10 10 10 10 2
left_child=2 -2 3 5 -5 6 -1
right_child=1 -3 -4 4 -6 -7 -8
leaf_value=-0.0094744039973270033 0.019389051304173132 -0.0043511093832589538 0.0059476712523279501 0.0012739059656273295 0.066313160951630937 -0.032735793480825219 0.033327626256315392
leaf_count=45512 1741 1734 7731 5358 34 4478 421
internal_value=0 0.166619 -0.0286124 -0.0924229 0.0496007 -0.22057 -0.157472
internal_count=67009 3475 63534 55803 5392 50411 45933
shrinkage=0.05


Tree=76
num_leaves=8
num_cat=0
split_feature=8 0 0 5 2 5 0
split_gain=3.47007 5.63137 4.96118 12.691 5.67605 13.0303 5.64926
threshold=1.0000000180025095e-35 41.500000000000007 42.500000000000007 2.1862435947970047 31.650000000000002 2.4672043010752693 47.500000000000007
decision_type=2 2 2 8 10 10 2
left_child=1 -1 3 -2 6 -6 -4
right_child=2 -3 4 -5 5 -7 -8
leaf_value=-0.012254606645858092 0.11328507830028989 0.0006372712663300404 -0.025890900098502975 0.0039143789791442505 -0.023679078088993152 0.092043473742912052 0.007256550424019916
leaf_count=22372 150 41232 818 353 59 59 1966
internal_value=0 -0.0246077 0.18282 0.770455 0.0892128 0.827195 -0.00682331
internal_count=67009 63604 3405 503 2902 118 2784
shrinkage=0.05


Tree=77
num_leaves=8
num_cat=0
split_feature=6 0 3 6 6 5 2
split_gain=3.41317 4.19522 4.03146 4.93289 4.684 5.4308 4.11448
threshold=4.8500000000000005 26.500000000000004 100.83333333333336 5.9500000000000011 5.5500000000000007 1.5677344010677345 29.950000000000003
decision_type=8 2 8 10 8 10 10
left_child=-1 -2 6 4 -4 -6 -3
right_child=1 2 3 -5 5 -7 -8
leaf_value=-0.025319662380330555 -0.037259531746629791 -0.001798533047977815 0.0052998701438488165 -0.013919141914832039 -0.012649931244006322 0.04369408568017405 0.010463946458014954
leaf_count=1604 2321 59977 332 110 54 195 2416
internal_value=0 0.00872344 0.01601 0.235933 0.361094 0.6676 -0.00825189
internal_count=67009 65405 63084 691 581 249 62393
shrinkage=0.05


Tree=78
num_leaves=8
num_cat=0
split_feature=0 0 4 0 5 2 2
split_gain=3.41187 10.1938 5.25693 4.97996 4.67304 8.96817 11.8461
threshold=58.500000000000007 59.500000000000007 107.33333333333336 61.500000000000007 1.5191090555014608 23.050000000000004 21.150000000000002
decision_type=2 2 10 2 8 10 10
left_child=2 -2 -1 -3 5 6 -5
right_child=1 3 -4 4 -6 -7 -8
leaf_value=-0.022706142072230762 0.0311913555763173 -0.019413388553901352 -0.00028431697678470922 -0.0089250688942917305 -0.00053836722315312683 -0.014243444649900822 0.17144420748165931
leaf_count=12700 793 882 51782 75 671 59 47
internal_value=0 0.188634 -0.0234056 -0.0846265 0.218054 0.96406 2.01069
internal_count=67009 2527 64482 1734 852 181 122
shrinkage=0.05


Tree=79
num_leaves=8
num_cat=0
split_feature=6 0 4 4 0 5 3
split_gain=3.21984 3.28479 7.58813 5.40028 6.8288 6.58831 5.17911
threshold=12.050000000000002 50.500000000000007 109.83333333333336 156.33333333333334 45.500000000000007 3.7171862182116495 96.583333333333357
decision_type=10 2 10 10 2 10 10
left_child=1 2 -1 -4 5 -5 -6
right_child=-2 -3 3 4 6 -7 -8
leaf_value=-0.031875952664737965 0.049779062687586126 0.0033254867353712581 -0.0038156671286277625 -0.016382264247487725 0.068066474533162433 0.048788203830308553 0.016505272978331972
leaf_count=13164 23 15384 37899 274 80 37 148
internal_value=0 -0.00410971 -0.0643595 -0.0324908 0.277732 -0.0961902 0.645618
internal_count=67009 66986 51602 38438 539 311 228
shrinkage=0.05


Tree=80
num_leaves=8
num_cat=0
split_feature=6 0 3 6 6 4 2
split_gain=3.15789 3.89921 3.53905 4.41275 4.1338 4.97015 6.23042
threshold=4.8500000000000005 26.500000000000004 100.83333333333336 5.9500000000000011 5.5500000000000007 172.50000000000003 29.150000000000002
decision_type=8 2 8 10 8 8 10
left_child=-1 -2 -3 4 -4 6 -6
right_child=1 2 3 -5 5 -7 -8
leaf_value=-0.024641788697573372 -0.036668304728567976 -0.00037489487245407922 0.0048503555801026254 -0.013449400439469534 0.055069715569908632 -0.010845988410110766 -0.006952380395001876
leaf_count=1604 2321 62393 332 110 160 46 43
internal_value=0 0.00846898 0.0153547 0.220345 0.336917 0.620538 0.824431
internal_count=67009 65405 63084 691 581 249 203
shrinkage=0.05


Tree=81
num_leaves=8
num_cat=0
split_feature=2 0 3 0 5 2 3
split_gain=3.11745 5.7342 8.74335 6.31706 4.3076 4.89006 6.64026
threshold=24.050000000000004 49.500000000000007 79.833333333333357 29.500000000000004 1.0349857201142394 20.450000000000003 75.833333333333357
decision_type=8 2 10 2 8 10 10
left_child=1 2 3 -1 5 -3 -7
right_child=-2 4 -4 -5 -6 6 -8
leaf_value=0.025274091616694583 0.0026685513294428917 -0.009039152746660355 -0.0018846607481954707 -0.033742395850594763 -0.00016160898860439251 0.1111535398744878 0.016054367163640323
leaf_count=3075 22574 419 6313 23409 10842 175 202
internal_value=0 -0.0755267 -0.230611 -0.563185 0.0399136 0.581767 1.03561
internal_count=67009 44435 32797 26484 11638 796 377
shrinkage=0.05


Tree=82
num_leaves=8
num_cat=0
split_feature=8 3 5 2 6 0 3
split_gain=3.03174 4.67547 5.67664 7.17786 4.90484 4.54392 4.39394
threshold=1.0000000180025095e-35 94.833333333333357 1.347295321637427 21.850000000000005 7.1500000000000012 41.500000000000007 93.833333333333357
decision_type=2 8 8 10 8 2 10
left_child=5 2 -2 -4 -5 6 -1
right_child=1 -3 3 4 -6 -7 -8
leaf_value=-0.017732861903425413 0.057198754647323907 -0.015662498390921379 -0.042799784881298132 0.023339453604327688 -0.0057685330294212547 0.0005149573286184337 0.0060658492347080437
leaf_count=21949 301 157 540 1704 703 41232 423
internal_value=0 0.170398 0.273352 0.184982 0.279298 -0.0228355 -0.223977
internal_count=67009 3405 3248 2947 2407 63604 22372
shrinkage=0.05


Tree=83
num_leaves=8
num_cat=0
split_feature=6 0 0 0 2 2 4
split_gain=2.95873 2.96225 8.87614 4.56439 4.44657 7.7233 5.978
threshold=12.050000000000002 58.500000000000007 59.500000000000007 61.500000000000007 25.350000000000005 27.850000000000005 122.25000000000001
decision_type=10 2 2 2 10 10 8
left_child=1 -1 4 -4 6 -6 -3
right_child=-2 2 3 -5 5 -7 -8
leaf_value=-0.0012960001625581636 0.047255424709478529 -0.0081374977431876109 -0.019024559430013577 0.0099839047494852725 -0.037399173445433302 0.042907696727888169 0.052572453712492008
leaf_count=64459 23 281 882 852 114 73 325
internal_value=0 -0.00390915 0.170549 -0.0864771 0.567912 0.00741312 0.801017
internal_count=67009 66986 2527 1734 793 187 606
shrinkage=0.05


Tree=84
num_leaves=8
num_cat=0
split_feature=6 0 4 4 3 5 3
split_gain=2.90176 3.66249 3.20166 5.157 4.30038 4.56628 6.24702
threshold=4.8500000000000005 26.500000000000004 168.33333333333334 165.33333333333334 100.83333333333336 4.9895833333333348 93.833333333333357
decision_type=8 2 8 10 10 8 10
left_child=-1 -2 3 4 5 -3 -7
right_child=1 2 -4 -5 -6 6 -8
leaf_value=-0.023919522618161309 -0.036157455794217488 -0.0010141770442563891 0.015634704667948258 -0.035776841548885246 0.014748020571948531 0.0063849107868151848 0.10038087439804555
leaf_count=1604 2321 60965 272 98 482 1243 24
internal_value=0 0.00803677 0.0146003 0.000377144 0.0103428 -0.0108369 0.714339
internal_count=67009 65405 63084 62812 62714 62232 1267
shrinkage=0.05


Tree=85
num_leaves=8
num_cat=0
split_feature=2 6 5 3 3 4 8
split_gain=2.82689 4.1225 4.31895 2.74844 5.08605 4.46011 2.82399
threshold=19.950000000000003 6.1500000000000012 2.7685439560439566 113.50000000000001 122.50000000000001 170.33333333333334 1.0000000180025095e-35
decision_type=8 8 10 10 8 10 2
left_child=1 2 -1 6 5 -5 -2
right_child=3 -3 -4 4 -6 -7 -8
leaf_value=-0.0086394072681250569 -0.00083432359935774235 -0.040690942519813922 0.05582212946532477 -0.0064199681312011835 -0.02426720531658759 0.064604987253185558 0.0086188709643628802
leaf_count=9609 51342 2489 303 27 23 39 3177
internal_value=0 -0.237149 -0.0829475 0.0156113 0.468553 0.841342 0.00724357
internal_count=67009 12401 9912 54608 89 66 54519
shrinkage=0.05


Tree=86
num_leaves=8
num_cat=0
split_feature=4 0 3 0 1 2 2
split_gain=2.70674 2.81224 9.1401 7.88923 6.88674 4.46324 5.74766
threshold=100.25000000000001 58.500000000000007 63.250000000000007 59.500000000000007 1.5000000000000002 25.350000000000005 27.850000000000005
decision_type=8 2 10 2 2 10 8
left_child=-1 -2 4 5 -3 -4 -7
right_child=1 2 3 -5 -6 6 -8
leaf_value=-0.024079950877042303 -0.00070636999234817074 0.14831269525524501 0.035972222028261995 -0.0068822625799688959 -0.0034867815727103639 -0.036788045121205946 0.032862713916441105
leaf_count=5618 58989 68 531 1534 87 112 70
internal_value=0 0.00749829 0.178111 0.113182 1.85769 0.48616 -0.0725811
internal_count=67009 61391 2402 2247 155 713 182
shrinkage=0.05


Tree=87
num_leaves=8
num_cat=0
split_feature=6 0 4 4 3 5 3
split_gain=2.7014 3.42712 2.68909 4.82105 3.85636 4.19359 5.45273
threshold=4.8500000000000005 26.500000000000004 168.33333333333334 165.33333333333334 100.83333333333336 4.9895833333333348 93.833333333333357
decision_type=8 2 8 10 10 8 10
left_child=-1 -2 3 4 5 -3 -7
right_child=1 2 -4 -5 -6 6 -8
leaf_value=-0.023312539971414473 -0.035602299583856183 -0.00094258614154492599 0.014260371247082713 -0.035022288107653989 0.013927631512568803 0.0061419474642402296 0.092434954359697896
leaf_count=1604 2321 60965 272 98 482 1243 24
internal_value=0 0.00785566 0.0140959 0.000958646 0.0104748 -0.00970018 0.678706
internal_count=67009 65405 63084 62812 62714 62232 1267
shrinkage=0.05


Tree=88
num_leaves=8
num_cat=0
split_feature=6 2 6 2 5 5 3
split_gain=2.68295 2.52759 4.14231 3.08176 4.41351 6.06949 4.56055
threshold=12.050000000000002 18.350000000000005 5.8500000000000005 18.750000000000004 1.1459503745318353 1.9757566852776964 94.833333333333357
decision_type=10 8 10 8 10 10 10
left_child=1 2 -1 4 -3 6 -6
right_child=-2 3 -4 -5 5 -7 -8
leaf_value=-0.029280529548517387 0.044539034002939661 -0.029931086719521272 0.049082930112065382 -8.7619346828995823e-05 0.10987723098016272 -0.02797715116177384 -0.0039677164393348277
leaf_count=4056 23 428 204 61159 858 261 20
internal_value=0 -0.00354111 -0.412776 0.00448205 0.658562 1.07859 1.63039
internal_count=67009 66986 4260 62726 1567 1139 878
shrinkage=0.05


Tree=89
num_leaves=8
num_cat=0
split_feature=2 0 3 0 5 5 2
split_gain=2.61333 4.83947 4.9274 5.16107 3.92806 8.19084 7.4153
threshold=24.050000000000004 47.500000000000007 82.833333333333357 29.500000000000004 2.0518360949395436 2.2814700704225355 22.850000000000005
decision_type=8 2 10 2 8 10 10
left_child=1 2 3 -1 -4 6 -6
right_child=-2 -3 4 -5 5 -7 -8
leaf_value=0.023787944744968668 0.0024508916323464037 0.00084702933490651475 -0.014606640645368025 -0.028980723932050086 0.088315353803394434 -0.0055663246837588387 -0.010566400541600815
leaf_count=3172 22574 15410 1798 22594 273 1048 140
internal_value=0 -0.0692043 -0.246085 -0.475422 -0.0387134 0.234702 1.08745
internal_count=67009 44435 29025 25766 3259 1461 413
shrinkage=0.05


Tree=90
num_leaves=8
num_cat=0
split_feature=6 0 0 6 4 4 0
split_gain=2.49414 3.30088 2.69342 2.40694 2.45182 5.35097 3.52069
threshold=4.8500000000000005 26.500000000000004 52.500000000000007 12.050000000000002 168.33333333333334 164.16666666666671 39.500000000000007
decision_type=8 2 2 10 8 10 2
left_child=2 -2 -1 4 5 -3 -6
right_child=1 3 -4 -5 6 -7 -8
leaf_value=-0.035712679165605402 -0.035282924699035212 0.00040966068092405141 0.016671961627596765 0.042551167993993069 0.062015201517208074 -0.033915411397681589 0.0079456977544756138
leaf_count=1482 2321 62665 122 22 23 125 249
internal_value=0 0.00757602 -0.452906 0.0136443 0.00982396 -0.00282296 0.267345
internal_count=67009 65405 1604 63084 63062 62790 272
shrinkage=0.05


Tree=91
num_leaves=8
num_cat=0
split_feature=4 0 3 1 5 5 5
split_gain=2.42353 2.49433 7.64906 7.563 4.97075 12.9237 6.99445
threshold=100.25000000000001 57.500000000000007 63.250000000000007 1.5000000000000002 2.7047317436661706 2.8389976958525351 1.5191090555014608
decision_type=8 2 10 2 10 10 8
left_child=-1 -2 3 -3 6 -6 -4
right_child=1 2 4 -5 5 -7 -8
leaf_value=-0.023171481653546933 -0.00084360893271135783 0.12816209718857063 0.022427043147914369 -0.0096491980445850972 0.084522931865391032 0.0043022116600995456 -0.010140713638437802
leaf_count=5618 58089 97 636 111 139 598 1721
internal_value=0 0.00720392 0.143177 1.51239 0.0935328 0.450408 -0.0308514
internal_count=67009 61391 3302 208 3094 737 2357
shrinkage=0.05


Tree=92
num_leaves=8
num_cat=0
split_feature=1 6 5 5 4 0 5
split_gain=2.33835 11.2532 6.38501 7.90812 7.34549 6.87526 11.7714
threshold=1.5000000000000002 5.4500000000000011 3.6753378378378385 1.7256483238456677 137.83333333333334 53.500000000000007 1.2697520955947923
decision_type=2 10 10 8 10 2 10
left_child=-1 -2 3 5 -4 6 -3
right_child=1 2 4 -5 -6 -7 -8
leaf_value=0.0012801053972522018 -0.023759556335390668 -0.010132810088970034 -0.026230063047046073 -0.0096016945566612041 0.10738000675601518 -0.0066068677948533695 0.074275446020809863
leaf_count=48198 10971 1463 100 3614 29 633 2001
internal_value=0 -0.120601 0.118722 0.0519189 1.33287 0.47101 0.865383
internal_count=67009 18811 7840 7711 129 4097 3464
shrinkage=0.05


Tree=93
num_leaves=8
num_cat=0
split_feature=8 0 5 3 2 5 0
split_gain=2.32708 4.6272 10.7303 4.75081 4.90536 4.50025 5.26445
threshold=1.0000000180025095e-35 42.500000000000007 2.1862435947970047 80.250000000000014 33.750000000000007 1.2511261261261264 51.500000000000007
decision_type=2 2 8 8 10 8 2
left_child=-1 2 -2 5 -5 -3 -7
right_child=1 3 -4 4 -6 6 -8
leaf_value=-0.00098694412582562576 0.10091614823098445 0.078948087448082044 0.0031132967839883462 -0.0080481987265173683 0.05186840366323503 0.043286181510111175 -0.0072612748978881829
leaf_count=63604 150 145 353 1180 22 872 683
internal_value=0 0.148429 0.706022 0.0590138 -0.0906297 0.443864 0.256542
internal_count=67009 3405 503 2902 1202 1700 1555
shrinkage=0.05


Tree=94
num_leaves=8
num_cat=0
split_feature=6 0 0 3 3 4 5
split_gain=2.29611 3.10195 2.55834 2.30965 4.62783 4.34543 2.71349
threshold=4.8500000000000005 26.500000000000004 52.500000000000007 113.50000000000001 122.50000000000001 170.33333333333334 0.62627092533634598
decision_type=8 2 2 10 8 10 10
left_child=2 -2 -1 6 5 -5 -3
right_child=1 3 -4 4 -6 -7 -8
leaf_value=-0.03511390776055219 -0.034747666343152732 0.029250526973565762 0.015981604434743609 -0.0077956543723742278 -0.024270368415119422 0.060784265499985161 -1.4303757240941145e-05
leaf_count=1482 2321 1303 122 29 23 38 61691
internal_value=0 0.00768785 -0.438993 0.0134781 0.424473 0.7725 0.00602568
internal_count=67009 65405 1604 63084 90 67 62994
shrinkage=0.05


Tree=95
num_leaves=8
num_cat=0
split_feature=2 6 5 2 2 2 5
split_gain=2.25178 4.11854 3.86977 2.60636 2.56373 5.8545 4.06277
threshold=19.950000000000003 6.1500000000000012 2.7685439560439566 16.950000000000003 18.350000000000005 18.750000000000004 1.1459503745318353
decision_type=8 8 10 10 10 10 10
left_child=1 2 3 -1 -5 6 -6
right_child=-2 -3 -4 4 5 -7 -8
leaf_value=0.033695439499533152 0.0007212793793605224 -0.040216000834728913 0.052868753418420247 -0.034318116187751234 -0.026939232799350968 -0.015872964975808757 0.061488279964965621
leaf_count=794 54608 2489 303 2641 316 4952 906
internal_value=0 -0.214246 -0.0599917 -0.148893 -0.232767 -0.0585642 0.809631
internal_count=67009 12401 9912 9609 8815 6174 1222
shrinkage=0.05


Tree=96
num_leaves=8
num_cat=0
split_feature=4 0 3 0 4 6 6
split_gain=2.20224 2.37804 7.49448 6.90128 6.59289 4.0712 6.31129
threshold=100.25000000000001 58.500000000000007 63.250000000000007 59.500000000000007 108.33333333333336 7.0500000000000007 7.1500000000000012
decision_type=8 2 10 2 10 10 10
left_child=-1 5 4 -4 -3 -2 -7
right_child=1 2 3 -5 -6 6 -8
leaf_value=-0.022388407221774181 -0.0016415382626032875 0.13388261680343733 0.022253107208464705 -0.0067263836430561247 -0.006090718756476262 0.075042242530794973 0.0079976590127216422
leaf_count=5618 57958 79 713 1534 76 89 942
internal_value=0 0.00718846 0.163123 0.102422 1.61925 -0.012835 0.287974
internal_count=67009 61391 2402 2247 155 58989 1031
shrinkage=0.05


Tree=97
num_leaves=8
num_cat=0
split_feature=2 4 0 5 5 2 5
split_gain=2.14011 4.26265 6.1634 7.63634 5.54671 4.82885 4.27613
threshold=24.050000000000004 145.83333333333334 61.500000000000007 1.5191090555014608 3.6753378378378385 21.250000000000004 2.9504098360655746
decision_type=8 10 2 8 8 10 10
left_child=1 2 6 5 -3 -4 -1
right_child=-2 4 3 -5 -6 -7 -8
leaf_value=-0.005589950252971803 0.0022378962314854082 0.0036235889035522379 -0.00069584658472152247 0.00031871976873973921 0.062007113630365034 0.12839858651120256 -0.026440558866710762
leaf_count=38961 22574 1277 69 365 48 54 3661
internal_value=0 -0.0623968 -0.130596 0.62864 0.135213 1.82545 -0.164608
internal_count=67009 44435 43110 488 1325 123 42622
shrinkage=0.05


Tree=98
num_leaves=8
num_cat=0
split_feature=6 0 4 6 4 0 5
split_gain=2.12619 2.13509 6.0096 4.07898 4.38514 6.57925 5.64786
threshold=12.050000000000002 50.500000000000007 109.83333333333336 4.8500000000000005 156.33333333333334 45.500000000000007 3.7171862182116495
decision_type=10 2 10 8 10 2 10
left_child=1 2 -1 -4 -5 6 -6
right_child=-2 -3 3 4 5 -7 -8
leaf_value=-0.029661004727268344 0.038828178448614865 0.0026968137919987059 -0.038119166198296139 -0.0025535917921571624 -0.016041070740859257 0.031450517755536471 0.043291918866943981
leaf_count=13164 23 15384 1012 36905 264 220 37
internal_value=0 -0.00242199 -0.0517027 -0.024576 -0.01043 0.268781 -0.0995923
internal_count=67009 66986 51602 38438 37426 521 301
shrinkage=0.05


Tree=99
num_leaves=8
num_cat=0
split_feature=1 6 5 5 0 5 4
split_gain=2.04686 10.1468 5.60624 7.24921 7.70169 8.52853 6.33718
threshold=1.5000000000000002 5.4500000000000011 3.6753378378378385 1.8549555867227681 53.500000000000007 1.2697520955947923 137.83333333333334
decision_type=2 10 10 8 2 10 10
left_child=-1 -2 3 4 5 -3 -4
right_child=1 2 6 -5 -6 -7 -8
leaf_value=0.001217743570282645 -0.022867927679207492 -0.0095748576820236086 -0.025908295760071288 -0.01143515298758269 -0.0089069962451491843 0.059141105212626471 0.097120454468510947
leaf_count=48198 10971 1463 100 3012 754 2482 29
internal_value=0 -0.112975 0.111355 0.0478131 0.385592 0.770255 1.22663
internal_count=67009 18811 7840 7711 4699 3945 129
shrinkage=0.05


end of trees

feature importances:
H25_age=171
H25_bmi=131
H25_dbp=116
H25_sbp=93
H25_a1c=71
H25_lhrate=70
H25_dl=30
H25_sex=9
H25_dm=9

parameters:
[boosting: gbdt]
[objective: binary]
[metric: binary]
[tree_learner: serial]
[device_type: cpu]
[data: ]
[valid: ]
[num_iterations: 100]
[learning_rate: 0.05]
[num_leaves: 8]
[num_threads: 0]
[max_depth: -1]
[min_data_in_leaf: 20]
[min_sum_hessian_in_leaf: 1]
[bagging_fraction: 0.4]
[bagging_freq: 0]
[bagging_seed: 3]
[feature_fraction: 1]
[feature_fraction_seed: 2]
[early_stopping_round: 0]
[max_delta_step: 0]
[lambda_l1: 0]
[lambda_l2: 1]
[min_gain_to_split: 0]
[drop_rate: 0.1]
[max_drop: 50]
[skip_drop: 0.5]
[xgboost_dart_mode: 0]
[uniform_drop: 0]
[drop_seed: 4]
[top_rate: 0.2]
[other_rate: 0.1]
[min_data_per_group: 100]
[max_cat_threshold: 32]
[cat_l2: 10]
[cat_smooth: 10]
[max_cat_to_onehot: 4]
[top_k: 20]
[monotone_constraints: ]
[feature_contri: ]
[forcedsplits_filename: ]
[refit_decay_rate: 0.9]
[verbosity: 0]
[max_bin: 255]
[min_data_in_bin: 3]
[bin_construct_sample_cnt: 200000]
[histogram_pool_size: -1]
[data_random_seed: 1]
[output_model: LightGBM_model.txt]
[snapshot_freq: -1]
[input_model: ]
[output_result: LightGBM_predict_result.txt]
[initscore_filename: ]
[valid_data_initscores: ]
[pre_partition: 0]
[enable_bundle: 1]
[max_conflict_rate: 0]
[is_enable_sparse: 1]
[sparse_threshold: 0.8]
[use_missing: 1]
[zero_as_missing: 0]
[two_round: 0]
[save_binary: 0]
[enable_load_from_binary_file: 1]
[header: 0]
[label_column: ]
[weight_column: ]
[group_column: ]
[ignore_column: ]
[categorical_feature: ]
[predict_raw_score: 0]
[predict_leaf_index: 0]
[predict_contrib: 0]
[num_iteration_predict: -1]
[pred_early_stop: 0]
[pred_early_stop_freq: 10]
[pred_early_stop_margin: 10]
[convert_model_language: ]
[convert_model: gbdt_prediction.cpp]
[num_class: 1]
[is_unbalance: 0]
[scale_pos_weight: 1]
[sigmoid: 1]
[boost_from_average: 1]
[reg_sqrt: 0]
[alpha: 0.9]
[fair_c: 1]
[poisson_max_delta_step: 0.7]
[tweedie_variance_power: 1.5]
[max_position: 20]
[label_gain: ]
[metric_freq: 1]
[is_provide_training_metric: 0]
[eval_at: ]
[num_machines: 1]
[local_listen_port: 12400]
[time_out: 120]
[machine_list_filename: ]
[machines: ]
[gpu_platform_id: -1]
[gpu_device_id: -1]
[gpu_use_dp: 0]

end of parameters

pandas_categorical:[]
