tree
version=v2
num_class=1
num_tree_per_iteration=1
label_index=0
max_feature_idx=8
objective=binary sigmoid:1
feature_names=H25_age H25_sex H25_bmi H25_dbp H25_sbp H25_lhrate H25_a1c H25_ht H25_dl
feature_infos=[18:74] [1:2] [0:54.899999999999999] [0:169] [0:238] [0.18181818181818185:7.9500000000000002] [2.7999999999999998:14.800000000000001] [0:1] [0:1]
tree_sizes=721 723 725 728 730 725 725 732 731 723 734 731 728 733 730 735 729 740 736 739 735 728 734 733 731

Tree=0
num_leaves=8
num_cat=0
split_feature=6 6 6 5 2 2 6
split_gain=5616.21 443.475 49.6357 30.3724 22.1536 16.4396 11.7504
threshold=6.5500000000000007 6.1500000000000012 5.7500000000000009 1.9673022095509627 27.350000000000005 34.650000000000013 6.7500000000000009
decision_type=10 10 10 10 10 10 10
left_child=1 2 5 -3 -4 -1 -2
right_child=6 3 4 -5 -6 -7 -8
leaf_value=-5.2782024957821845 -4.6901214499441544 -5.1312568585033667 -5.2364117614687604 -4.8536572612387427 -5.1437858649595851 -5.1486925530550405 -3.7143266900014087
leaf_count=58733 305 430 5747 1065 1362 300 879
internal_value=0 -0.558162 -0.733835 6.42197 0.345336 -0.864482 27.5622
internal_count=68821 67637 66142 1495 7109 59033 1184
shrinkage=1


Tree=1
num_leaves=8
num_cat=0
split_feature=6 1 6 0 1 3 6
split_gain=1781.74 51.4004 47.8474 47.4237 14.5245 14.2978 13.2183
threshold=6.1500000000000012 1.5000000000000002 5.7500000000000009 38.500000000000007 1.5000000000000002 71.833333333333357 5.9500000000000011
decision_type=10 2 10 2 2 10 10
left_child=2 3 -1 -2 6 -3 -4
right_child=1 5 4 -5 -6 -7 -8
leaf_value=-0.042904435276980464 0.021384107445171233 0.019951604523651554 0.011040064552259095 0.37901657355726515 -0.027424962192306723 0.19931385101073468 0.085650893411935491
leaf_count=59033 67 197 3311 2111 2281 304 1517
internal_value=0 6.78621 -0.723581 7.33427 0.324517 2.95937 0.738122
internal_count=68821 2679 66142 2178 7109 501 4828
shrinkage=0.05


Tree=2
num_leaves=8
num_cat=0
split_feature=6 6 6 8 4 5 2
split_gain=1208.51 46.0969 32.6074 19.5423 30.9932 27.3185 17.6576
threshold=6.1500000000000012 5.7500000000000009 6.3500000000000005 1.0000000180025095e-35 125.83333333333336 2.2720779220779228 27.350000000000005
decision_type=10 10 10 2 10 10 10
left_child=1 -1 -2 4 -4 -6 -3
right_child=2 6 3 -5 5 -7 -8
leaf_value=-0.042575887994863171 0.13026185787942912 -0.0028323930498397785 0.14725939783572567 0.40651773631501681 0.16186527958965397 0.32052003355677555 0.076502776050817636
leaf_count=59033 1001 5747 569 177 348 584 1362
internal_value=0 -0.713192 4.67547 5.14113 4.63629 5.43553 0.30451
internal_count=68821 66142 2679 1678 1501 932 7109
shrinkage=0.05


Tree=3
num_leaves=8
num_cat=0
split_feature=6 6 6 0 0 2 3
split_gain=939.383 31.1455 25.7718 16.4297 17.6663 16.2268 14.7511
threshold=6.0500000000000007 6.4500000000000011 5.7500000000000009 38.500000000000007 59.500000000000007 34.650000000000013 80.833333333333357
decision_type=10 10 10 2 2 10 10
left_child=2 -2 5 -3 -5 -1 -4
right_child=1 3 6 4 -6 -7 -8
leaf_value=-0.043286967365769147 0.11239352074295805 0.014047466146131627 -0.021364775261022637 0.21565610482047248 0.070378805292669211 0.085366772175680561 0.044414076336131703
leaf_count=58733 2157 52 3985 1213 118 300 2263
internal_value=0 3.48313 -0.742915 3.99571 4.10451 -0.844733 0.0733914
internal_count=68821 3540 65281 1383 1331 59033 6248
shrinkage=0.05


Tree=4
num_leaves=8
num_cat=0
split_feature=6 6 6 2 2 8 0
split_gain=749.624 25.1247 17.9391 15.6508 14.0843 12.2116 11.2541
threshold=6.0500000000000007 5.7500000000000009 6.3500000000000005 32.550000000000004 24.150000000000002 1.0000000180025095e-35 45.500000000000007
decision_type=10 10 10 10 10 2 2
left_child=1 3 -2 -1 -3 6 -4
right_child=2 4 5 -5 -6 -7 -8
leaf_value=-0.043314796234348793 0.088802828696021005 -0.026476840727277774 0.18768882151454916 0.05543792791162281 0.035837522198734914 0.2394844494413822 0.12025679587133696
leaf_count=58387 1862 3420 408 646 2828 177 1093
internal_value=0 -0.732932 2.81987 -0.837687 0.0696411 3.12327 2.84698
internal_count=68821 65281 3540 59033 6248 1678 1501
shrinkage=0.05


Tree=5
num_leaves=8
num_cat=0
split_feature=6 6 2 1 5 3 2
split_gain=620.585 24.4656 14.7633 14.1796 13.3946 12.6472 12.0379
threshold=6.0500000000000007 5.7500000000000009 32.550000000000004 1.5000000000000002 2.8952850877192988 80.833333333333357 29.450000000000003
decision_type=10 10 10 2 10 10 8
left_child=1 2 -1 6 -5 -3 -2
right_child=3 5 -4 4 -6 -7 -8
leaf_value=-0.043003410718134794 0.11031474759980245 -0.020700409533107561 0.051054626330667097 0.021868135129347443 0.14786206598666271 0.039484237539426613 0.16718901523873297
leaf_count=58387 2199 3985 646 620 108 2263 613
internal_value=0 -0.722771 -0.830436 2.36959 1.1302 0.0657131 2.53366
internal_count=68821 65281 59033 3540 728 6248 2812
shrinkage=0.05


Tree=6
num_leaves=8
num_cat=0
split_feature=6 2 6 8 3 3 0
split_gain=523.025 24.2272 21.2826 12.1597 15.054 14.4999 10.6509
threshold=6.0500000000000007 25.750000000000004 5.6500000000000012 1.0000000180025095e-35 92.833333333333357 99.250000000000014 38.500000000000007
decision_type=10 10 8 2 10 8 2
left_child=1 -1 -3 4 6 -6 -2
right_child=3 2 -4 -5 5 -7 -8
leaf_value=-0.042683709794740315 -0.019532903883460379 -0.03682110292578563 0.026215094921104409 0.15515540785085985 0.18795299816983579 0.047729938523468712 0.08530664408234967
leaf_count=53882 104 6014 5385 437 223 106 2670
internal_value=0 -0.712388 -0.0923617 2.0284 1.84923 2.99575 1.63731
internal_count=68821 65281 11399 3540 3103 329 2774
shrinkage=0.05


Tree=7
num_leaves=8
num_cat=0
split_feature=6 2 6 2 2 6 1
split_gain=451.873 20.5311 18.2229 13.8091 11.612 13.9168 7.25804
threshold=5.9500000000000011 32.550000000000004 6.4500000000000011 29.250000000000004 25.050000000000004 5.6500000000000012 1.5000000000000002
decision_type=10 10 10 10 10 8 2
left_child=1 4 3 6 -1 -6 -2
right_child=2 -3 -4 -5 5 -7 -8
leaf_value=-0.044657085243452722 0.048706563137585576 0.060981727880588671 0.099575164089970969 0.11185636258609077 -0.042023954112788899 0.0065197001564038792 -0.009774810184608046
leaf_count=49667 2079 764 1383 535 7537 6026 830
internal_value=0 -0.739274 1.68658 1.0733 -0.777646 -0.373813 0.727234
internal_count=68821 63994 4827 3444 63230 13563 2909
shrinkage=0.05


Tree=8
num_leaves=8
num_cat=0
split_feature=6 2 6 6 2 8 4
split_gain=392.825 19.5231 17.1595 13.5917 12.4773 10.3649 9.83531
threshold=5.9500000000000011 25.050000000000004 5.6500000000000012 6.3500000000000005 34.650000000000013 1.0000000180025095e-35 146.25000000000003
decision_type=10 10 8 10 8 2 10
left_child=1 -1 -3 -2 5 -4 -5
right_child=3 2 4 6 -6 -7 -8
leaf_value=-0.04439850252771476 0.04500922217701056 -0.037569942972441081 -0.0059375746827342764 0.076159810819604712 0.12838676707830748 0.077663436795959065 0.12974756074758267
leaf_count=49667 3149 7936 5540 1460 175 676 218
internal_value=0 -0.729323 -0.23423 1.48823 0.291385 0.114016 1.70788
internal_count=68821 63994 14327 4827 6391 6216 1678
shrinkage=0.05


Tree=9
num_leaves=8
num_cat=0
split_feature=6 2 6 2 6 2 5
split_gain=344.568 19.434 16.2567 10.8104 10.5918 17.1367 12.9676
threshold=5.9500000000000011 25.050000000000004 5.6500000000000012 34.650000000000013 7.4500000000000011 30.750000000000004 2.8365491651205947
decision_type=10 10 8 8 10 8 10
left_child=1 -1 -3 -4 5 -2 -7
right_child=4 2 3 -5 -6 6 -8
leaf_value=-0.04413060507857712 0.046157618651889082 -0.037098941338457363 0.005496346229190454 0.11594926295630568 0.093310253241681254 0.046920337092560327 0.14441941133104155
leaf_count=49667 3896 7936 6216 175 386 303 242
internal_value=0 -0.719005 -0.223622 0.280017 1.32622 1.13759 2.07202
internal_count=68821 63994 14327 6391 4827 4441 545
shrinkage=0.05


Tree=10
num_leaves=8
num_cat=0
split_feature=6 2 6 1 2 3 8
split_gain=304.711 19.286 15.3309 9.81112 9.39182 9.09531 8.96843
threshold=5.9500000000000011 25.050000000000004 5.6500000000000012 1.5000000000000002 34.650000000000013 73.833333333333357 1.0000000180025095e-35
decision_type=10 10 8 2 8 10 2
left_child=1 -1 -3 -2 6 -5 -4
right_child=3 2 4 5 -6 -7 -8
leaf_value=-0.043853138838732299 0.064838733101634155 -0.036617840059846689 -0.0059188224566695024 -0.019865835400215453 0.10495495852879187 0.05141417647101372 0.069747081486737778
leaf_count=49667 3695 7936 5540 619 175 513 676
internal_value=0 -0.708549 -0.214129 1.19213 0.266741 0.440321 0.104047
internal_count=68821 63994 14327 4827 6391 1132 6216
shrinkage=0.05


Tree=11
num_leaves=8
num_cat=0
split_feature=6 2 6 7 6 2 2
split_gain=270.213 19.1376 14.4931 8.83062 11.698 8.1524 8.11572
threshold=5.9500000000000011 25.050000000000004 5.6500000000000012 1.0000000180025095e-35 6.5500000000000007 34.650000000000013 29.250000000000004
decision_type=10 10 8 2 10 8 8
left_child=1 -1 -3 4 6 -4 -2
right_child=3 2 5 -5 -6 -7 -8
leaf_value=-0.043565854570147881 0.016285118579914586 -0.036126856083864629 0.0050142934145412377 0.095444999127490257 0.060567522036762383 0.095253015648721212 0.067777370016365163
leaf_count=49667 2811 7936 6216 433 1108 175 475
internal_value=0 -0.697828 -0.204353 1.07497 0.98255 0.2559 0.557142
internal_count=68821 63994 14327 4827 4394 6391 3286
shrinkage=0.05


Tree=12
num_leaves=8
num_cat=0
split_feature=6 2 6 6 8 4 5
split_gain=241.373 18.9351 13.6449 7.18568 7.2909 10.7552 13.1847
threshold=5.9500000000000011 25.050000000000004 5.6500000000000012 6.3500000000000005 1.0000000180025095e-35 147.25000000000003 2.6039701257861636
decision_type=10 10 8 10 2 10 10
left_child=1 -1 -3 -2 5 -5 -7
right_child=3 2 -4 4 -6 6 -8
leaf_value=-0.043268506663063977 0.029467965467453613 -0.035626241053438278 0.012177131513815609 0.042150582442490196 0.0936474597168169 0.029991557778393019 0.13332859357670962
leaf_count=49667 3149 7936 6391 1319 177 93 89
internal_value=0 -0.686981 -0.195617 0.977257 1.11651 1.00189 1.82533
internal_count=68821 63994 14327 4827 1678 1501 182
shrinkage=0.05


Tree=13
num_leaves=8
num_cat=0
split_feature=6 2 6 2 8 6 2
split_gain=216.787 18.6671 12.7742 7.09337 7.74611 6.91618 12.4541
threshold=5.9500000000000011 25.050000000000004 5.6500000000000012 34.650000000000013 1.0000000180025095e-35 7.5500000000000007 29.550000000000004
decision_type=10 10 8 8 2 10 8
left_child=1 -1 -3 4 -4 6 -2
right_child=5 2 3 -5 -6 -7 -8
leaf_value=-0.04296087003712018 0.028514393156841667 -0.035116280718673981 -0.0063955502239538588 0.085613202411906383 0.06185865667270999 0.065481597848179737 0.066686297473422987
leaf_count=49667 3717 7936 5540 175 676 342 768
internal_value=0 -0.67606 -0.18825 0.228975 0.082147 0.893699 0.767593
internal_count=68821 63994 14327 6391 6216 4827 4485
shrinkage=0.05


Tree=14
num_leaves=8
num_cat=0
split_feature=6 6 2 5 2 5 0
split_gain=197.872 16.613 12.2696 7.80597 6.6662 11.8081 6.1773
threshold=5.7500000000000009 6.1500000000000012 31.650000000000002 4.4374609130706713 22.550000000000004 1.3977883675464324 38.500000000000007
decision_type=10 10 10 10 10 10 2
left_child=2 4 3 -1 -2 -6 -3
right_child=1 6 -4 -5 5 -7 -8
leaf_value=-0.041258577921479564 -0.022407594744636276 -0.017942272814521872 0.035058196739746465 0.052488937403796815 0.12308021641747775 0.011280374279154353 0.046348282347365405
leaf_count=57689 2539 85 908 436 266 4304 2594
internal_value=0 0.722421 -0.759482 -0.803865 0.175322 0.411795 0.892854
internal_count=68821 9788 59033 58125 7109 4570 2679
shrinkage=0.05


Tree=15
num_leaves=8
num_cat=0
split_feature=6 6 2 1 5 0 8
split_gain=179.894 13.7833 11.6507 7.60706 7.43504 6.15021 6.00284
threshold=5.7500000000000009 6.1500000000000012 31.650000000000002 1.5000000000000002 4.4374609130706713 45.500000000000007 1.0000000180025095e-35
decision_type=10 10 10 2 10 2 2
left_child=2 3 4 -2 -1 -4 -3
right_child=1 6 5 -5 -6 -7 -8
leaf_value=-0.040882268040437972 0.020662207684001746 0.036391442972262635 -0.0068889359728405682 -0.025641728927635138 0.049343863644089714 0.09442320427298885 0.068494500109374579
leaf_count=57689 4828 2348 654 2281 436 254 331
internal_value=0 0.666295 -0.749968 0.167629 -0.79562 0.652539 0.816982
internal_count=68821 9788 59033 7109 58125 908 2679
shrinkage=0.05


Tree=16
num_leaves=8
num_cat=0
split_feature=6 6 2 5 1 6 0
split_gain=163.8 11.6754 11.2038 7.10038 6.88821 5.72547 5.3763
threshold=5.7500000000000009 6.1500000000000012 31.650000000000002 4.1867732558139545 1.5000000000000002 5.6500000000000012 45.500000000000007
decision_type=10 10 10 10 2 8 2
left_child=2 4 3 -1 -2 -5 -4
right_child=1 -3 6 5 -6 -7 -8
leaf_value=-0.040746778272540543 0.019266665248484024 0.037551534606866485 -0.0066554101555725389 -0.029160104203553396 -0.025055290726465309 0.085899145449559122 0.086567011964240437
leaf_count=57348 4828 2679 654 458 2281 319 254
internal_value=0 0.615864 -0.740143 -0.78714 0.157554 0.666571 0.621594
internal_count=68821 9788 59033 58125 7109 777 908
shrinkage=0.05


Tree=17
num_leaves=8
num_cat=0
split_feature=6 2 1 6 8 2 3
split_gain=149.328 11.1355 10.2029 7.89131 7.36375 10.0709 6.85187
threshold=5.7500000000000009 25.050000000000004 1.5000000000000002 5.5500000000000007 1.0000000180025095e-35 34.650000000000013 73.833333333333357
decision_type=10 10 2 8 2 8 10
left_child=1 -1 -2 -3 5 -5 -4
right_child=2 3 6 4 -6 -7 -8
leaf_value=-0.044278610989166349 0.033079150390131484 -0.037298191829992666 -0.027549664415973577 -0.017513257861616002 0.070300182711946685 0.088715035234594064 0.021460180287372163
leaf_count=46437 7006 6562 1657 5302 592 140 1125
internal_value=0 -0.730085 0.5701 -0.276338 0.113677 -0.11698 -0.00101192
internal_count=68821 59033 9788 12596 6034 5442 2782
shrinkage=0.05


Tree=18
num_leaves=8
num_cat=0
split_feature=6 2 6 5 3 1 5
split_gain=136.36 11.1144 9.47248 9.06125 7.12358 5.61925 5.15896
threshold=5.7500000000000009 25.050000000000004 6.1500000000000012 4.1867732558139545 101.83333333333336 1.5000000000000002 1.3903600464576076
decision_type=10 10 10 10 10 2 8
left_child=1 -1 5 4 -3 -2 -4
right_child=2 3 6 -5 -6 -7 -8
leaf_value=-0.044011908280430403 0.015848875473460478 -0.023345544094678716 0.068538102516457838 0.074070194398089206 0.074047062028242391 -0.024330723584775199 0.029641819181700925
leaf_count=46437 4828 11862 226 446 288 2281 2453
internal_value=0 -0.719885 0.528596 -0.264868 -0.38084 0.121808 0.646016
internal_count=68821 59033 9788 12596 12150 7109 2679
shrinkage=0.05


Tree=19
num_leaves=8
num_cat=0
split_feature=6 2 5 6 3 3 5
split_gain=124.755 11.0952 8.29428 8.15075 6.39345 5.30769 10.5954
threshold=5.7500000000000009 25.050000000000004 4.4374609130706713 6.1500000000000012 101.83333333333336 91.833333333333357 2.2919871794871796
decision_type=10 10 10 10 10 8 10
left_child=1 -1 4 5 -3 -2 -7
right_child=3 2 -4 -5 -6 6 -8
leaf_value=-0.043735542490729945 -0.00077659755959719916 -0.021893132618423281 0.080357639939231729 0.029918393562519876 0.068307401661835049 -0.03314452810410972 0.096541969010763354
leaf_count=46437 6505 12030 273 2679 293 257 347
internal_value=0 -0.709383 -0.253051 0.491632 -0.353618 0.114654 0.992433
internal_count=68821 59033 12596 9788 12323 7109 604
shrinkage=0.05


Tree=20
num_leaves=8
num_cat=0
split_feature=6 2 6 5 1 5 3
split_gain=114.27 11.0637 7.80131 9.00207 7.65613 9.21631 13.4323
threshold=5.7500000000000009 25.050000000000004 5.5500000000000007 4.1867732558139545 1.5000000000000002 2.9926470588235294 75.833333333333357
decision_type=10 10 8 10 2 10 10
left_child=1 -1 -3 -4 -2 -6 -7
right_child=4 2 3 -5 5 6 -8
leaf_value=-0.043449277558569928 0.026656396103933777 -0.036410240402940129 -0.0027645920415664865 0.10097244477013352 -0.014706154853896645 -0.034745144856216735 0.11614566071234851
leaf_count=46437 7006 6562 5796 238 2538 126 118
internal_value=0 -0.698647 -0.241393 0.147233 0.458092 -0.0306713 1.14495
internal_count=68821 59033 12596 6034 9788 2782 244
shrinkage=0.05


Tree=21
num_leaves=8
num_cat=0
split_feature=6 2 6 5 6 2 4
split_gain=104.807 10.9838 7.42845 8.46405 7.0523 10.5456 11.1102
threshold=5.7500000000000009 25.050000000000004 5.5500000000000007 2.4919333853760084 6.4500000000000011 32.95000000000001 144.83333333333334
decision_type=10 10 8 8 10 10 10
left_child=1 -1 -3 -4 5 -2 -7
right_child=4 2 3 -5 -6 6 -8
leaf_value=-0.04315289768212463 0.0049716662707174741 -0.035928124524477856 -0.02670575841851899 0.032625271060233843 0.028835064432805171 0.107822390687714 -0.030945000293237174
leaf_count=46437 8133 6562 2701 3333 1383 200 72
internal_value=0 -0.687848 -0.231279 0.143277 0.427323 0.201176 1.42338
internal_count=68821 59033 12596 6034 9788 8405 272
shrinkage=0.05


Tree=22
num_leaves=8
num_cat=0
split_feature=6 2 6 5 1 5 5
split_gain=96.3346 10.8426 7.00393 7.69838 6.36437 8.29355 9.59034
threshold=5.7500000000000009 25.050000000000004 5.5500000000000007 4.1867732558139545 1.5000000000000002 1.3977883675464324 1.3135791630084872
decision_type=10 10 8 10 2 8 10
left_child=1 -1 -3 -4 5 6 -2
right_child=4 2 3 -5 -6 -7 -8
leaf_value=-0.042846181810743428 0.030397832269185101 -0.035437214969041821 -0.0029058882259747187 0.089738401747297358 -0.0021894166387875758 0.020482660983266687 0.13635509054435688
leaf_count=46437 391 6562 5796 238 2782 6482 133
internal_value=0 -0.677079 -0.223274 0.134949 0.399559 0.465894 1.30196
internal_count=68821 59033 12596 6034 9788 7006 524
shrinkage=0.05


Tree=23
num_leaves=8
num_cat=0
split_feature=6 6 2 2 5 5 5
split_gain=88.6824 8.48083 7.16809 7.09288 6.86779 7.69664 7.20458
threshold=5.6500000000000012 6.0500000000000007 25.050000000000004 24.150000000000002 1.3977883675464324 2.3660254208175888 1.3135791630084872
decision_type=10 10 10 10 8 10 10
left_child=2 3 -1 -2 6 -6 -3
right_child=1 4 -4 -5 5 -7 -8
leaf_value=-0.043176686820839916 -0.023638961703603412 0.031081056586868251 -0.015268591473666382 0.014854493691623411 0.0051067942933647869 0.027401835743295223 0.1223790839974916
leaf_count=43504 5958 253 11432 4387 1305 1922 60
internal_value=0 0.349524 -0.710909 -0.0284176 0.447031 0.3918 1.1731
internal_count=68821 13885 54936 10345 3540 3227 313
shrinkage=0.05


Tree=24
num_leaves=8
num_cat=0
split_feature=6 2 6 0 2 3 0
split_gain=81.9162 7.4791 11.7271 10.0993 7.12699 7.0234 6.74462
threshold=5.6500000000000012 27.350000000000005 7.5500000000000007 58.500000000000007 25.050000000000004 84.833333333333357 59.500000000000007
decision_type=10 10 10 2 10 10 2
left_child=4 2 3 5 -1 -2 -5
right_child=1 -3 -4 6 -6 -7 -8
leaf_value=-0.04287200313848924 -0.011060009726125542 0.02753722716236677 0.040840462634113561 0.085318766318663419 -0.0147484180663475 0.018058060338143205 0.014909738984542738
leaf_count=43504 7950 2897 187 258 11432 1881 712
internal_value=0 0.328181 0.18193 0.0513915 -0.700513 -0.0635753 0.78682
internal_count=68821 13885 10988 10801 54936 9831 970
shrinkage=0.05


end of trees

feature importances:
H25_a1c=64
H25_bmi=42
H25_lhrate=22
H25_dbp=12
H25_sex=11
H25_age=10
H25_dl=9
H25_sbp=4
H25_ht=1

parameters:
[boosting: gbdt]
[objective: binary]
[metric: binary]
[tree_learner: serial]
[device_type: cpu]
[data: ]
[valid: ]
[num_iterations: 100]
[learning_rate: 0.05]
[num_leaves: 8]
[num_threads: 0]
[max_depth: -1]
[min_data_in_leaf: 20]
[min_sum_hessian_in_leaf: 1]
[bagging_fraction: 0.4]
[bagging_freq: 0]
[bagging_seed: 3]
[feature_fraction: 0.9]
[feature_fraction_seed: 2]
[early_stopping_round: 0]
[max_delta_step: 0]
[lambda_l1: 0]
[lambda_l2: 1]
[min_gain_to_split: 0]
[drop_rate: 0.1]
[max_drop: 50]
[skip_drop: 0.5]
[xgboost_dart_mode: 0]
[uniform_drop: 0]
[drop_seed: 4]
[top_rate: 0.2]
[other_rate: 0.1]
[min_data_per_group: 100]
[max_cat_threshold: 32]
[cat_l2: 10]
[cat_smooth: 10]
[max_cat_to_onehot: 4]
[top_k: 20]
[monotone_constraints: ]
[feature_contri: ]
[forcedsplits_filename: ]
[refit_decay_rate: 0.9]
[verbosity: 0]
[max_bin: 255]
[min_data_in_bin: 3]
[bin_construct_sample_cnt: 200000]
[histogram_pool_size: -1]
[data_random_seed: 1]
[output_model: LightGBM_model.txt]
[snapshot_freq: -1]
[input_model: ]
[output_result: LightGBM_predict_result.txt]
[initscore_filename: ]
[valid_data_initscores: ]
[pre_partition: 0]
[enable_bundle: 1]
[max_conflict_rate: 0]
[is_enable_sparse: 1]
[sparse_threshold: 0.8]
[use_missing: 1]
[zero_as_missing: 0]
[two_round: 0]
[save_binary: 0]
[enable_load_from_binary_file: 1]
[header: 0]
[label_column: ]
[weight_column: ]
[group_column: ]
[ignore_column: ]
[categorical_feature: ]
[predict_raw_score: 0]
[predict_leaf_index: 0]
[predict_contrib: 0]
[num_iteration_predict: -1]
[pred_early_stop: 0]
[pred_early_stop_freq: 10]
[pred_early_stop_margin: 10]
[convert_model_language: ]
[convert_model: gbdt_prediction.cpp]
[num_class: 1]
[is_unbalance: 0]
[scale_pos_weight: 1]
[sigmoid: 1]
[boost_from_average: 1]
[reg_sqrt: 0]
[alpha: 0.9]
[fair_c: 1]
[poisson_max_delta_step: 0.7]
[tweedie_variance_power: 1.5]
[max_position: 20]
[label_gain: ]
[metric_freq: 1]
[is_provide_training_metric: 0]
[eval_at: ]
[num_machines: 1]
[local_listen_port: 12400]
[time_out: 120]
[machine_list_filename: ]
[machines: ]
[gpu_platform_id: -1]
[gpu_device_id: -1]
[gpu_use_dp: 0]

end of parameters

pandas_categorical:[]
