tree
version=v2
num_class=1
num_tree_per_iteration=1
label_index=0
max_feature_idx=8
objective=binary sigmoid:1
feature_names=H25_age H25_sex H25_bmi H25_dbp H25_sbp H25_lhrate H25_a1c H25_ht H25_dl
feature_infos=[18:74] [1:2] [0:65.599999999999994] [0:145] [0:228] [0.18181818181818185:8.8461538461538485] [2.7999999999999998:14.800000000000001] [0:1] [0:1]
tree_sizes=721 723 714 714 721 725 722 722 736 728 728 730 736 745 734 724 728 733 736 733 730 736 738 742 734

Tree=0
num_leaves=8
num_cat=0
split_feature=6 6 6 3 5 6 2
split_gain=5833.95 427.362 63.6385 21.9016 20.1462 15.4986 9.05258
threshold=6.5500000000000007 6.1500000000000012 5.9500000000000011 79.833333333333357 2.0264912280701757 5.7500000000000009 32.550000000000004
decision_type=10 10 10 10 10 10 10
left_child=1 2 5 -4 -3 6 -1
right_child=-2 4 3 -5 -6 -7 -8
leaf_value=-5.279298400183313 -3.8372410504431129 -5.1128394065956648 -5.2244017998745695 -5.0899072907074006 -4.8659844362698159 -5.2380777055758809 -5.2034009075661398
leaf_count=58380 1199 474 1235 932 1034 4936 631
internal_value=0 -0.57204 -0.745156 1.48867 6.25343 -0.82503 -0.886843
internal_count=68821 67622 66114 2167 1508 63947 59011
shrinkage=1


Tree=1
num_leaves=8
num_cat=0
split_feature=6 6 6 3 3 6 1
split_gain=1749.6 105.27 58.4128 19.636 16.8023 15.3192 12.8874
threshold=6.1500000000000012 7.4500000000000011 5.9500000000000011 97.833333333333357 78.833333333333357 5.7500000000000009 1.5000000000000002
decision_type=10 10 10 10 10 10 2
left_child=2 3 5 6 -4 -1 -2
right_child=1 -3 4 -5 -6 -7 -8
leaf_value=-0.044065372520536356 0.29398342412762707 0.49447350804060997 0.0055336043888039666 0.048877502568644982 0.11936019254427213 -0.003849731118454755 0.14027304932834742
leaf_count=59011 1752 391 1159 121 1008 4936 443
internal_value=0 6.56005 -0.735184 5.26291 1.33476 -0.81733 5.46853
internal_count=68821 2707 66114 2316 2167 63947 2195
shrinkage=0.05


Tree=2
num_leaves=8
num_cat=0
split_feature=6 6 6 0 0 2 2
split_gain=1212.73 54.107 45.2037 30.9433 34.627 25.3336 16.8087
threshold=6.1500000000000012 5.7500000000000009 6.7500000000000009 38.500000000000007 55.500000000000007 29.850000000000005 22.750000000000004
decision_type=10 10 10 2 2 8 8
left_child=1 -1 5 -4 -5 -2 -3
right_child=2 6 3 4 -6 -7 -8
leaf_value=-0.043779362484016267 0.12493266294720679 -0.023794147044467168 0.017118906568417361 0.33147686278639116 0.15606282274120753 0.27027190505190635 0.042889535511475396
leaf_count=59011 1498 2632 40 603 232 334 4471
internal_value=0 -0.725025 4.6139 5.59393 5.82868 3.28825 0.373739
internal_count=68821 66114 2707 875 835 1832 7103
shrinkage=0.05


Tree=3
num_leaves=8
num_cat=0
split_feature=6 6 6 8 3 0 0
split_gain=940.81 30.664 30.3114 23.0586 18.0771 17.7382 15.1177
threshold=6.0500000000000007 5.7500000000000009 6.7500000000000009 1.0000000180025095e-35 63.833333333333336 55.500000000000007 38.500000000000007
decision_type=10 10 10 2 10 2 2
left_child=1 -1 -2 4 -4 6 -6
right_child=2 -3 3 -5 5 -7 -8
leaf_value=-0.043483497545077548 0.12740131869231777 0.0065541334246958924 0.0087355963440637202 0.36825542972907033 0.019144472365584704 0.097641718439895886 0.22406332865412817
leaf_count=59011 2709 6226 42 58 37 200 538
internal_value=0 -0.758247 3.41602 4.13495 3.68079 3.848 4.30051
internal_count=68821 65237 3584 875 817 775 575
shrinkage=0.05


Tree=4
num_leaves=8
num_cat=0
split_feature=6 6 1 3 2 2 6
split_gain=759.683 29.8716 24.6483 14.6473 14.7756 14.3558 13.4846
threshold=6.0500000000000007 5.7500000000000009 1.5000000000000002 73.833333333333357 22.950000000000003 24.150000000000002 7.4500000000000011
decision_type=10 10 2 10 10 8 10
left_child=1 -1 6 -4 -5 -3 -2
right_child=2 5 3 4 -6 -7 -8
leaf_value=-0.043177524035829896 0.13100661525117069 -0.023990106291681995 -0.0063772972149162711 -0.02875898668347579 0.13962770570019067 0.038892876948113761 0.19564996446055516
leaf_count=59011 2493 3365 359 94 287 2861 351
internal_value=0 -0.748705 2.7954 1.24303 2.12433 0.123911 3.03648
internal_count=68821 65237 3584 740 381 6226 2844
shrinkage=0.05


Tree=5
num_leaves=8
num_cat=0
split_feature=6 1 5 3 2 6 0
split_gain=632.57 26.3228 15.6531 14.8378 13.8613 12.2013 11.8528
threshold=5.9500000000000011 1.5000000000000002 2.9009803921568631 75.833333333333357 32.550000000000004 5.7500000000000009 33.500000000000007
decision_type=10 2 10 10 10 10 2
left_child=4 6 -3 -4 5 -1 -2
right_child=1 2 3 -5 -6 -7 -8
leaf_value=-0.043981752531693299 -0.026019641912313315 0.013461247010600834 -0.0047437721251901831 0.21009031842410289 0.049854048382101675 -0.0076435656295988884 0.12414578899557976
leaf_count=58380 55 981 82 80 738 4829 3676
internal_value=0 2.21516 0.860966 2.72564 -0.785132 -0.811455 2.43839
internal_count=68821 4874 1143 162 63947 63209 3731
shrinkage=0.05


Tree=6
num_leaves=8
num_cat=0
split_feature=6 6 8 0 5 6 1
split_gain=536.98 23.0275 21.3112 16.498 16.7735 13.5087 13.2939
threshold=5.9500000000000011 6.3500000000000005 1.0000000180025095e-35 47.500000000000007 4.6493243243243247 5.7500000000000009 1.5000000000000002
decision_type=10 10 2 2 10 10 2
left_child=5 6 3 4 -3 -1 -2
right_child=1 2 -4 -5 -6 -7 -8
leaf_value=-0.042534464077534154 0.072900570121763805 0.13990782349846151 0.194190443030334 0.074853143793164933 -0.029169679325528792 -0.0046903602146458404 -0.0053165981299185478
leaf_count=59011 2266 557 180 955 27 4936 889
internal_value=0 1.90304 2.21793 1.97931 2.62249 -0.776295 1.1225
internal_count=68821 4874 1719 1539 584 63947 3155
shrinkage=0.05


Tree=7
num_leaves=8
num_cat=0
split_feature=6 6 2 2 4 4 6
split_gain=463.629 18.1061 15.6783 13.4229 12.0195 14.6262 11.9363
threshold=5.9500000000000011 6.7500000000000009 29.850000000000005 32.550000000000004 135.83333333333334 152.16666666666671 5.7500000000000009
decision_type=10 10 8 10 10 10 10
left_child=3 2 -2 6 -4 -6 -1
right_child=1 -3 4 -5 5 -7 -8
leaf_value=-0.043408137642432093 0.046555679555363237 0.10421757724312529 0.050646757958237525 0.048774155421510416 0.20464364603075946 0.011881153379627389 -0.0071366705575744973
leaf_count=58380 3413 875 320 738 189 77 4829
internal_value=0 1.6643 1.2279 -0.767254 2.26617 3.27457 -0.795427
internal_count=68821 4874 3999 63947 586 266 63209
shrinkage=0.05


Tree=8
num_leaves=8
num_cat=0
split_feature=6 8 2 6 3 8 2
split_gain=404.804 14.9708 13.2398 14.7467 11.6074 11.2273 10.0796
threshold=5.9500000000000011 1.0000000180025095e-35 25.050000000000004 5.5500000000000007 63.833333333333336 1.0000000180025095e-35 33.45000000000001
decision_type=10 2 8 8 10 2 8
left_child=2 4 -1 -4 -2 6 -5
right_child=1 -3 3 5 -6 -7 -8
leaf_value=-0.044375019051470781 -0.0045800786798238418 0.12290724056862244 -0.044554856634620221 -0.015105971380958302 0.069813658485767593 0.076847554795947196 0.08041177079193694
leaf_count=49252 382 604 6789 6621 3888 862 423
internal_value=0 1.47303 -0.757953 -0.336544 1.32023 0.104436 -0.120464
internal_count=68821 4874 63947 14695 4270 7906 7044
shrinkage=0.05


Tree=9
num_leaves=8
num_cat=0
split_feature=6 6 6 3 8 2 6
split_gain=355.37 13.8128 13.359 13.2714 13.0237 9.41411 10.7148
threshold=5.9500000000000011 6.1500000000000012 5.7500000000000009 92.833333333333357 1.0000000180025095e-35 31.650000000000002 5.5500000000000007
decision_type=10 10 10 8 2 10 10
left_child=2 3 5 -2 -3 -1 -7
right_child=1 4 -4 -5 -6 6 -8
leaf_value=-0.043010408794512303 0.0084892699135127453 0.064795716288906 -0.0030938765076000017 0.12550454387103305 0.12020149789190607 -0.025147715390773786 0.11588165745330165
leaf_count=58101 2000 2368 4936 167 339 675 235
internal_value=0 1.31102 -0.748386 0.502521 1.45037 -0.830174 0.563485
internal_count=68821 4874 63947 2167 2707 59011 910
shrinkage=0.05


Tree=10
num_leaves=8
num_cat=0
split_feature=6 2 6 6 2 8 8
split_gain=314.836 13.6208 14.373 12.077 10.9758 9.87623 9.7749
threshold=5.9500000000000011 25.050000000000004 5.5500000000000007 6.7500000000000009 29.850000000000005 1.0000000180025095e-35 1.0000000180025095e-35
decision_type=10 8 8 10 8 2 2
left_child=1 -1 -3 4 -2 -5 -4
right_child=3 2 6 5 -6 -7 -8
leaf_value=-0.043857431604523898 0.031582148079369952 -0.044056874874292287 -0.0045972428103982863 0.0661235396682507 0.081427196086898662 0.1349942315943343 0.071507164477828719
leaf_count=49252 3413 6789 7044 817 586 58 862
internal_value=0 -0.738579 -0.30308 1.17873 0.857876 1.48373 0.129126
internal_count=68821 63947 14695 4874 3999 875 7906
shrinkage=0.05


Tree=11
num_leaves=8
num_cat=0
split_feature=6 2 6 2 6 4 3
split_gain=280.727 13.5629 13.7584 10.4745 18.3649 11.052 9.98971
threshold=5.9500000000000011 25.050000000000004 5.5500000000000007 27.350000000000005 7.4500000000000011 162.83333333333334 83.833333333333357
decision_type=10 8 8 8 10 10 10
left_child=1 -1 -3 4 6 -5 -2
right_child=3 2 -4 5 -6 -7 -8
leaf_value=-0.043570106103288993 0.013821698193190136 -0.04378760291032182 0.0061884028752991179 0.075151671896720826 0.082513961037413153 -0.023962791990576035 0.055337611755031116
leaf_count=49252 2287 6789 7906 1465 216 73 833
internal_value=0 -0.728633 -0.292455 1.06732 0.828669 1.40794 0.557742
internal_count=68821 63947 14695 4874 3336 1538 3120
shrinkage=0.05


Tree=12
num_leaves=8
num_cat=0
split_feature=6 1 4 5 2 6 2
split_gain=251.265 15.7818 12.903 11.0285 10.4264 7.39975 7.94746
threshold=5.8500000000000005 1.5000000000000002 135.83333333333334 2.6526175687666376 32.550000000000004 5.6500000000000012 25.050000000000004
decision_type=10 2 10 10 10 8 10
left_child=4 -2 -3 -4 5 -1 -7
right_child=1 2 3 -5 -6 6 -8
leaf_value=-0.046985373975903529 0.052228292656181396 -0.018584405922353577 0.012264385072973893 0.13637707795269075 0.040265168018090519 -0.036446283107424843 -0.00026337963773284434
leaf_count=39692 5063 1430 278 92 687 16252 5327
internal_value=0 0.916195 0.138874 1.16608 -0.758508 -0.789167 -0.527952
internal_count=68821 6863 1800 370 61958 61271 21579
shrinkage=0.05


Tree=13
num_leaves=8
num_cat=0
split_feature=6 6 2 2 8 6 2
split_gain=226.535 13.9148 11.6821 9.87864 8.43331 7.50253 7.65557
threshold=5.8500000000000005 6.1500000000000012 22.750000000000004 32.550000000000004 1.0000000180025095e-35 5.6500000000000012 25.050000000000004
decision_type=10 10 8 10 2 8 10
left_child=3 2 -2 5 -3 -1 -7
right_child=1 4 -4 -5 -6 6 -8
leaf_value=-0.046827712171093688 -0.034867809522715613 0.043509418260639796 0.029986058559051357 0.037496405494205062 0.082486090092907013 -0.035943986426052808 -0.00025087426976658651
leaf_count=39692 1397 2368 2759 687 339 16252 5327
internal_value=0 0.837429 0.242543 -0.749086 0.980838 -0.780599 -0.515535
internal_count=68821 6863 4156 61958 2707 61271 21579
shrinkage=0.05


Tree=14
num_leaves=8
num_cat=0
split_feature=6 6 2 2 0 5 2
split_gain=204.84 11.5937 10.5595 9.74073 12.2012 8.41672 7.62772
threshold=5.8500000000000005 6.1500000000000012 22.750000000000004 25.050000000000004 57.500000000000007 4.6493243243243247 30.550000000000004
decision_type=10 10 8 10 2 8 8
left_child=3 2 -2 -1 5 -5 -3
right_child=1 6 -4 4 -6 -7 -8
leaf_value=-0.043496190755184662 -0.034372260705021557 0.03812815327547521 0.027732542557897158 -0.027537875883911812 0.080828444459683763 0.066696689089580527 0.068324563495797672
leaf_count=48406 1397 2256 2759 12540 583 429 451
internal_value=0 0.768149 0.226981 -0.739444 -0.333992 -0.456963 0.895058
internal_count=68821 6863 4156 61958 13552 12969 2707
shrinkage=0.05


Tree=15
num_leaves=8
num_cat=0
split_feature=6 1 6 5 5 3 6
split_gain=185.83 16.5598 10.527 9.73378 9.12985 10.4105 7.71822
threshold=5.7500000000000009 1.5000000000000002 6.2500000000000009 4.6493243243243247 2.7549095109742017 75.833333333333357 7.4500000000000011
decision_type=10 2 10 10 10 10 10
left_child=3 6 -3 -1 -4 -6 -2
right_child=1 2 4 -5 5 -7 -8
leaf_value=-0.0403427485667247 0.032180170499970469 -0.031088180065263944 0.00099093668677341547 0.07333297173005128 -0.012801049727785284 0.13832106645481507 0.058302806255565179
leaf_count=58699 6670 2442 269 312 39 39 351
internal_value=0 0.654959 -0.0491617 -0.784428 0.557496 1.71239 0.778019
internal_count=68821 9810 2789 59011 347 78 7021
shrinkage=0.05


Tree=16
num_leaves=8
num_cat=0
split_feature=6 6 1 5 2 6 2
split_gain=169.784 14.272 11.5215 9.21693 7.0006 6.22424 5.99903
threshold=5.7500000000000009 6.1500000000000012 1.5000000000000002 4.6493243243243247 31.650000000000002 5.5500000000000007 30.550000000000004
decision_type=10 10 2 10 10 10 8
left_child=3 2 -2 4 -1 -6 -3
right_child=1 6 -4 -5 5 -7 -8
leaf_value=-0.041587933983574951 0.020458479761551424 0.032261318598906373 -0.034663530463443219 0.06877737690513136 -0.0225321808306982 0.085256472442796466 0.057910551328248919
leaf_count=57817 4812 2256 2291 312 651 231 451
internal_value=0 0.606412 0.126258 -0.775594 -0.798766 0.443822 0.759291
internal_count=68821 9810 7103 59011 58699 882 2707
shrinkage=0.05


Tree=17
num_leaves=8
num_cat=0
split_feature=6 1 4 2 7 3 6
split_gain=155.203 12.5075 9.59202 8.82989 8.28633 9.08221 8.26823
threshold=5.7500000000000009 1.5000000000000002 135.83333333333334 31.650000000000002 1.0000000180025095e-35 93.250000000000014 5.5500000000000007
decision_type=10 2 10 10 2 8 10
left_child=3 4 -3 -1 -2 -6 -5
right_child=1 2 -4 6 5 -7 -8
leaf_value=-0.04030078491414902 0.029389752107762342 -0.022210470402255576 0.037741788092866699 -0.023091774488968538 0.087090293898404891 -0.005538917318425535 0.098952251850209241
leaf_count=58101 6425 2265 524 675 483 113 235
internal_value=0 0.561881 -0.0527187 -0.766455 0.663032 1.36389 0.582752
internal_count=68821 9810 2789 59011 7021 596 910
shrinkage=0.05


Tree=18
num_leaves=8
num_cat=0
split_feature=6 6 1 5 2 5 2
split_gain=142.161 11.6591 9.65075 8.87872 6.57873 5.30025 7.15986
threshold=5.7500000000000009 6.1500000000000012 1.5000000000000002 4.6493243243243247 31.650000000000002 2.6810052420598218 28.150000000000002
decision_type=10 10 2 10 10 10 8
left_child=3 2 5 4 -1 6 -2
right_child=1 -3 -4 -5 -6 -7 -8
leaf_value=-0.040856627909417749 0.016085571016151875 0.032748094496666595 -0.034006586055021805 0.066700721345968716 0.020327787969786536 -0.0044551766022647614 0.08467582178124422
leaf_count=57817 2441 2707 2291 312 882 1957 414
internal_value=0 0.521683 0.0933907 -0.757149 -0.782004 0.337491 0.655859
internal_count=68821 9810 7103 59011 58699 4812 2855
shrinkage=0.05


Tree=19
num_leaves=8
num_cat=0
split_feature=6 6 1 5 2 8 2
split_gain=130.382 9.95966 8.91264 8.4022 6.33791 6.24103 5.56265
threshold=5.7500000000000009 6.1500000000000012 1.5000000000000002 4.6493243243243247 31.650000000000002 1.0000000180025095e-35 30.450000000000003
decision_type=10 10 2 10 10 2 8
left_child=3 2 -2 4 -1 -3 -7
right_child=1 5 -4 -5 -6 6 -8
leaf_value=-0.040469721459370084 0.015902672446079649 0.026116338576595184 -0.033487636065321805 0.062583005668890732 0.019196410443128472 0.036777084995041884 0.098159360743549376
leaf_count=57817 4812 2368 2291 312 882 274 65
internal_value=0 0.485368 0.0891623 -0.747585 -0.773205 0.605916 1.11424
internal_count=68821 9810 7103 59011 58699 2707 339
shrinkage=0.05


Tree=20
num_leaves=8
num_cat=0
split_feature=6 6 2 8 1 0 0
split_gain=119.79 9.2331 8.55662 9.29872 8.12748 9.05931 8.69672
threshold=5.7500000000000009 6.7500000000000009 25.050000000000004 1.0000000180025095e-35 1.5000000000000002 58.500000000000007 59.500000000000007
decision_type=10 10 10 2 2 2 2
left_child=2 4 -1 -4 5 -2 -7
right_child=1 -3 3 -5 -6 6 -8
leaf_value=-0.043959845710549547 0.013478881251353929 0.034164820702603453 -0.0235022630182216 0.055492929339214674 -0.01536963120496705 0.11237922610160092 0.018833587999035731
leaf_count=46429 5673 875 11534 1048 2688 190 384
internal_value=0 0.452742 -0.737791 -0.292022 0.261692 0.380508 1.24061
internal_count=68821 9810 59011 12582 8935 6247 574
shrinkage=0.05


Tree=21
num_leaves=8
num_cat=0
split_feature=6 2 6 2 6 4 5
split_gain=110.244 8.53362 9.02578 8.03992 13.1208 7.34024 6.96086
threshold=5.7500000000000009 25.050000000000004 5.5500000000000007 27.350000000000005 7.4500000000000011 162.16666666666671 4.1058230683090713
decision_type=10 10 8 8 10 8 10
left_child=1 -1 -3 4 -2 -5 -4
right_child=3 2 6 5 -6 -7 -8
leaf_value=-0.043682450405502865 0.0049299166596807886 -0.040985131956590821 -0.00062661543010311324 0.03615786904311058 0.043383955043935239 -0.031253627679559415 0.097065097745333853
leaf_count=46429 7141 6563 5739 2345 216 108 280
internal_value=0 -0.727877 -0.281125 0.423172 0.264372 0.661131 0.19414
internal_count=68821 59011 12582 9810 7357 2453 6019
shrinkage=0.05


Tree=22
num_leaves=8
num_cat=0
split_feature=6 2 6 1 5 3 7
split_gain=101.426 8.50781 8.63479 7.43835 8.33546 7.1702 6.25828
threshold=5.7500000000000009 25.050000000000004 5.5500000000000007 1.5000000000000002 2.9009803921568631 75.833333333333357 1.0000000180025095e-35
decision_type=10 10 8 2 8 10 2
left_child=1 -1 -3 6 -5 -6 -2
right_child=3 2 -4 4 5 -7 -8
leaf_value=-0.043395126210838277 0.020237623215866064 -0.04062418283447275 0.0094134717023721878 -0.017155267873905481 -0.020183131900712022 0.084161138505581629 0.051485092364581889
leaf_count=46429 6425 6563 6019 2502 147 140 596
internal_value=0 -0.717704 -0.270054 0.395416 -0.0765392 0.934175 0.466392
internal_count=68821 59011 12582 9810 2789 287 7021
shrinkage=0.05


Tree=23
num_leaves=8
num_cat=0
split_feature=6 2 8 6 5 1 8
split_gain=93.4924 8.43282 8.40535 7.15 5.90335 5.74591 4.9722
threshold=5.7500000000000009 25.050000000000004 1.0000000180025095e-35 6.0500000000000007 4.6493243243243247 1.5000000000000002 1.0000000180025095e-35
decision_type=10 10 2 10 8 2 2
left_child=1 -1 4 5 -3 -2 -5
right_child=3 2 -4 6 -6 -7 -8
leaf_value=-0.043097653819340997 0.0094589578389427664 -0.027676625707739252 0.05217087535854012 0.019189761458417755 0.055899617031558206 -0.03463824302915354 0.043522491230193243
leaf_count=46429 4177 11164 1048 3143 370 2049 441
internal_value=0 -0.707506 -0.261017 0.370065 -0.441728 -0.0166137 0.452352
internal_count=68821 59011 12582 9810 11534 6226 3584
shrinkage=0.05


Tree=24
num_leaves=8
num_cat=0
split_feature=6 2 6 6 8 3 5
split_gain=86.0988 8.39778 8.23003 6.82176 6.1538 7.29896 6.03744
threshold=5.7500000000000009 25.050000000000004 5.5500000000000007 6.7500000000000009 1.0000000180025095e-35 91.833333333333357 3.8415071770334936
decision_type=10 10 8 10 2 10 10
left_child=1 -1 -3 -2 5 -5 -4
right_child=3 2 6 4 -6 -7 -8
leaf_value=-0.042789824004417408 0.0093362214637587974 -0.040067336916169212 -0.0016865453989854931 0.016163043686334363 0.063400041578253172 0.055164708834773583 0.078629821884190501
leaf_count=46429 8935 6563 5558 703 58 114 461
internal_value=0 -0.69684 -0.249808 0.346473 0.536733 0.447847 0.19126
internal_count=68821 59011 12582 9810 875 817 6019
shrinkage=0.05


end of trees

feature importances:
H25_a1c=68
H25_bmi=36
H25_lhrate=15
H25_sex=13
H25_dbp=13
H25_dl=13
H25_age=9
H25_sbp=6
H25_ht=2

parameters:
[boosting: gbdt]
[objective: binary]
[metric: binary]
[tree_learner: serial]
[device_type: cpu]
[data: ]
[valid: ]
[num_iterations: 100]
[learning_rate: 0.05]
[num_leaves: 8]
[num_threads: 0]
[max_depth: -1]
[min_data_in_leaf: 20]
[min_sum_hessian_in_leaf: 1]
[bagging_fraction: 0.4]
[bagging_freq: 0]
[bagging_seed: 3]
[feature_fraction: 0.9]
[feature_fraction_seed: 2]
[early_stopping_round: 0]
[max_delta_step: 0]
[lambda_l1: 0]
[lambda_l2: 1]
[min_gain_to_split: 0]
[drop_rate: 0.1]
[max_drop: 50]
[skip_drop: 0.5]
[xgboost_dart_mode: 0]
[uniform_drop: 0]
[drop_seed: 4]
[top_rate: 0.2]
[other_rate: 0.1]
[min_data_per_group: 100]
[max_cat_threshold: 32]
[cat_l2: 10]
[cat_smooth: 10]
[max_cat_to_onehot: 4]
[top_k: 20]
[monotone_constraints: ]
[feature_contri: ]
[forcedsplits_filename: ]
[refit_decay_rate: 0.9]
[verbosity: 0]
[max_bin: 255]
[min_data_in_bin: 3]
[bin_construct_sample_cnt: 200000]
[histogram_pool_size: -1]
[data_random_seed: 1]
[output_model: LightGBM_model.txt]
[snapshot_freq: -1]
[input_model: ]
[output_result: LightGBM_predict_result.txt]
[initscore_filename: ]
[valid_data_initscores: ]
[pre_partition: 0]
[enable_bundle: 1]
[max_conflict_rate: 0]
[is_enable_sparse: 1]
[sparse_threshold: 0.8]
[use_missing: 1]
[zero_as_missing: 0]
[two_round: 0]
[save_binary: 0]
[enable_load_from_binary_file: 1]
[header: 0]
[label_column: ]
[weight_column: ]
[group_column: ]
[ignore_column: ]
[categorical_feature: ]
[predict_raw_score: 0]
[predict_leaf_index: 0]
[predict_contrib: 0]
[num_iteration_predict: -1]
[pred_early_stop: 0]
[pred_early_stop_freq: 10]
[pred_early_stop_margin: 10]
[convert_model_language: ]
[convert_model: gbdt_prediction.cpp]
[num_class: 1]
[is_unbalance: 0]
[scale_pos_weight: 1]
[sigmoid: 1]
[boost_from_average: 1]
[reg_sqrt: 0]
[alpha: 0.9]
[fair_c: 1]
[poisson_max_delta_step: 0.7]
[tweedie_variance_power: 1.5]
[max_position: 20]
[label_gain: ]
[metric_freq: 1]
[is_provide_training_metric: 0]
[eval_at: ]
[num_machines: 1]
[local_listen_port: 12400]
[time_out: 120]
[machine_list_filename: ]
[machines: ]
[gpu_platform_id: -1]
[gpu_device_id: -1]
[gpu_use_dp: 0]

end of parameters

pandas_categorical:[]
