tree
version=v2
num_class=1
num_tree_per_iteration=1
label_index=0
max_feature_idx=8
objective=binary sigmoid:1
feature_names=H25_age H25_sex H25_bmi H25_dbp H25_sbp H25_lhrate H25_a1c H25_ht H25_dl
feature_infos=[18:74] [1:2] [0:65.599999999999994] [0:169] [0:238] [0.24468085106382975:8.8461538461538485] [2.7999999999999998:14.800000000000001] [0:1] [0:1]
tree_sizes=716 720 717 724 724 726 726 721 729 723 729 735 734 726 730 722 729 723 731 736 730 733 734 728 738

Tree=0
num_leaves=8
num_cat=0
split_feature=6 6 6 2 5 2 0
split_gain=5678.2 378.883 59.6195 28.9701 12.7544 11.9327 10.2869
threshold=6.5500000000000007 6.1500000000000012 5.7500000000000009 24.550000000000004 1.9623820754716983 34.650000000000013 50.500000000000007
decision_type=10 10 10 8 10 10 2
left_child=1 2 5 -4 6 -1 -3
right_child=-2 4 3 -5 -6 -7 -8
leaf_value=-5.2810884576152199 -3.850511114617662 -5.2403566873715208 -5.2528286332040413 -5.1660546780461019 -4.9021610029988683 -5.1689146053406683 -5.0585251233514521
leaf_count=58718 1186 218 3976 3109 1094 293 226
internal_value=0 -0.562521 -0.72716 0.457899 5.81467 -0.870455 2.29367
internal_count=68820 67634 66096 7085 1538 59011 444
shrinkage=1


Tree=1
num_leaves=8
num_cat=0
split_feature=6 6 6 1 1 3 3
split_gain=1686.53 114.425 57.0594 54.1869 21.1687 17.0889 11.794
threshold=6.1500000000000012 6.7500000000000009 5.7500000000000009 1.5000000000000002 1.5000000000000002 91.583333333333357 95.250000000000014
decision_type=10 10 10 2 2 8 8
left_child=2 3 -1 6 5 -4 -2
right_child=1 -3 4 -5 -6 -7 -8
leaf_value=-0.043214351339542351 0.26572638734875537 0.41701870725338436 0.028634022125066189 0.020082259511814061 -0.031315243601590076 0.1448617161759162 0.044708868810149266
leaf_count=59011 1339 873 4265 395 2302 518 117
internal_value=0 6.50681 -0.716817 4.22409 0.425759 0.925865 5.04321
internal_count=68820 2724 66096 1851 7085 4783 1456
shrinkage=0.05


Tree=2
num_leaves=8
num_cat=0
split_feature=6 6 6 2 0 0 2
split_gain=1162.67 56.0379 34.0117 26.8888 22.2345 13.9405 13.5337
threshold=6.0500000000000007 6.7500000000000009 5.7500000000000009 25.750000000000004 38.500000000000007 55.500000000000007 20.450000000000003
decision_type=10 10 10 8 2 2 10
left_child=2 6 -1 -4 -3 -6 -2
right_child=1 4 3 -5 5 -7 -8
leaf_value=-0.042896949081366473 0.016804308332189859 0.021982971058039945 -0.021086862362505104 0.070673353887840101 0.30845757212724767 0.16910837857487693 0.16210914602889931
leaf_count=59011 257 35 4320 1889 609 229 2470
internal_value=0 4.30768 -0.745441 0.19512 5.38267 5.56463 3.0392
internal_count=68820 3600 65220 6209 873 838 2727
shrinkage=0.05


Tree=3
num_leaves=8
num_cat=0
split_feature=6 6 6 2 2 2 2
split_gain=894.438 32.9985 26.6902 23.1355 13.4063 14.979 12.2709
threshold=6.0500000000000007 5.7500000000000009 6.7500000000000009 25.750000000000004 29.650000000000002 28.850000000000005 33.45000000000001
decision_type=10 10 10 8 10 8 10
left_child=1 6 4 -3 5 -2 -1
right_child=2 3 -4 -5 -6 -7 -8
leaf_value=-0.043608515459951841 0.11081843208019249 -0.020492391340660984 0.20115905725751665 0.063134257098912405 0.19529816133352032 -0.031236186022485082 0.056482380939573355
leaf_count=58552 2105 4320 873 1889 479 143 459
internal_value=0 -0.735568 3.36008 0.184161 2.50046 2.00825 -0.85138
internal_count=68820 65220 3600 6209 2727 2248 59011
shrinkage=0.05


Tree=4
num_leaves=8
num_cat=0
split_feature=6 1 6 2 3 2 2
split_gain=718.866 47.7881 32.0017 20.0342 18.2841 11.6237 10.607
threshold=6.0500000000000007 1.5000000000000002 5.7500000000000009 25.750000000000004 74.833333333333357 33.45000000000001 24.550000000000004
decision_type=10 2 10 8 10 10 10
left_child=2 -2 5 -4 -3 -1 -6
right_child=1 4 3 -5 6 -7 -8
leaf_value=-0.043307176238900368 0.1529843208566003 -0.034049003448075786 -0.019903789588014018 0.05676744362652289 -0.012980223029480648 0.052369615675791764 0.12746703491813435
leaf_count=58552 2863 392 4320 1889 116 459 229
internal_value=0 2.74004 -0.725441 0.173854 0.660819 -0.844582 1.79012
internal_count=68820 3600 65220 6209 737 59011 345
shrinkage=0.05


Tree=5
num_leaves=8
num_cat=0
split_feature=6 1 6 2 3 8 3
split_gain=592.275 31.1582 31.0228 17.8426 15.7135 11.9934 11.1672
threshold=6.0500000000000007 1.5000000000000002 5.7500000000000009 25.050000000000004 74.833333333333357 1.0000000180025095e-35 90.833333333333357
decision_type=10 2 10 8 10 2 10
left_child=2 5 -1 -4 -3 6 -2
right_child=1 4 3 -5 -6 -7 -8
leaf_value=-0.041878273815919707 0.10284903121204636 -0.03354562914654774 -0.023290791748572359 0.046691028216558211 0.079990946389487616 0.19307939415753847 0.16886826348250841
leaf_count=59011 2123 392 3912 2297 345 357 383
internal_value=0 2.29172 -0.715105 0.164161 0.615613 2.52159 2.31158
internal_count=68820 3600 65220 6209 737 2863 2506
shrinkage=0.05


Tree=6
num_leaves=8
num_cat=0
split_feature=6 1 2 6 3 2 2
split_gain=506.057 30.1987 18.9021 17.3667 15.4155 11.5901 15.8641
threshold=5.9500000000000011 1.5000000000000002 25.450000000000003 5.7500000000000009 74.833333333333357 29.550000000000004 29.150000000000002
decision_type=10 2 8 8 10 10 8
left_child=2 5 -1 -4 -3 6 -2
right_child=1 4 3 -5 -6 -7 -8
leaf_value=-0.044088904882677762 0.095369965961884864 -0.036251969085622428 -0.034197348519525328 0.020928398182443662 0.066291708981879569 0.13994345829752053 -0.034508396357034628
leaf_count=51285 2937 650 8094 4546 484 727 97
internal_value=0 1.87695 -0.74446 -0.228082 0.412078 2.08616 1.82139
internal_count=68820 4895 63925 12640 1134 3761 3034
shrinkage=0.05


Tree=7
num_leaves=8
num_cat=0
split_feature=6 1 2 6 3 5 6
split_gain=435.389 22.194 18.7352 16.1206 13.5412 11.2235 10.7945
threshold=5.9500000000000011 1.5000000000000002 25.450000000000003 5.7500000000000009 74.833333333333357 3.0458041958041964 7.0500000000000007
decision_type=10 2 8 8 10 10 10
left_child=2 6 -1 -4 -3 -6 -2
right_child=1 4 3 -5 5 -7 -8
leaf_value=-0.043807750909237761 0.075039147014520399 -0.035777572329681963 -0.033654775576080979 0.01952259817416566 0.02287843892932449 0.16044549067338154 0.11439650419854748
leaf_count=51285 3232 650 8094 4546 415 69 529
internal_value=0 1.63753 -0.73465 -0.219675 0.385352 1.19885 1.80341
internal_count=68820 4895 63925 12640 1134 484 3761
shrinkage=0.05


Tree=8
num_leaves=8
num_cat=0
split_feature=6 2 6 6 3 8 6
split_gain=379.617 18.5479 17.4126 14.9705 13.8516 10.6759 10.0764
threshold=5.9500000000000011 25.450000000000003 6.1500000000000012 5.7500000000000009 92.833333333333357 1.0000000180025095e-35 9.3500000000000032
decision_type=10 8 10 8 10 2 10
left_child=1 -1 4 -3 -2 6 -4
right_child=2 3 5 -5 -6 -7 -8
leaf_value=-0.043516746234170518 0.006182451020217701 -0.033103950747839908 0.066781361119428145 0.018235215549396538 0.12696244334563142 0.12953982942437081 0.13215238168871568
leaf_count=51285 1998 8094 2289 4546 173 337 98
internal_value=0 -0.724625 1.44905 -0.211507 0.496408 1.61069 1.46404
internal_count=68820 63925 4895 12640 2171 2724 2387
shrinkage=0.05


Tree=9
num_leaves=8
num_cat=0
split_feature=6 2 1 6 4 5 0
split_gain=334.391 18.3406 14.9088 13.907 11.5559 9.31854 8.4213
threshold=5.9500000000000011 25.450000000000003 1.5000000000000002 5.7500000000000009 135.83333333333334 2.7558265582655825 47.500000000000007
decision_type=10 8 2 8 10 10 2
left_child=1 -1 6 -3 -4 -6 -2
right_child=2 3 4 -5 5 -7 -8
leaf_value=-0.043215645239399018 0.089082403228130685 -0.032545329989881376 -0.017451242977250821 0.017053301121804788 0.015632507277946055 0.15247971595594212 0.057999024848718696
leaf_count=51285 1437 8094 882 4546 199 53 2324
internal_value=0 -0.71439 1.29636 -0.203578 0.300216 1.43317 1.41882
internal_count=68820 63925 4895 12640 1134 252 3761
shrinkage=0.05


Tree=10
num_leaves=8
num_cat=0
split_feature=6 6 2 2 2 0 0
split_gain=295.907 21.2399 13.8306 13.51 9.08196 7.7506 12.2717
threshold=5.8500000000000005 6.1500000000000012 34.650000000000013 22.750000000000004 25.450000000000003 38.500000000000007 47.500000000000007
decision_type=10 10 10 8 10 2 2
left_child=2 3 4 -2 -1 -3 -7
right_child=1 5 -4 -5 -6 6 -8
leaf_value=-0.043882545179867005 -0.038456838961805351 -0.0074093061714086486 0.075901600179238637 0.035613503154886088 -0.018339469020007361 0.08903776089055962 0.052416772002850102
leaf_count=50343 1428 82 327 2738 11260 930 1712
internal_value=0 1.09326 -0.747723 0.327114 -0.772809 1.29013 1.33623
internal_count=68820 6890 61930 4166 61603 2724 2642
shrinkage=0.05


Tree=11
num_leaves=8
num_cat=0
split_feature=6 6 2 1 0 8 6
split_gain=264.187 17.4797 13.6192 11.0475 13.5329 10.3185 9.65511
threshold=5.8500000000000005 6.3500000000000005 25.450000000000003 1.5000000000000002 58.500000000000007 1.0000000180025095e-35 5.6500000000000012
decision_type=10 10 10 2 2 2 8
left_child=2 3 -1 4 5 -2 -4
right_child=1 -3 6 -5 -6 -7 -8
leaf_value=-0.043596496201955853 0.012090156211412776 0.061619170847624416 -0.034274511931043292 -0.021932553023891688 0.1155126819713348 0.080510026416360569 0.010212239955595248
leaf_count=50343 2828 1707 6789 1566 345 444 4798
internal_value=0 0.990141 -0.73793 0.494076 0.719426 0.497057 -0.256511
internal_count=68820 6890 61930 5183 3617 3272 11587
shrinkage=0.05


Tree=12
num_leaves=8
num_cat=0
split_feature=6 1 2 3 5 5 8
split_gain=237.339 14.3255 13.5087 11.2176 9.27095 8.49408 8.24001
threshold=5.8500000000000005 1.5000000000000002 25.450000000000003 74.833333333333357 4.4486842105263174 3.0458041958041964 1.0000000180025095e-35
decision_type=10 2 10 10 10 10 2
left_child=2 6 -1 -3 -4 -5 -2
right_child=1 3 4 5 -6 -7 -8
leaf_value=-0.043300403215741204 0.04538702773613415 -0.039446788716962833 -0.01682615019266771 0.010277916625277647 0.089902810088014679 0.11285101645607694 0.084313833146711939
leaf_count=50343 4440 1084 11320 645 267 88 633
internal_value=0 0.902867 -0.728028 0.0642317 -0.247455 0.715651 1.01226
internal_count=68820 6890 61930 1817 11587 733 5073
shrinkage=0.05


Tree=13
num_leaves=8
num_cat=0
split_feature=6 6 2 2 5 5 6
split_gain=215.42 20.7091 11.401 9.24094 8.87219 7.26679 6.27995
threshold=5.7500000000000009 6.1500000000000012 33.45000000000001 22.250000000000004 1.3948992852501625 4.4486842105263174 5.5500000000000007
decision_type=10 10 10 8 10 10 8
left_child=2 3 5 -2 -5 -1 -4
right_child=1 -3 6 4 -6 -7 -8
leaf_value=-0.041349760967951871 -0.031752824159660041 0.048405014320861472 -0.025555325558652406 0.10526132331300578 0.01332671425909601 0.046882282705739554 0.10436355043593236
leaf_count=58098 2264 2724 222 311 4510 454 237
internal_value=0 0.765276 -0.776812 0.183482 0.416857 -0.806687 1.11729
internal_count=68820 9809 59011 7085 4821 58552 459
shrinkage=0.05


Tree=14
num_leaves=8
num_cat=0
split_feature=6 6 2 3 3 5 5
split_gain=195.575 17.1352 10.8224 9.43133 6.94714 6.93565 6.79524
threshold=5.7500000000000009 6.1500000000000012 33.45000000000001 91.583333333333357 100.83333333333336 4.4486842105263174 2.0522898154477107
decision_type=10 10 10 8 10 10 10
left_child=2 3 5 -2 6 -1 -5
right_child=1 -3 -4 4 -6 -7 -8
leaf_value=-0.04097601634402414 -0.00018930637268168462 0.044133141038030142 0.052382535158652654 -0.0063607022863127445 -0.027180663245643458 0.044127140570202318 0.1211224936330072
leaf_count=58098 6478 2724 459 166 129 454 312
internal_value=0 0.704033 -0.767706 0.174448 1.29156 -0.798529 1.79102
internal_count=68820 9809 59011 7085 607 58552 478
shrinkage=0.05


Tree=15
num_leaves=8
num_cat=0
split_feature=6 6 0 2 2 0 3
split_gain=177.995 14.5857 12.1118 10.209 10.0855 8.12857 7.3954
threshold=5.7500000000000009 6.3500000000000005 58.500000000000007 33.45000000000001 22.950000000000003 59.500000000000007 83.833333333333357
decision_type=10 10 2 10 10 2 10
left_child=3 2 -2 -1 -4 -6 -3
right_child=1 6 4 -5 5 -7 -8
leaf_value=-0.039506794315744144 0.0068307228467763357 0.031915702329187688 -0.016576100443564303 0.048653898048868077 0.18243096192082309 0.041860744602653981 0.058449122081364484
leaf_count=58552 7384 1055 300 459 117 301 652
internal_value=0 0.649543 0.282466 -0.75839 1.47268 2.15253 0.864225
internal_count=68820 9809 8102 59011 718 418 1707
shrinkage=0.05


Tree=16
num_leaves=8
num_cat=0
split_feature=6 1 2 3 7 5 0
split_gain=162.655 13.2882 9.64276 9.01908 7.45633 11.7055 11.3491
threshold=5.7500000000000009 1.5000000000000002 33.45000000000001 74.833333333333357 1.0000000180025095e-35 2.6526175687666376 46.500000000000007
decision_type=10 2 10 10 2 8 2
left_child=2 4 -1 -3 -2 -6 -7
right_child=1 3 -4 -5 5 6 -8
leaf_value=-0.039077566801904481 0.031277186002467885 -0.037679267949607784 0.045265985526675448 0.022057571701202542 0.10586218009693552 0.077673103348226247 -0.03364472676078839
leaf_count=58552 6391 1736 459 1056 377 87 162
internal_value=0 0.602376 -0.748892 -0.0970633 0.700271 1.35595 0.362093
internal_count=68820 9809 59011 2792 7017 626 249
shrinkage=0.05


Tree=17
num_leaves=8
num_cat=0
split_feature=6 6 1 0 0 2 8
split_gain=148.622 12.2558 12.9241 10.9471 10.4459 9.11777 9.10933
threshold=5.7500000000000009 6.7500000000000009 1.5000000000000002 58.500000000000007 59.500000000000007 33.45000000000001 1.0000000180025095e-35
decision_type=10 10 2 2 2 10 2
left_child=5 2 3 -2 -5 -1 -3
right_child=1 6 -4 4 -6 -7 -8
leaf_value=-0.03863663449934699 0.01709841159116874 0.035974613488152195 -0.022740355011770481 0.12342619679478831 0.022907407935585145 0.042180495182629847 0.092878349678975847
leaf_count=58552 5655 811 2697 189 395 459 62
internal_value=0 0.558311 0.328308 0.476518 1.39391 -0.739166 0.83348
internal_count=68820 9809 8936 6239 584 59011 873
shrinkage=0.05


Tree=18
num_leaves=8
num_cat=0
split_feature=6 6 5 3 2 2 6
split_gain=136.215 10.5159 9.92081 7.43979 6.41315 5.97218 5.57388
threshold=5.7500000000000009 6.1500000000000012 4.4486842105263174 91.833333333333357 33.45000000000001 33.150000000000013 10.050000000000002
decision_type=10 10 10 10 10 8 10
left_child=2 3 4 5 -1 -2 -3
right_child=1 6 -4 -5 -6 -7 -8
leaf_value=-0.03940134930659827 -0.0071363750068309615 0.029847884132414144 0.061503986087004747 0.052378106945666247 0.029647287353239338 0.06577204056346829 0.07306679276686226
leaf_count=58098 6281 2655 475 607 438 197 69
internal_value=0 0.519875 -0.729214 0.113409 -0.759077 -0.0452272 0.648668
internal_count=68820 9809 59011 7085 58536 6478 2724
shrinkage=0.05


Tree=19
num_leaves=8
num_cat=0
split_feature=6 1 5 3 5 3 7
split_gain=124.907 9.41394 9.32745 8.04656 7.0554 6.35129 6.02722
threshold=5.7500000000000009 1.5000000000000002 4.4486842105263174 74.833333333333357 3.0458041958041964 101.83333333333336 1.0000000180025095e-35
decision_type=10 2 10 10 10 10 2
left_child=2 6 5 -3 -5 -1 -2
right_child=1 3 -4 4 -6 -7 -8
leaf_value=-0.0387143123950398 0.024845116558706904 -0.037250997728872783 0.057251167941824443 0.00052995937279935366 0.083662442119403102 0.041653209538364072 0.055959573802556367
leaf_count=57901 6391 1736 475 947 109 635 626
internal_value=0 0.484579 -0.718961 -0.104616 0.386289 -0.749642 0.561493
internal_count=68820 9809 59011 2792 1056 58536 7017
shrinkage=0.05


Tree=20
num_leaves=8
num_cat=0
split_feature=6 6 1 0 2 5 0
split_gain=114.527 9.1886 10.0142 9.01231 8.92276 9.45111 7.96718
threshold=5.7500000000000009 6.7500000000000009 1.5000000000000002 58.500000000000007 25.250000000000004 4.4486842105263174 59.500000000000007
decision_type=10 10 2 2 10 10 2
left_child=4 2 3 -2 -1 -6 -5
right_child=1 -3 -4 6 5 -7 -8
leaf_value=-0.042348439302917373 0.012980184648885834 0.034000675708181285 -0.022168285091477922 0.10181497641011483 -0.018568743296685491 0.090246190573267382 0.018666329498929199
leaf_count=47418 5655 873 2697 189 11349 244 395
internal_value=0 0.451602 0.256901 0.378885 -0.708455 -0.246917 1.17015
internal_count=68820 9809 8936 6239 59011 11593 584
shrinkage=0.05


Tree=21
num_leaves=8
num_cat=0
split_feature=6 2 5 2 6 3 0
split_gain=105.188 8.8699 8.609 8.39654 9.98287 6.99012 8.06895
threshold=5.7500000000000009 25.250000000000004 4.4486842105263174 27.350000000000005 9.3500000000000032 83.833333333333357 58.500000000000007
decision_type=10 10 10 10 10 10 2
left_child=1 -1 -3 4 5 6 -2
right_child=3 2 -4 -5 -6 -7 -8
leaf_value=-0.042012484081087244 -0.005737288066133322 -0.017995667356050231 0.083581087461033834 0.03338409784771669 0.068943283470912595 0.026367320712904027 0.035835784413679628
leaf_count=47418 4955 11349 244 2413 55 1810 576
internal_value=0 -0.697801 -0.236104 0.421975 0.259168 0.189055 0.0220768
internal_count=68820 59011 11593 9809 7396 7341 5531
shrinkage=0.05


Tree=22
num_leaves=8
num_cat=0
split_feature=6 2 5 6 1 0 2
split_gain=96.6835 8.80266 7.83961 7.43732 8.74993 7.19871 6.91102
threshold=5.7500000000000009 25.250000000000004 4.4486842105263174 6.7500000000000009 1.5000000000000002 58.500000000000007 22.950000000000003
decision_type=10 10 10 10 2 2 10
left_child=1 -1 -3 4 5 -2 -7
right_child=3 2 -4 -5 -6 6 -8
leaf_value=-0.041665499234628561 0.011223789262771747 -0.017430756150793206 0.077468544925743579 0.029754540766559114 -0.021896858119231789 -0.013426917209194721 0.069371742487130059
leaf_count=47418 5655 11349 244 873 2697 194 390
internal_value=0 -0.686948 -0.225667 0.394671 0.221289 0.331552 1.01156
internal_count=68820 59011 11593 9809 8936 6239 584
shrinkage=0.05


Tree=23
num_leaves=8
num_cat=0
split_feature=6 6 5 2 6 8 0
split_gain=88.8798 8.75823 10.5275 6.94547 8.54414 7.65367 9.31672
threshold=5.7500000000000009 5.6500000000000012 4.301162790697675 29.550000000000004 9.3500000000000032 1.0000000180025095e-35 53.500000000000007
decision_type=10 8 10 10 10 2 2
left_child=1 -1 -3 4 -2 -5 -7
right_child=3 2 -4 5 -6 6 -8
leaf_value=-0.043098729328322011 0.010369267891776366 -0.019920261460770486 0.096740465835648257 0.02497216727126423 0.057389785732265136 0.1017642485042182 -0.017590844249461942
leaf_count=39988 8486 18779 244 1058 74 156 35
internal_value=0 -0.675906 -0.299363 0.369357 0.266627 0.6831 1.53351
internal_count=68820 59011 19023 9809 8560 1249 191
shrinkage=0.05


Tree=24
num_leaves=8
num_cat=0
split_feature=6 2 6 5 6 2 5
split_gain=81.8116 8.96948 7.41568 6.54487 6.33547 6.04869 8.22672
threshold=5.7500000000000009 25.250000000000004 5.5500000000000007 4.4486842105263174 6.1500000000000012 22.250000000000004 1.3948992852501625
decision_type=10 10 8 8 10 8 10
left_child=1 -1 -3 -4 5 -2 -7
right_child=4 2 3 -5 -6 6 -8
leaf_value=-0.040991646321055397 -0.031620134017675848 -0.03422746496685334 0.00052280416369385435 0.087371505358993906 0.021955164238851046 0.086298280416225184 0.0039712848134130611
leaf_count=47418 2264 6062 5176 355 2724 311 4510
internal_value=0 -0.664626 -0.191973 0.266066 0.346455 0.0407545 0.205789
internal_count=68820 59011 11593 5531 9809 7085 4821
shrinkage=0.05


end of trees

feature importances:
H25_a1c=59
H25_bmi=40
H25_lhrate=19
H25_age=17
H25_dbp=17
H25_sex=14
H25_dl=6
H25_ht=2
H25_sbp=1

parameters:
[boosting: gbdt]
[objective: binary]
[metric: binary]
[tree_learner: serial]
[device_type: cpu]
[data: ]
[valid: ]
[num_iterations: 100]
[learning_rate: 0.05]
[num_leaves: 8]
[num_threads: 0]
[max_depth: -1]
[min_data_in_leaf: 20]
[min_sum_hessian_in_leaf: 1]
[bagging_fraction: 0.4]
[bagging_freq: 0]
[bagging_seed: 3]
[feature_fraction: 0.9]
[feature_fraction_seed: 2]
[early_stopping_round: 0]
[max_delta_step: 0]
[lambda_l1: 0]
[lambda_l2: 1]
[min_gain_to_split: 0]
[drop_rate: 0.1]
[max_drop: 50]
[skip_drop: 0.5]
[xgboost_dart_mode: 0]
[uniform_drop: 0]
[drop_seed: 4]
[top_rate: 0.2]
[other_rate: 0.1]
[min_data_per_group: 100]
[max_cat_threshold: 32]
[cat_l2: 10]
[cat_smooth: 10]
[max_cat_to_onehot: 4]
[top_k: 20]
[monotone_constraints: ]
[feature_contri: ]
[forcedsplits_filename: ]
[refit_decay_rate: 0.9]
[verbosity: 0]
[max_bin: 255]
[min_data_in_bin: 3]
[bin_construct_sample_cnt: 200000]
[histogram_pool_size: -1]
[data_random_seed: 1]
[output_model: LightGBM_model.txt]
[snapshot_freq: -1]
[input_model: ]
[output_result: LightGBM_predict_result.txt]
[initscore_filename: ]
[valid_data_initscores: ]
[pre_partition: 0]
[enable_bundle: 1]
[max_conflict_rate: 0]
[is_enable_sparse: 1]
[sparse_threshold: 0.8]
[use_missing: 1]
[zero_as_missing: 0]
[two_round: 0]
[save_binary: 0]
[enable_load_from_binary_file: 1]
[header: 0]
[label_column: ]
[weight_column: ]
[group_column: ]
[ignore_column: ]
[categorical_feature: ]
[predict_raw_score: 0]
[predict_leaf_index: 0]
[predict_contrib: 0]
[num_iteration_predict: -1]
[pred_early_stop: 0]
[pred_early_stop_freq: 10]
[pred_early_stop_margin: 10]
[convert_model_language: ]
[convert_model: gbdt_prediction.cpp]
[num_class: 1]
[is_unbalance: 0]
[scale_pos_weight: 1]
[sigmoid: 1]
[boost_from_average: 1]
[reg_sqrt: 0]
[alpha: 0.9]
[fair_c: 1]
[poisson_max_delta_step: 0.7]
[tweedie_variance_power: 1.5]
[max_position: 20]
[label_gain: ]
[metric_freq: 1]
[is_provide_training_metric: 0]
[eval_at: ]
[num_machines: 1]
[local_listen_port: 12400]
[time_out: 120]
[machine_list_filename: ]
[machines: ]
[gpu_platform_id: -1]
[gpu_device_id: -1]
[gpu_use_dp: 0]

end of parameters

pandas_categorical:[]
