tree
version=v2
num_class=1
num_tree_per_iteration=1
label_index=0
max_feature_idx=8
objective=binary sigmoid:1
feature_names=H25_age H25_sex H25_bmi H25_dbp H25_sbp H25_lhrate H25_a1c H25_ht H25_dl
feature_infos=[18:74] [1:2] [0:65.599999999999994] [0:169] [0:238] [0.18181818181818185:8.8461538461538485] [3.2000000000000002:14.800000000000001] [0:1] [0:1]
tree_sizes=718 717 710 724 728 724 722 727 731 728 729 731 727 732 733 739 733 738 735 741 744 736 734 738 740

Tree=0
num_leaves=8
num_cat=0
split_feature=6 6 6 2 3 2 6
split_gain=5642.24 402.584 49.1486 28.4107 23.5698 16.5112 18.0104
threshold=6.5500000000000007 6.1500000000000012 5.9500000000000011 29.650000000000002 89.833333333333357 25.050000000000004 5.6500000000000012
decision_type=10 10 10 8 10 8 8
left_child=1 2 5 -3 -4 -1 -7
right_child=-2 3 4 -5 -6 6 -8
leaf_value=-5.2797200132274735 -3.8429006642961729 -5.032816930736514 -5.2079504701978223 -4.744967065281811 -5.0283656568258852 -5.2741386322304358 -5.226009955924745
leaf_count=49317 1165 1205 1921 285 255 8197 6476
internal_value=0 -0.555494 -0.722506 6.1055 1.23878 -0.792662 -0.380321
internal_count=68821 67656 66166 1490 2176 63990 14673
shrinkage=1


Tree=1
num_leaves=8
num_cat=0
split_feature=6 6 6 5 1 1 3
split_gain=1707.38 75.0449 47.7188 28.6225 23.4895 22.8248 22.548
threshold=6.1500000000000012 6.3500000000000005 5.7500000000000009 2.3279969262295084 1.5000000000000002 1.5000000000000002 91.833333333333357
decision_type=10 10 10 10 2 2 8
left_child=2 5 -1 4 -3 -2 -4
right_child=1 3 6 -5 -6 -7 -8
leaf_value=-0.042258784380140656 0.19300335937798607 0.29267074946556454 0.0035396429394289487 0.42614235996875777 0.071737881352376409 -0.011804400013731143 0.12552283519695384
leaf_count=59022 755 536 6560 969 156 239 584
internal_value=0 6.61389 -0.711987 7.37519 5.14737 2.98415 0.342457
internal_count=68821 2655 66166 1661 692 994 7144
shrinkage=0.05


Tree=2
num_leaves=8
num_cat=0
split_feature=6 6 6 0 0 2 2
split_gain=1178.62 45.9915 38.8235 26.4177 25.85 20.341 20.3657
threshold=6.1500000000000012 5.7500000000000009 7.0500000000000007 38.500000000000007 59.500000000000007 29.650000000000002 28.850000000000005
decision_type=10 10 10 2 2 8 10
left_child=1 -1 5 -4 -5 6 -2
right_child=2 -3 3 4 -6 -7 -8
leaf_value=-0.041907730955869318 0.15982386888253636 0.016168116849490235 0.02409191087561853 0.33519409532544048 0.066575238911921686 0.26805422727243328 -0.028304811770513472
leaf_count=59022 1568 7144 34 495 55 413 90
internal_value=0 -0.701288 4.63955 5.99209 6.2899 3.68763 2.97374
internal_count=68821 66166 2655 584 550 2071 1658
shrinkage=0.05


Tree=3
num_leaves=8
num_cat=0
split_feature=6 8 3 6 6 0 2
split_gain=911.88 41.2672 25.515 25.4687 24.3288 18.0276 17.3154
threshold=6.0500000000000007 1.0000000180025095e-35 63.833333333333336 5.7500000000000009 6.3500000000000005 58.500000000000007 24.150000000000002
decision_type=10 2 10 10 10 2 8
left_child=3 2 -2 -1 5 -4 -5
right_child=1 -3 4 6 -6 -7 -8
leaf_value=-0.041545619536839204 0.0097712921042956476 0.28888013374710514 0.049519346461339514 -0.028946356385202727 0.17869143220749925 0.22338131750377974 0.040678786847872621
leaf_count=59022 233 452 1304 3376 1394 133 2907
internal_value=0 3.44005 3.0411 -0.73061 3.20513 1.6543 0.0860969
internal_count=68821 3516 3064 65305 2831 1437 6283
shrinkage=0.05


Tree=4
num_leaves=8
num_cat=0
split_feature=6 6 1 3 6 2 8
split_gain=732.837 24.7675 23.6359 18.2464 18.4907 15.4887 13.7698
threshold=6.0500000000000007 5.7500000000000009 1.5000000000000002 73.833333333333357 6.4500000000000011 24.150000000000002 1.0000000180025095e-35
decision_type=10 10 2 10 10 8 2
left_child=1 -1 6 -4 -5 -3 -2
right_child=2 5 3 4 -6 -7 -8
leaf_value=-0.041172279874319415 0.13786656444235551 -0.028353541997172972 -0.014182420107006329 -0.0040917923958961365 0.16814842167476443 0.037284935275022503 0.22441423191056345
leaf_count=59022 2428 3376 355 264 113 2907 356
internal_value=0 -0.720417 2.80572 1.24501 2.25064 0.0811726 3.04512
internal_count=68821 65305 3516 732 377 6283 2784
shrinkage=0.05


Tree=5
num_leaves=8
num_cat=0
split_feature=6 2 6 6 2 0 2
split_gain=604.85 24.6781 23.2571 19.2901 20.1577 14.6284 13.5671
threshold=6.0500000000000007 25.050000000000004 5.6500000000000012 7.4500000000000011 29.450000000000003 59.500000000000007 28.650000000000002
decision_type=10 8 8 10 8 2 10
left_child=1 -1 -3 4 6 -5 -2
right_child=3 2 -4 5 -6 -7 -8
leaf_value=-0.043805981200824629 0.087541091823443523 -0.037789532380588589 0.018949696093351981 0.17531512867908339 0.15009962028623014 -0.0046109187486674521 -0.023124121892823205
leaf_count=50091 2395 8197 7017 340 612 29 140
internal_value=0 -0.710016 -0.191848 2.35162 2.02067 3.29509 1.62281
internal_count=68821 65305 15214 3516 3147 369 2535
shrinkage=0.05


Tree=6
num_leaves=8
num_cat=0
split_feature=6 1 2 6 3 6 6
split_gain=513.607 24.2652 18.3602 18.0451 17.9139 16.014 10.93
threshold=5.9500000000000011 1.5000000000000002 25.050000000000004 6.4500000000000011 75.833333333333357 5.6500000000000012 7.4500000000000011
decision_type=10 2 8 10 10 8 10
left_child=2 6 -1 -3 -5 -4 -2
right_child=1 3 5 4 -6 -7 -8
leaf_value=-0.044355474329592109 0.092826173926627065 -0.024749037576049654 -0.037320835739840644 -0.0062200482563434687 0.1396665056484378 0.011236851920647821 0.14202684083471009
leaf_count=49317 3360 944 8197 99 97 6476 331
internal_value=0 1.91572 -0.738902 0.658394 1.62839 -0.276206 2.12053
internal_count=68821 4831 63990 1140 196 14673 3691
shrinkage=0.05


Tree=7
num_leaves=8
num_cat=0
split_feature=6 6 2 1 6 0 3
split_gain=441.897 18.7902 18.2412 17.9976 15.0838 10.7384 13.0718
threshold=5.9500000000000011 6.3500000000000005 25.050000000000004 1.5000000000000002 5.6500000000000012 58.500000000000007 88.583333333333357
decision_type=10 10 8 2 8 2 8
left_child=2 3 -1 5 -4 6 -2
right_child=1 -3 4 -5 -6 -7 -8
leaf_value=-0.044084519317909639 0.025000260000138899 0.096464087304661258 -0.036841835368107693 -0.028291336787014173 0.010574108744976669 0.15095066668643931 0.11758068629679252
leaf_count=49317 1696 1661 8197 880 6476 229 365
internal_value=0 1.67253 -0.728969 0.932424 -0.266612 1.31827 0.982924
internal_count=68821 4831 63990 3170 14673 2290 2061
shrinkage=0.05


Tree=8
num_leaves=8
num_cat=0
split_feature=6 2 8 2 8 3 4
split_gain=384.73 18.1005 15.0172 14.7283 11.446 14.3359 17.8738
threshold=5.9500000000000011 25.050000000000004 1.0000000180025095e-35 20.450000000000003 1.0000000180025095e-35 92.833333333333357 167.33333333333334
decision_type=10 8 2 8 2 10 8
left_child=1 -1 -3 -2 5 -5 -7
right_child=3 2 -4 4 -6 6 -8
leaf_value=-0.043803966365685509 -0.0018240241007598538 -0.020839045316433588 0.056656642139730741 0.061414306233193029 0.12015623315529284 0.14687951259915913 -0.015853380905908068
leaf_count=49317 453 13358 1315 3410 601 308 59
internal_value=0 -0.718825 -0.257246 1.47864 1.56182 1.40227 2.44972
internal_count=68821 63990 14673 4831 4378 3777 367
shrinkage=0.05


Tree=9
num_leaves=8
num_cat=0
split_feature=6 2 6 6 1 8 2
split_gain=337.477 17.9693 14.3272 13.1099 13.999 13.255 10.534
threshold=5.9500000000000011 25.050000000000004 5.6500000000000012 6.3500000000000005 1.5000000000000002 1.0000000180025095e-35 33.150000000000013
decision_type=10 8 8 10 2 2 10
left_child=1 -1 -3 4 -2 -5 -4
right_child=3 2 6 5 -6 -7 -8
leaf_value=-0.043513558047366535 0.052115729423310157 -0.036150255593551422 0.0026260691083284872 0.066980050769445812 -0.028791013093106207 0.1277108057045436 0.10920222603597873
leaf_count=49317 2290 8197 6182 1476 880 185 294
internal_value=0 -0.708394 -0.247382 1.31765 0.734211 1.5141 0.213029
internal_count=68821 63990 14673 4831 3170 1661 6476
shrinkage=0.05


Tree=10
num_leaves=8
num_cat=0
split_feature=6 2 6 6 8 1 0
split_gain=298.024 17.8316 13.5511 10.9369 14.2559 12.5178 10.4873
threshold=5.9500000000000011 25.050000000000004 5.6500000000000012 6.7500000000000009 1.0000000180025095e-35 1.5000000000000002 58.500000000000007
decision_type=10 8 8 10 2 2 2
left_child=1 -1 -3 5 -5 6 -2
right_child=3 2 -4 4 -6 -7 -8
leaf_value=-0.043213054119763915 0.043298189737160327 -0.035647328463107988 0.01019442965008386 0.064533853924537976 0.14573260941003938 -0.0049879949409414254 0.10900595876978764
leaf_count=49317 2617 8197 6476 797 61 1044 312
internal_value=0 -0.697717 -0.237382 1.18323 1.48373 0.873019 1.06346
internal_count=68821 63990 14673 4831 858 3973 2929
shrinkage=0.05


Tree=11
num_leaves=8
num_cat=0
split_feature=6 2 8 2 4 0 2
split_gain=265.287 17.6256 13.4982 9.69892 8.7741 6.7201 7.13868
threshold=5.9500000000000011 25.050000000000004 1.0000000180025095e-35 20.450000000000003 158.33333333333334 33.500000000000007 29.550000000000004
decision_type=10 8 2 8 10 2 10
left_child=1 -1 4 -2 -3 -5 -7
right_child=3 2 -4 5 -6 6 -8
leaf_value=-0.042902227064193547 -0.0052297580743620592 -0.02320096377561251 0.053056273000086689 -0.032142456937370847 0.075518033071439436 0.049666942539203 0.078372011206146466
leaf_count=49317 453 13038 1315 52 320 3519 807
internal_value=0 -0.686967 -0.228767 1.07161 -0.389346 1.13073 1.15641
internal_count=68821 63990 14673 4831 13358 4378 4326
shrinkage=0.05


Tree=12
num_leaves=8
num_cat=0
split_feature=6 2 6 2 6 5 4
split_gain=236.34 17.4628 12.8456 9.16465 8.67748 9.53501 12.5012
threshold=5.9500000000000011 25.050000000000004 5.6500000000000012 33.150000000000013 7.0500000000000007 2.2713075060532693 124.16666666666667
decision_type=10 8 8 10 10 10 10
left_child=1 -1 -3 -4 5 -2 -7
right_child=4 2 3 -5 -6 6 -8
leaf_value=-0.042580851743509784 0.01709710894822547 -0.03492392522111757 0.0025737740981029017 0.099004926225116863 0.065463307071446389 0.016806490429059764 0.067089350559539671
leaf_count=49317 1923 8197 6182 294 584 884 1440
internal_value=0 -0.675841 -0.218845 0.2057 0.971738 0.772685 1.019
internal_count=68821 63990 14673 6476 4831 4247 2324
shrinkage=0.05


Tree=13
num_leaves=8
num_cat=0
split_feature=6 6 1 2 8 0 2
split_gain=212.03 18.3515 14.3718 13.5808 10.7378 9.92137 13.6287
threshold=5.7500000000000009 6.3500000000000005 1.5000000000000002 32.550000000000004 1.0000000180025095e-35 58.500000000000007 23.050000000000004
decision_type=10 10 2 10 2 2 10
left_child=3 2 5 4 -1 -2 -7
right_child=1 -3 -4 -5 -6 6 -8
leaf_value=-0.042011231063768487 0.019964447161336944 0.050995188252250724 -0.028754860188951865 0.060713131565224565 0.011315046593685095 -0.029533801150786423 0.13124416851248363
leaf_count=55737 5111 1661 2538 620 2665 171 318
internal_value=0 0.780425 0.328104 -0.750763 -0.78457 0.582089 1.7877
internal_count=68821 9799 8138 59022 58402 5600 489
shrinkage=0.05


Tree=14
num_leaves=8
num_cat=0
split_feature=6 6 2 8 2 0 3
split_gain=192.179 15.152 12.7081 10.4187 8.71357 11.3047 10.5493
threshold=5.7500000000000009 6.3500000000000005 32.550000000000004 1.0000000180025095e-35 27.350000000000005 58.500000000000007 89.833333333333357
decision_type=10 10 10 2 8 2 8
left_child=2 4 3 -1 6 -6 -2
right_child=1 -3 -4 -5 5 -7 -8
leaf_value=-0.041659161519835765 -0.0078028457205421304 0.046458010837651768 0.0559446720113611 0.010690629864849248 0.026240050343787038 0.14046460574405126 0.062711613741890701
leaf_count=55737 5802 1661 620 2665 1645 115 576
internal_value=0 0.71777 -0.741046 -0.775808 0.307845 0.842837 0.0444838
internal_count=68821 9799 59022 58402 8138 1760 6378
shrinkage=0.05


Tree=15
num_leaves=8
num_cat=0
split_feature=6 6 2 3 8 8 6
split_gain=174.865 12.8032 11.9133 10.2877 10.107 7.40533 7.94626
threshold=5.7500000000000009 6.1500000000000012 32.550000000000004 91.833333333333357 1.0000000180025095e-35 1.0000000180025095e-35 9.4500000000000011
decision_type=10 10 10 8 2 2 10
left_child=2 3 4 -2 -1 6 -3
right_child=1 5 -4 -5 -6 -7 -8
leaf_value=-0.041295855840639328 -0.00095411070703241394 0.031082482112702637 0.051669385086199365 0.067933143951354552 0.010105892944815516 0.068849101366009455 0.080008671201635351
leaf_count=55737 6560 2222 620 584 2665 348 85
internal_value=0 0.663356 -0.731107 0.179652 -0.766815 0.809373 0.70438
internal_count=68821 9799 59022 7144 58402 2655 2307
shrinkage=0.05


Tree=16
num_leaves=8
num_cat=0
split_feature=6 1 2 6 3 5 6
split_gain=159.407 11.7616 11.5576 9.25763 10.0379 10.6371 7.90962
threshold=5.7500000000000009 1.5000000000000002 25.050000000000004 6.4500000000000011 75.833333333333357 2.7571662571662583 5.6500000000000012
decision_type=10 2 10 10 10 10 8
left_child=2 -2 -1 -3 -5 -6 -4
right_child=1 3 6 4 5 -7 -8
leaf_value=-0.043786799956349071 0.035807028927153914 -0.027087658843493918 -0.032310099313468219 -0.021115838110277122 0.017260743215446857 0.13762967224534758 0.0094463611582131252
leaf_count=46455 7001 2602 7929 99 74 23 4638
internal_value=0 0.614518 -0.720949 -0.000376172 0.595562 1.27869 -0.273186
internal_count=68821 9799 59022 2798 196 97 12567
shrinkage=0.05


Tree=17
num_leaves=8
num_cat=0
split_feature=6 2 8 6 1 0 2
split_gain=145.459 11.4699 11.2651 10.1175 10.5755 7.31286 9.71176
threshold=5.7500000000000009 25.050000000000004 1.0000000180025095e-35 6.3500000000000005 1.5000000000000002 58.500000000000007 23.050000000000004
decision_type=10 10 2 10 2 2 10
left_child=1 -1 -3 4 5 -2 -7
right_child=3 2 -4 -5 -6 6 -8
leaf_value=-0.043500754332852588 0.014309659365506986 -0.022482190059367163 0.051919242621120437 0.036595810546865608 -0.027903178409664893 -0.029770462452778382 0.10004604171912079
leaf_count=46455 5111 11521 1046 1661 2538 171 318
internal_value=0 -0.710726 -0.263701 0.569519 0.241076 0.438909 1.39279
internal_count=68821 59022 12567 9799 8138 5600 489
shrinkage=0.05


Tree=18
num_leaves=8
num_cat=0
split_feature=6 2 6 6 5 2 2
split_gain=132.863 11.3911 8.81711 7.49872 9.04927 6.91415 6.38145
threshold=5.7500000000000009 25.050000000000004 6.0500000000000007 5.6500000000000012 2.489578810247504 24.150000000000002 29.650000000000002
decision_type=10 10 10 8 10 8 10
left_child=1 -1 5 -3 -5 -2 -6
right_child=2 3 -4 4 6 -7 -8
leaf_value=-0.04320460861948601 -0.023137709312012943 -0.031478358676791322 0.031295033791444507 -0.02290236178094297 0.014052543976129163 0.021253258759581999 0.099465105252827424
leaf_count=46455 3376 7929 3516 2347 1819 2907 472
internal_value=0 -0.700206 0.528803 -0.25362 0.192361 0.0667198 0.830321
internal_count=68821 59022 9799 12567 4638 6283 2291
shrinkage=0.05


Tree=19
num_leaves=8
num_cat=0
split_feature=6 2 8 1 5 2 4
split_gain=121.436 11.3069 10.2716 8.29942 8.09967 11.1911 7.24888
threshold=5.7500000000000009 25.050000000000004 1.0000000180025095e-35 1.5000000000000002 2.7571662571662583 26.950000000000003 157.25000000000003
decision_type=10 10 2 2 8 10 8
left_child=1 -1 6 -2 -5 -6 -3
right_child=3 2 -4 4 5 -7 -8
leaf_value=-0.042898157286817215 0.028565119057616425 -0.026037605415967714 0.048746384104023224 -0.017023736330200472 -0.026876722965754492 0.089993776786427129 0.071645576782533096
leaf_count=46455 7001 11215 1046 2410 259 129 306
internal_value=0 -0.689446 -0.24345 0.491431 -0.0228065 0.852535 -0.429721
internal_count=68821 59022 12567 9799 2798 388 11521
shrinkage=0.05


Tree=20
num_leaves=8
num_cat=0
split_feature=6 2 8 6 1 8 2
split_gain=111.119 11.2284 9.26116 7.45786 8.34093 7.05003 6.69462
threshold=5.7500000000000009 25.050000000000004 1.0000000180025095e-35 6.3500000000000005 1.5000000000000002 1.0000000180025095e-35 32.550000000000004
decision_type=10 10 2 10 2 2 8
left_child=1 -1 6 4 -2 -5 -3
right_child=3 2 -4 5 -6 -7 -8
leaf_value=-0.042581176504025035 0.017287143290776501 -0.027171800234476202 0.044811819485711009 0.024772360856258266 -0.027211488830703796 0.058438957259834251 0.044486311523730414
leaf_count=46455 5600 10955 1046 1476 2538 185 566
internal_value=0 -0.678395 -0.232797 0.457614 0.181821 0.59089 -0.416657
internal_count=68821 59022 12567 9799 8138 1661 11521
shrinkage=0.05


Tree=21
num_leaves=8
num_cat=0
split_feature=6 2 6 6 2 0 5
split_gain=101.837 11.1195 7.34868 6.89131 7.71247 8.21704 10.3587
threshold=5.7500000000000009 25.050000000000004 5.5500000000000007 6.7500000000000009 27.350000000000005 58.500000000000007 2.8308775731310947
decision_type=10 10 8 10 8 2 10
left_child=1 -1 -3 4 -2 6 -6
right_child=3 2 -4 -5 5 -7 -8
leaf_value=-0.042253485152333979 0.0028433658532661717 -0.034307754138020501 0.0073574922081185677 0.031421840696902896 -0.0027790356410617523 0.094814456790313098 0.047484351069789203
leaf_count=46455 6880 6567 6000 858 1078 133 850
internal_value=0 -0.667224 -0.222985 0.427115 0.259866 0.58839 0.432255
internal_count=68821 59022 12567 9799 8941 2061 1928
shrinkage=0.05


Tree=22
num_leaves=8
num_cat=0
split_feature=6 2 6 2 6 2 5
split_gain=93.5618 10.9571 6.91947 6.40894 6.25827 9.78421 7.17126
threshold=5.7500000000000009 25.050000000000004 5.5500000000000007 33.150000000000013 7.4500000000000011 29.450000000000003 3.9506097560975619
decision_type=10 10 8 8 10 8 10
left_child=1 -1 -3 -4 5 6 -2
right_child=4 2 3 -5 -6 -7 -8
leaf_value=-0.041914900417649954 0.011555543693283842 -0.03378362206198144 -0.0019474059590173427 0.079728259799205115 0.03649150852875762 0.035862629180703452 -0.033252727165393008
leaf_count=46455 7860 6567 5740 260 369 1192 378
internal_value=0 -0.656064 -0.214927 0.139093 0.399744 0.307512 0.163805
internal_count=68821 59022 12567 6000 9799 9430 8238
shrinkage=0.05


Tree=23
num_leaves=8
num_cat=0
split_feature=6 2 8 4 1 3 5
split_gain=85.8596 10.8161 8.42828 6.8138 6.01899 7.14 11.1839
threshold=5.7500000000000009 25.050000000000004 1.0000000180025095e-35 157.25000000000003 1.5000000000000002 75.833333333333357 2.9844951923076928
decision_type=10 10 2 8 2 10 10
left_child=1 -1 3 -3 -2 -6 -7
right_child=4 2 -4 -5 5 6 -8
leaf_value=-0.041565270205377702 0.021900129592457726 -0.024316043307244573 0.042664967550323757 0.069717085929204198 -0.027870495924814387 -0.004350088607094133 0.092001293442657492
leaf_count=46455 7001 11215 1046 306 1821 858 119
internal_value=0 -0.644571 -0.20584 -0.390595 0.373853 -0.0581229 0.421274
internal_count=68821 59022 12567 11521 9799 2798 977
shrinkage=0.05


Tree=24
num_leaves=8
num_cat=0
split_feature=6 2 8 4 6 6 2
split_gain=78.8207 10.6839 7.60292 7.21236 5.73657 6.54054 7.68545
threshold=5.7500000000000009 25.050000000000004 1.0000000180025095e-35 158.33333333333334 9.4500000000000011 8.8500000000000032 29.550000000000004
decision_type=10 10 2 10 10 10 8
left_child=1 -1 3 -3 5 6 -2
right_child=4 2 -4 -5 -6 -7 -8
leaf_value=-0.041204448685040772 0.011070759334208324 -0.023824148688733046 0.039389275641002773 0.074748259881469034 0.051675250708781817 -0.039097271138379908 0.033414940505359703
leaf_count=46455 8461 11264 1046 257 85 35 1218
internal_value=0 -0.632793 -0.196187 -0.377826 0.350109 0.309731 0.337284
internal_count=68821 59022 12567 11521 9799 9714 9679
shrinkage=0.05


end of trees

feature importances:
H25_a1c=65
H25_bmi=44
H25_dl=17
H25_sex=13
H25_age=11
H25_dbp=11
H25_lhrate=8
H25_sbp=6

parameters:
[boosting: gbdt]
[objective: binary]
[metric: binary]
[tree_learner: serial]
[device_type: cpu]
[data: ]
[valid: ]
[num_iterations: 100]
[learning_rate: 0.05]
[num_leaves: 8]
[num_threads: 0]
[max_depth: -1]
[min_data_in_leaf: 20]
[min_sum_hessian_in_leaf: 1]
[bagging_fraction: 0.4]
[bagging_freq: 0]
[bagging_seed: 3]
[feature_fraction: 0.9]
[feature_fraction_seed: 2]
[early_stopping_round: 0]
[max_delta_step: 0]
[lambda_l1: 0]
[lambda_l2: 1]
[min_gain_to_split: 0]
[drop_rate: 0.1]
[max_drop: 50]
[skip_drop: 0.5]
[xgboost_dart_mode: 0]
[uniform_drop: 0]
[drop_seed: 4]
[top_rate: 0.2]
[other_rate: 0.1]
[min_data_per_group: 100]
[max_cat_threshold: 32]
[cat_l2: 10]
[cat_smooth: 10]
[max_cat_to_onehot: 4]
[top_k: 20]
[monotone_constraints: ]
[feature_contri: ]
[forcedsplits_filename: ]
[refit_decay_rate: 0.9]
[verbosity: 0]
[max_bin: 255]
[min_data_in_bin: 3]
[bin_construct_sample_cnt: 200000]
[histogram_pool_size: -1]
[data_random_seed: 1]
[output_model: LightGBM_model.txt]
[snapshot_freq: -1]
[input_model: ]
[output_result: LightGBM_predict_result.txt]
[initscore_filename: ]
[valid_data_initscores: ]
[pre_partition: 0]
[enable_bundle: 1]
[max_conflict_rate: 0]
[is_enable_sparse: 1]
[sparse_threshold: 0.8]
[use_missing: 1]
[zero_as_missing: 0]
[two_round: 0]
[save_binary: 0]
[enable_load_from_binary_file: 1]
[header: 0]
[label_column: ]
[weight_column: ]
[group_column: ]
[ignore_column: ]
[categorical_feature: ]
[predict_raw_score: 0]
[predict_leaf_index: 0]
[predict_contrib: 0]
[num_iteration_predict: -1]
[pred_early_stop: 0]
[pred_early_stop_freq: 10]
[pred_early_stop_margin: 10]
[convert_model_language: ]
[convert_model: gbdt_prediction.cpp]
[num_class: 1]
[is_unbalance: 0]
[scale_pos_weight: 1]
[sigmoid: 1]
[boost_from_average: 1]
[reg_sqrt: 0]
[alpha: 0.9]
[fair_c: 1]
[poisson_max_delta_step: 0.7]
[tweedie_variance_power: 1.5]
[max_position: 20]
[label_gain: ]
[metric_freq: 1]
[is_provide_training_metric: 0]
[eval_at: ]
[num_machines: 1]
[local_listen_port: 12400]
[time_out: 120]
[machine_list_filename: ]
[machines: ]
[gpu_platform_id: -1]
[gpu_device_id: -1]
[gpu_use_dp: 0]

end of parameters

pandas_categorical:[]
