tree
version=v2
num_class=1
num_tree_per_iteration=1
label_index=0
max_feature_idx=9
objective=binary sigmoid:1
feature_names=H25_age H25_sex H25_bmi H25_dbp H25_sbp H25_lhrate H25_a1c H25_dm H25_dl H25_is_medicine
feature_infos=[18:74] [1:2] [0:65.599999999999994] [0:145] [0:228] [0.18181818181818185:8.8461538461538485] [2.7999999999999998:15.300000000000001] [0:1] [0:1] [0:2]
tree_sizes=1326 1347 1348 1351 1346 1356 1353 1364 1357 1371 1353 1361 1365 1361 1372 1362 1367 1366 1362 1361 1366 1369 1374 1374 1363

Tree=0
num_leaves=16
num_cat=0
split_feature=3 0 3 3 2 0 4 0 3 4 4 0 6 2 7
split_gain=5260.94 1248.84 649.238 618.139 279.06 239.592 146.618 126.216 107.394 105.889 104.844 102.507 84.8911 81.8103 63.4158
threshold=87.833333333333357 56.500000000000007 79.583333333333357 95.250000000000014 24.250000000000004 56.500000000000007 131.83333333333334 43.500000000000007 101.58333333333336 139.83333333333334 141.16666666666671 48.500000000000007 5.5500000000000007 25.050000000000004 1.0000000180025095e-35
decision_type=10 2 10 10 8 2 10 2 10 10 10 2 8 8 2
left_child=1 2 11 5 6 9 -3 -4 -5 -2 14 -1 -11 -13 -9
right_child=3 4 7 8 -6 -7 -8 10 -10 12 -12 13 -14 -15 -16
leaf_value=-2.774836746918103 -2.6455607436730695 -2.7001837870393182 -2.7418874603763825 -2.500879564496524 -2.5456206709072253 -2.4661025347250929 -2.5809713705302193 -2.7088385120895784 -2.3875442196496857 -2.6254270418508554 -2.6155603628062329 -2.759260409972172 -2.5292642846257394 -2.7082209651180467 -2.5913067291093976
leaf_count=35824 2386 1899 4434 1293 1112 524 577 6294 702 885 611 7775 859 1645 190
internal_value=0 -0.3885 -0.539623 3.51868 1.99378 2.66812 1.19905 0.344176 5.46262 2.31231 0.688791 -0.764877 3.09934 -0.376463 0.529395
internal_count=67010 60361 56773 6649 3588 4654 2476 11529 1995 4130 7095 45244 1744 9420 6484
shrinkage=1


Tree=1
num_leaves=16
num_cat=0
split_feature=3 0 3 3 4 0 2 2 4 4 0 0 4 0 0
split_gain=4227.54 1030.23 594.528 386.178 198.861 174.24 118.829 117.977 103.048 98.5037 86.312 60.7509 58.6678 58.5788 51.7964
threshold=85.583333333333357 56.500000000000007 92.583333333333357 76.833333333333357 115.33333333333336 45.500000000000007 22.450000000000003 24.950000000000003 142.16666666666671 147.25000000000003 47.500000000000007 48.500000000000007 122.33333333333336 44.500000000000007 61.500000000000007
decision_type=10 2 10 10 8 2 8 8 10 10 2 2 10 2 2
left_child=1 3 5 11 -3 -2 -6 13 14 -4 -9 -1 -13 -5 -7
right_child=2 4 9 7 6 8 -8 10 -10 -11 -12 12 -14 -15 -16
leaf_value=-0.044835503191155784 0.041348835816092652 0.010423542527619262 0.15045185883655277 -0.032633149976955898 0.057988025864295627 0.087062474656798464 0.15160171720748095 0.004787893228223504 0.17342888356691277 0.2227595457428819 0.061551034612477955 -0.033712593954784167 0.01008558061951338 9.1904831358935869e-05 0.25173073863141221
leaf_count=32001 2369 1056 1483 4388 930 2745 1392 3393 794 1586 1726 6091 1725 5270 61
internal_value=0 -0.446016 2.46917 -0.593815 1.68504 1.69566 2.32127 -0.0194034 2.24028 3.7932 0.490448 -0.813781 -0.479977 -0.292141 1.84974
internal_count=67010 57972 9038 54594 3378 5969 2322 14777 3600 3069 5119 39817 7816 9658 2806
shrinkage=0.05


Tree=2
num_leaves=16
num_cat=0
split_feature=3 0 3 3 2 2 0 2 3 0 0 4 0 3 0
split_gain=3492.51 903.576 398.96 373.357 149.747 115.93 106.11 88.7834 85.001 75.8221 74.8856 73.7087 60.0748 59.8863 53.3721
threshold=85.583333333333357 56.500000000000007 89.166666666666671 75.833333333333357 22.850000000000005 24.950000000000003 54.500000000000007 22.950000000000003 97.166666666666671 47.500000000000007 47.500000000000007 125.83333333333336 44.500000000000007 67.333333333333357 51.500000000000007
decision_type=10 2 10 10 8 8 2 8 10 2 2 10 2 8 2
left_child=1 3 9 14 11 12 7 -4 -9 -2 -7 -3 -5 -6 -1
right_child=2 4 6 5 13 10 -8 8 -10 -11 -12 -13 -14 -15 -16
leaf_value=-0.043785224706539699 0.034041699775150584 0.00077556415200474708 0.082107250360288153 -0.03289891037840794 0.030627435022669004 0.0032209859389037785 0.19794894358675483 0.11882096082032222 0.18819787520616088 0.085797355977519904 0.053063581622630362 0.085195397628757844 -0.0017343961723634731 0.12915189209975872 -0.01618251637748087
leaf_count=34287 2206 1152 1135 5169 285 3780 823 1855 854 2165 1866 600 5952 1341 3540
internal_value=0 -0.43288 2.10733 -0.579692 1.48556 -0.0634834 2.80321 2.52745 2.88323 1.21941 0.415327 0.639265 -0.316992 2.26874 -0.822599
internal_count=67010 57972 9038 54594 3378 16767 4667 3844 2709 4371 5646 1752 11121 1626 37827
shrinkage=0.05


Tree=3
num_leaves=16
num_cat=0
split_feature=3 0 3 3 2 0 0 4 4 4 0 0 3 2 2
split_gain=2971.6 696.876 449.455 239.141 114.96 112.199 86.7475 74.9059 74.8041 74.0293 60.5712 52.8265 50.2594 50.1997 49.0585
threshold=83.166666666666671 56.500000000000007 89.166666666666671 75.833333333333357 21.050000000000004 56.500000000000007 47.500000000000007 153.25000000000003 132.16666666666671 141.16666666666671 38.500000000000007 51.500000000000007 71.166666666666671 26.250000000000004 24.550000000000004
decision_type=10 2 10 10 8 2 2 10 8 10 2 2 10 8 8
left_child=1 3 5 11 -3 9 13 10 12 -2 -4 -1 -6 -5 -8
right_child=2 4 7 6 8 -7 14 -9 -10 -11 -12 -13 -14 -15 -16
leaf_value=-0.043291422869217694 0.028983236894362819 0.00020517415410198738 0.019065026254307674 -0.029309038198201028 0.022057140444884927 0.11320051794049971 -0.0022104736759917787 0.15285857763557001 0.14269322857910521 0.086354156327966697 0.11029809449280092 -0.015603621733470227 0.08769244303003311 0.0080835911531875748 0.040021148570717514
leaf_count=34287 5682 908 249 7100 710 697 3209 1223 474 950 3195 3540 1012 2058 1716
internal_value=0 -0.485692 1.59917 -0.623234 1.22057 0.941243 -0.159991 2.37193 1.64704 0.762378 2.08118 -0.811359 1.25124 -0.412267 0.272406
internal_count=67010 55014 11996 51910 3104 7329 14083 4667 2196 6632 3444 37827 1722 9158 4925
shrinkage=0.05


Tree=4
num_leaves=16
num_cat=0
split_feature=3 0 3 3 4 0 2 0 2 0 3 6 2 2 2
split_gain=2562 639.224 332.416 191.255 168.902 92.4667 70.0621 66.5335 65.7856 65.1841 61.7209 51.0975 47.189 43.2384 41.2963
threshold=83.166666666666671 53.500000000000007 89.166666666666671 75.833333333333357 120.25000000000001 47.500000000000007 24.650000000000002 57.500000000000007 24.250000000000004 61.500000000000007 100.83333333333336 5.8500000000000005 23.250000000000004 22.850000000000005 26.850000000000005
decision_type=10 2 10 10 8 2 8 2 8 2 10 8 8 8 10
left_child=1 3 5 14 13 -2 -5 10 -6 12 11 -4 -7 -3 -1
right_child=2 4 7 6 8 9 -8 -9 -10 -11 -12 -13 -14 -15 -16
leaf_value=-0.043844818947075273 0.020744759062832692 -0.018712609417808172 0.071482366094868452 -0.023464412892401369 0.041902804469371516 0.031435677968857233 0.0086479787839859237 0.16117777562957913 0.099256673489015179 0.1749193022419564 0.13483257164336204 0.11628362841023435 0.076390979568320902 0.02960400382841058 -0.013925175641716487
leaf_count=33502 3845 1986 2510 8226 1850 1435 4677 412 1094 128 719 1026 1921 1165 2514
internal_value=0 -0.472231 1.42147 -0.659923 0.700247 0.858663 -0.223243 2.04802 1.31668 1.27699 1.90991 1.70083 1.15591 0.0169005 -0.835102
internal_count=67010 55014 11996 48919 6095 7329 12903 4667 2944 3484 4255 3536 3356 3151 36016
shrinkage=0.05


Tree=5
num_leaves=16
num_cat=0
split_feature=4 0 4 3 2 0 3 0 3 2 2 2 3 0 9
split_gain=2243.88 418.378 334.752 216.617 146.194 139.068 140.364 72.268 60.9418 50.2997 47.3336 44.0727 43.3212 46.1534 42.9404
threshold=131.83333333333334 51.500000000000007 141.16666666666671 80.250000000000014 24.250000000000004 58.500000000000007 85.583333333333357 55.500000000000007 70.833333333333357 27.650000000000002 25.050000000000004 25.750000000000004 95.833333333333357 38.500000000000007 1.0000000180025095e-35
decision_type=10 2 10 10 8 2 10 2 10 10 8 8 10 2 2
left_child=1 3 5 11 8 6 10 12 -3 -6 -2 -1 13 -4 -5
right_child=2 4 7 14 9 -7 -8 -9 -10 -11 -12 -13 -14 -15 -16
leaf_value=-0.04315458015457261 -0.0075616856893371779 -0.026542961297155776 0.0039814485670807568 -0.0010306563373496363 0.038944512034430563 0.11581429523063405 0.058008264255201683 0.13272078225768322 0.015103395867575871 0.10428554595148826 0.031107715485103105 -0.02087792389780848 0.10282127067249135 0.075758886323190527 0.069725630198306257
leaf_count=34295 3529 2680 369 4894 1721 517 3091 867 3403 507 2179 5083 1334 2210 331
internal_value=0 -0.485342 1.21314 -0.674066 0.317244 0.734626 0.59252 1.86178 -0.0385263 1.09784 0.161657 -0.802671 1.65113 1.33995 0.079178
internal_count=67010 52914 14096 44603 8311 9316 8799 4780 6083 2228 5708 39378 3913 2579 5225
shrinkage=0.05


Tree=6
num_leaves=16
num_cat=0
split_feature=3 0 3 2 0 2 0 0 0 2 4 4 0 6 4
split_gain=1981.67 480.353 307.664 141.925 119.351 81.8977 78.3982 72.0111 61.6589 52.2252 49.2036 46.6363 45.2723 45.7104 45.0578
threshold=81.250000000000014 56.500000000000007 89.166666666666671 24.550000000000004 60.500000000000007 21.050000000000004 47.500000000000007 47.500000000000007 49.500000000000007 29.050000000000004 132.83333333333334 115.33333333333336 50.500000000000007 6.1500000000000012 142.83333333333334
decision_type=10 2 10 8 2 8 2 2 2 8 10 8 2 8 10
left_child=1 3 4 8 7 -3 10 9 -1 -2 -5 -7 -4 -14 -9
right_child=2 5 12 6 -6 11 -8 14 -10 -11 -12 -13 13 -15 -16
leaf_value=-0.043494839048930332 0.0028402585743002784 -0.007558031666225905 0.068566064481645539 -0.029574621581229955 0.12895088739457136 0.017176898748844417 0.017757176249032915 0.034716812192868346 -0.019681811519512163 0.057305990932388834 0.021093599708646198 0.078857920880543442 0.086939183049422511 0.14941368532997748 0.085074782434808122
leaf_count=31300 5015 852 2972 7013 273 610 2915 4180 6537 763 999 1327 1369 326 559
internal_value=0 -0.510518 1.01942 -0.641649 0.609315 0.910662 -0.206581 0.527515 -0.780177 0.21133 -0.450627 1.26383 1.61604 1.99829 0.844365
internal_count=67010 51553 15457 48764 10790 2789 10927 10517 37837 5778 8012 1937 4667 1695 4739
shrinkage=0.05


Tree=7
num_leaves=16
num_cat=0
split_feature=4 0 4 3 0 2 0 2 3 3 9 2 2 9 6
split_gain=1773.41 366.875 215.114 198.477 140.57 112.419 62.1692 60.8677 53.514 52.307 40.136 39.5657 36.8731 33.2222 33.1461
threshold=131.83333333333334 51.500000000000007 144.16666666666671 79.833333333333357 42.500000000000007 24.250000000000004 60.500000000000007 29.950000000000003 89.833333333333357 70.833333333333357 1.0000000180025095e-35 25.750000000000004 27.650000000000002 1.0000000180025095e-35 6.3500000000000005
decision_type=10 2 10 10 2 8 2 8 10 10 2 8 10 2 8
left_child=1 3 4 11 -2 9 7 8 -6 -3 -5 -1 -7 -13 -4
right_child=2 5 14 10 6 12 -8 -9 -10 -11 -12 13 -14 -15 -16
leaf_value=-0.042811277595658601 -5.4246638357941521e-05 -0.025649559289929402 0.073204426249417684 -0.0048882625252781586 0.028275842524947178 0.032799558278442713 0.1115048048473208 0.099938916710177073 0.065913072016988594 0.013068811557411684 0.056793775266153715 -0.026230501027961942 0.085895847339617207 0.040835744179899144 0.11181692013035127
leaf_count=33369 3333 2680 2928 6047 5186 1721 310 526 1189 3403 396 4407 507 384 624
internal_value=0 -0.460855 1.01522 -0.64893 0.704485 0.274351 0.962488 0.873034 0.768404 -0.044682 -0.00944399 -0.795888 0.925555 -0.410665 1.6078
internal_count=67010 52914 14096 44603 10544 8311 7211 6901 6375 6083 6443 38160 2228 4791 3552
shrinkage=0.05


Tree=8
num_leaves=16
num_cat=0
split_feature=3 0 3 3 4 0 0 2 4 9 2 2 2 4 6
split_gain=1584.51 415.761 205.402 111.348 97.8476 82.9588 53.8065 45.8508 44.3413 41.9987 41.4788 37.1827 36.8896 40.1085 36.1667
threshold=81.250000000000014 53.500000000000007 89.166666666666671 75.833333333333357 115.33333333333336 47.500000000000007 60.500000000000007 24.650000000000002 135.16666666666671 1.0000000180025095e-35 29.050000000000004 25.250000000000004 22.950000000000003 169.50000000000003 6.4500000000000011
decision_type=10 2 10 10 8 2 2 8 8 2 8 8 8 10 10
left_child=1 3 5 9 14 10 11 -5 -6 -1 -2 -7 -4 -14 -3
right_child=2 4 12 7 8 6 -8 -9 -10 -11 -12 -13 13 -15 -16
leaf_value=-0.041299841459046235 0.0021168896095896 -0.018442573481115457 0.04552023957440713 -0.024913340724293808 0.030558453083379639 0.024759661586522305 0.10207279519613832 0.0054317543393934999 0.082419270016074839 0.0044926752048033355 0.049129807963217226 0.057787294004347192 0.069576403522455546 0.13294767378427838 0.095675710509058959
leaf_count=34900 5015 2117 1402 6541 2732 3236 273 3509 542 1116 763 1503 3086 179 96
internal_value=0 -0.485263 0.862069 -0.661829 0.469362 0.528623 0.835471 -0.261087 0.82576 -0.795631 0.182823 0.724933 1.31942 1.48368 -0.241717
internal_count=67010 51553 15457 46066 5487 10790 5012 10050 3274 36016 5778 4739 4667 3265 2213
shrinkage=0.05


Tree=9
num_leaves=16
num_cat=0
split_feature=3 0 3 0 2 4 2 9 3 9 0 9 3 4 0
split_gain=1422.68 306.205 245.675 118.762 77.6461 69.9288 52.909 45.1872 44.5599 44.1394 36.1275 34.3494 33.9981 32.5961 32.0066
threshold=79.166666666666671 53.500000000000007 87.833333333333357 55.500000000000007 25.750000000000004 115.33333333333336 24.150000000000002 1.0000000180025095e-35 97.166666666666671 1.0000000180025095e-35 43.500000000000007 1.0000000180025095e-35 72.833333333333357 127.16666666666667 41.500000000000007
decision_type=8 2 10 2 8 10 8 2 10 2 2 2 10 10 2
left_child=1 4 3 6 12 -3 10 -6 11 -8 -2 13 -1 -4 -15
right_child=2 5 8 -5 7 -7 9 -9 -10 -11 -12 -13 -14 14 -16
leaf_value=-0.043885138209137677 -0.026987326349877973 -0.012887588297689618 0.0034029001225556717 0.058227761969186553 -0.017201788622562796 0.034242021491985304 0.015263853931123665 0.050127724805778262 0.07517446826487717 0.068806029510614042 0.0061871429901355635 0.087481601146056756 -0.027351695447630737 0.018209572212896218 0.053734022632131721
leaf_count=27161 2321 2165 518 1422 5311 2688 4623 487 1427 561 3750 441 9872 814 3449
internal_value=0 -0.536651 0.699421 0.330877 -0.69705 0.33896 0.164646 -0.214279 1.10994 0.439668 -0.103504 0.957922 -0.784574 0.876607 0.956207
internal_count=67010 47684 19326 12677 42831 4853 11255 5798 6649 5184 6071 5222 37033 4781 4263
shrinkage=0.05


Tree=10
num_leaves=16
num_cat=0
split_feature=4 0 3 0 3 2 0 2 4 3 2 2 2 4 0
split_gain=1294.02 233.293 233.096 138.66 103.419 82.7715 49.7467 48.2045 46.023 43.93 53.1466 42.9675 34.3172 35.7029 28.1786
threshold=127.16666666666667 51.500000000000007 86.583333333333357 47.500000000000007 74.833333333333357 21.850000000000005 58.500000000000007 26.150000000000002 141.16666666666671 73.833333333333357 29.050000000000004 30.650000000000002 23.250000000000004 169.50000000000003 59.500000000000007
decision_type=10 2 10 2 10 8 2 8 10 8 8 8 8 10 2
left_child=1 4 3 7 -1 -3 8 -2 -5 10 -7 -6 -4 -14 -11
right_child=2 5 12 6 11 9 -8 -9 -10 14 -12 -13 13 -15 -16
leaf_value=-0.042245576695938002 -0.018379886985091323 -0.021387915400669307 0.037096486939381501 0.017652813888539173 -0.018626802054781247 -0.0086707788929482679 0.068065481866724273 0.018366316058449388 0.070069641973378477 0.030359661528205607 0.12040117352480517 0.046306827013925571 0.056024583464319225 0.11214132086078343 0.087585221310004679
leaf_count=30375 5519 3082 2352 4098 9235 1891 740 2188 518 1746 94 413 4342 176 241
internal_value=0 -0.516931 0.662549 0.286749 -0.686106 0.121879 0.691058 -0.129579 0.510927 0.453771 0.00378769 -0.303491 1.04244 1.18657 0.799091
internal_count=67010 47077 19933 13063 40023 7054 5356 7707 4616 3972 1985 9648 6870 4518 1987
shrinkage=0.05


Tree=11
num_leaves=16
num_cat=0
split_feature=3 0 4 0 3 4 2 2 6 9 0 0 4 0 0
split_gain=1166.14 274.65 181.779 90.6808 80.0594 77.4829 68.1859 43.6453 36.8402 31.4758 29.6475 29.631 28.8331 30.5551 27.0198
threshold=79.166666666666671 51.500000000000007 139.25000000000003 58.500000000000007 85.583333333333357 115.33333333333336 25.750000000000004 30.150000000000002 6.3500000000000005 1.0000000180025095e-35 42.500000000000007 41.500000000000007 159.25000000000003 38.500000000000007 56.500000000000007
decision_type=8 2 10 2 10 10 8 8 10 2 2 2 10 2 2
left_child=1 6 3 4 7 -3 -1 11 14 -8 -6 -2 13 -4 -7
right_child=2 5 12 -5 10 8 9 -9 -10 -11 -12 -13 -14 -15 -16
leaf_value=-0.039660166020064884 -0.02577332395099759 -0.017373393461796647 0.0013028243351263869 0.069105102185865033 0.0053707218350861436 0.0021946862961595187 -0.017172082677363223 0.049200785938605357 0.076047480110709373 0.042247139293545059 0.036696456420365571 0.0030104274450495176 0.072855926618504485 0.04897084202075741 0.034937010548508916
leaf_count=35067 2200 3314 394 629 1216 2159 5096 568 345 432 3437 6105 788 3989 1271
internal_value=0 -0.511023 0.605402 0.347145 0.263339 0.173414 -0.703946 0.0102677 0.4975 -0.231727 0.58873 -0.0714012 1.01997 0.914208 0.368247
internal_count=67010 47684 19326 14155 13526 7089 40595 8873 3775 5528 4653 8305 5171 4383 3430
shrinkage=0.05


Tree=12
num_leaves=16
num_cat=0
split_feature=4 0 4 0 2 3 0 3 0 9 2 2 6 0 3
split_gain=1068.74 216.161 166.818 106.645 98.3019 55.1672 50.0367 46.9987 54.3914 32.2506 32.0545 29.284 28.9862 27.8003 28.9012
threshold=127.16666666666667 47.500000000000007 139.25000000000003 42.500000000000007 24.150000000000002 74.833333333333357 56.500000000000007 85.583333333333357 58.500000000000007 1.0000000180025095e-35 30.850000000000005 26.150000000000002 6.1500000000000012 38.500000000000007 92.833333333333357
decision_type=10 2 10 2 8 10 2 10 2 2 8 10 10 2 10
left_child=1 5 3 11 6 -1 -3 8 10 -7 -5 -2 -6 14 -4
right_child=2 4 13 7 12 9 -8 -9 -10 -11 -12 -13 -14 -15 -16
leaf_value=-0.04335225745140598 -0.023397941647221171 -0.024656274718763117 -0.020258060992652434 0.0040523035384588913 0.014519322687215508 -0.02382253198212993 0.012603061377015111 0.041043954987350119 0.057923566861230957 0.04063091153799165 0.065056908657541046 0.011647018979368354 0.06132347130667213 0.050205120959524743 0.053542472349020868
leaf_count=25771 3457 8650 419 5828 3190 7006 1651 2807 504 335 284 1395 474 5086 153
internal_value=0 -0.492186 0.578106 0.312851 -0.0706872 -0.740558 -0.323733 0.510247 0.301515 -0.402789 0.155924 -0.230679 0.435157 0.948337 0.239904
internal_count=67010 47077 19933 14275 13965 33112 10301 9423 6616 7341 6112 4852 3664 5658 572
shrinkage=0.05


Tree=13
num_leaves=16
num_cat=0
split_feature=3 0 3 0 4 0 2 2 2 2 2 4 7 4 4
split_gain=970.785 196.531 168.454 107.937 59.1708 53.6083 46.9652 36.4814 31.4134 29.3092 28.4382 26.2922 26.2306 25.393 25.003
threshold=77.583333333333357 51.500000000000007 87.833333333333357 43.500000000000007 115.33333333333336 55.500000000000007 25.750000000000004 27.950000000000003 28.150000000000002 30.150000000000002 23.250000000000004 169.50000000000003 1.0000000180025095e-35 132.16666666666671 132.83333333333334
decision_type=8 2 10 2 10 2 10 8 10 8 10 10 2 10 10
left_child=1 6 3 8 -3 9 -1 -7 -2 12 -4 -12 13 -5 -8
right_child=2 4 10 5 -6 7 14 -9 -10 -11 11 -13 -14 -15 -16
leaf_value=-0.039820051593079303 -0.021293669935871857 -0.018611053781264004 0.026940790090698521 -0.00099546004513007512 0.020744141292408501 0.034841766078563749 -0.019969061335323387 0.10167607557568621 0.018478598942820119 0.050757377951823994 0.043626092941452407 0.08896693507572824 0.068646104973816166 0.021844919126222946 0.033827185519913476
leaf_count=33094 5144 3200 2292 5402 2994 1685 4033 164 919 535 4181 176 203 2549 439
internal_value=0 -0.545475 0.473069 0.213922 0.0820993 0.413034 -0.72177 0.854095 -0.2749 0.258072 0.802012 0.9282 0.191369 0.149795 -0.265836
internal_count=67010 43760 23250 16601 6194 10538 37566 1849 6063 8689 6649 4357 8154 7951 4472
shrinkage=0.05


Tree=14
num_leaves=16
num_cat=0
split_feature=4 0 4 0 2 2 0 3 0 3 0 3 9 2 0
split_gain=888.097 170.391 155.524 117.753 66.7379 57.781 51.2035 44.8958 31.2152 30.1411 26.7235 26.3403 25.5987 23.6632 23.2655
threshold=125.83333333333336 48.500000000000007 139.25000000000003 38.500000000000007 21.850000000000005 23.650000000000002 57.500000000000007 79.833333333333357 50.500000000000007 73.833333333333357 58.500000000000007 82.583333333333357 1.0000000180025095e-35 29.250000000000004 51.500000000000007
decision_type=10 2 10 2 8 8 2 10 2 10 2 10 2 10 2
left_child=1 7 3 -2 -3 10 9 -1 12 13 11 -5 -7 -6 -4
right_child=2 4 14 5 6 8 -8 -9 -10 -11 -12 -13 -14 -15 -16
leaf_value=-0.040244524327023815 -0.032656145362572095 -0.024933460525694003 0.033891589311177216 -0.012994726045228928 -0.023728842277453335 0.01382759201563347 0.042618238773058759 -0.010718771686937703 0.042213096866727723 0.013772010145280213 0.037325629393894603 0.012234831910730841 0.055437047309132764 0.073068687824835207 0.052327124343222467
leaf_count=30158 2768 4998 3782 4269 2670 4929 914 2615 2174 2293 440 2536 504 84 1876
internal_value=0 -0.514523 0.460697 0.236139 -0.0798734 0.346931 0.184404 -0.732336 0.552762 -0.0227433 0.0822373 -0.00417921 0.371559 -0.378278 0.81814
internal_count=67010 43732 23278 17620 10959 14852 5961 32773 7607 5047 7245 6805 5433 2754 5658
shrinkage=0.05


Tree=15
num_leaves=16
num_cat=0
split_feature=3 0 3 0 4 2 0 2 2 4 3 2 6 0 7
split_gain=810.086 182.301 129.635 88.7951 63.0353 43.4178 40.9345 28.3392 28.2112 26.183 25.6001 24.1167 23.3106 22.4159 21.9413
threshold=77.583333333333357 49.500000000000007 87.833333333333357 43.500000000000007 115.33333333333336 25.750000000000004 55.500000000000007 27.950000000000003 28.150000000000002 139.83333333333334 100.83333333333336 24.250000000000004 6.6500000000000012 54.500000000000007 1.0000000180025095e-35
decision_type=8 2 10 2 10 10 2 8 10 10 10 8 10 2 2
left_child=1 5 3 8 12 -1 11 -8 -2 -6 13 -5 -3 -4 -13
right_child=2 4 10 6 9 -7 7 -9 -10 -11 -12 14 -14 -15 -16
leaf_value=-0.040468210051640446 -0.020423137692024113 -0.024008516943441201 0.026581081963757604 0.0016834175927625831 0.011203563237722154 -0.013296565181756754 0.030030218865957421 0.086520107879388547 0.017088323063537775 0.076534998446261382 0.053891050508175858 0.018000516749098965 0.065813860639197308 0.047853382962151657 0.07285486439594839
leaf_count=30755 5144 4534 4866 4989 4052 4170 1685 164 919 141 792 3515 108 991 185
internal_value=0 -0.51997 0.416415 0.188949 -0.00943341 -0.731 0.364197 0.738235 -0.261028 0.300252 0.696754 0.228521 -0.419077 0.621097 0.436382
internal_count=67010 43760 23250 16601 8835 34925 10538 1849 6063 4193 6649 8689 4642 5857 3700
shrinkage=0.05


Tree=16
num_leaves=16
num_cat=0
split_feature=4 0 0 4 2 2 4 6 0 3 6 0 9 3 0
split_gain=746.015 158.127 130.512 85.3261 65.6882 46.7274 41.8302 39.8148 38.6954 34.5648 24.2119 22.9624 22.855 21.4591 26.8777
threshold=125.83333333333336 47.500000000000007 38.500000000000007 139.25000000000003 22.850000000000005 23.650000000000002 145.16666666666671 7.2500000000000009 56.500000000000007 72.833333333333357 6.3500000000000005 50.500000000000007 1.0000000180025095e-35 81.583333333333357 52.500000000000007
decision_type=10 2 2 10 8 8 10 10 2 10 8 2 2 10 2
left_child=1 9 6 5 7 13 -2 -3 -6 -1 -5 -7 -11 14 -4
right_child=2 4 3 10 8 11 -8 -9 -10 12 -12 -13 -14 -15 -16
leaf_value=-0.04281888469487892 -0.031613215650557455 -0.022690927373250874 -0.022288234271725924 0.03334605196447795 -0.00058738996573355444 0.016842094738380022 0.028886891845158011 0.12915907090310691 0.037061127200365536 -0.026408562722744111 0.057285378753461486 0.036733177460852369 0.03003260807552327 0.013062027332066965 0.015111369197551881
leaf_count=22702 3049 7582 3189 4212 4257 5433 291 58 912 7882 874 2174 339 3123 933
internal_value=0 -0.490239 0.408558 0.489646 -0.109805 0.311291 -0.399147 -0.416191 0.209748 -0.731554 0.754888 0.492048 -0.465869 0.0724433 -0.170042
internal_count=67010 43732 23278 19938 12809 14852 3340 7640 5169 30923 5086 7607 8221 7245 4122
shrinkage=0.05


Tree=17
num_leaves=16
num_cat=0
split_feature=3 0 3 0 4 2 2 0 3 0 6 6 6 4 2
split_gain=680.297 167.422 102.265 75.4236 54.3876 43.0358 42.1344 37.185 29.3096 28.7862 22.5937 20.2407 19.3105 17.1854 17.0095
threshold=77.583333333333357 49.500000000000007 85.583333333333357 55.500000000000007 115.33333333333336 25.750000000000004 30.150000000000002 41.500000000000007 92.583333333333357 37.500000000000007 6.1500000000000012 6.4500000000000011 5.8500000000000005 141.16666666666671 27.950000000000003
decision_type=10 2 10 2 8 10 8 2 10 2 10 10 10 10 8
left_child=1 5 3 6 11 -1 7 -2 9 -4 -6 -3 -7 -9 -5
right_child=2 4 8 14 10 12 -8 13 -10 -11 -12 -13 -14 -15 -16
leaf_value=-0.039527390762400985 -0.025995870857152898 -0.023448678762618771 -0.023326170232280483 0.028476927209544783 0.0076693363035458817 -0.019268342445389101 0.035710564457900253 -0.0011615779736929956 0.03725925368973701 0.023669607156709502 0.04713446060237219 0.049060130151458776 0.026841899955440802 0.032531915100221992 0.075123396157406708
leaf_count=30764 3476 4497 420 1438 3739 3580 864 7852 3069 5549 460 145 590 431 136
internal_value=0 -0.494949 0.369506 0.120263 -0.0103027 -0.70848 -0.0244065 -0.10195 0.566734 0.423847 0.270517 -0.400134 -0.23949 0.0316773 0.686286
internal_count=67010 43775 23235 14197 8841 34934 12623 11759 9038 5969 4199 4642 4170 8283 1574
shrinkage=0.05


Tree=18
num_leaves=16
num_cat=0
split_feature=4 0 0 4 2 2 4 3 6 0 2 3 9 6 0
split_gain=626.797 146.669 106.678 64.3279 58.0117 38.787 36.8635 34.2159 33.2592 32.1626 26.747 21.8729 20.9256 20.0694 19.8901
threshold=125.83333333333336 47.500000000000007 38.500000000000007 139.25000000000003 22.850000000000005 23.650000000000002 145.16666666666671 72.833333333333357 7.2500000000000009 57.500000000000007 30.650000000000002 73.833333333333357 1.0000000180025095e-35 6.3500000000000005 51.500000000000007
decision_type=10 2 2 10 8 8 10 10 10 2 10 10 2 8 2
left_child=1 7 6 5 8 -4 -2 -1 -3 10 11 -6 -9 -5 -15
right_child=2 4 3 13 9 -7 -8 12 -10 -11 -12 -13 -14 14 -16
leaf_value=-0.042004512910676937 -0.030521688094446133 -0.021688814700261048 0.003065838628519506 0.028981702489939521 -0.019843221126448207 0.022033790710397645 0.025954460420700612 -0.025224700289253044 0.11000185198999193 0.038081926120797777 0.076143490305673411 0.01036624630417487 0.028373041679363303 0.032559967298149743 0.071457815668596991
leaf_count=22702 3049 7582 7245 4212 2293 7607 291 7882 58 690 124 2062 339 514 360
internal_value=0 -0.465985 0.363229 0.433668 -0.101421 0.279235 -0.380256 -0.709631 -0.396363 0.194865 0.0235347 -0.0461019 -0.441854 0.658463 1.005
internal_count=67010 43732 23278 19938 12809 14852 3340 30923 7640 5169 4479 4355 8221 5086 874
shrinkage=0.05


Tree=19
num_leaves=16
num_cat=0
split_feature=3 0 4 0 9 2 6 0 4 0 2 6 2 2 2
split_gain=577.444 134.774 112.577 65.4228 41.858 33.4387 32.6526 32.3987 30.1424 28.1053 26.6127 25.6234 21.1385 20.9819 20.1449
threshold=75.833333333333357 53.500000000000007 131.83333333333334 45.500000000000007 1.0000000180025095e-35 24.550000000000004 6.9500000000000011 60.500000000000007 144.16666666666671 38.500000000000007 31.050000000000004 5.4500000000000011 36.150000000000013 30.050000000000004 22.050000000000004
decision_type=8 2 10 2 2 8 10 2 10 2 10 10 10 8 8
left_child=1 4 3 12 10 6 -3 8 9 -4 -1 -9 -2 -11 -5
right_child=2 5 7 14 -6 -7 -8 11 -10 13 -12 -13 -14 -15 -16
leaf_value=-0.036888939838941252 -0.017658700211256005 -0.009648945377314368 -0.017169645456933665 -0.0043706102060610897 0.013236592336144361 0.034665961367453826 0.10006504807386507 0.016086433251341906 0.03096290599958423 0.015368808549237346 0.026543142352334292 0.076261618134986095 0.099406739947004233 0.043189226849845601 0.016956744209585036
leaf_count=34489 7210 2806 1018 2489 1116 753 67 157 3289 7058 399 267 40 645 5207
internal_value=0 -0.52861 0.293859 0.0190553 -0.677877 0.140061 -0.104033 0.470179 0.433068 0.311282 -0.717944 1.09602 -0.327296 0.363995 0.226573
internal_count=67010 39630 27380 14946 36004 3626 2873 12434 12010 8721 34888 424 7250 7703 7696
shrinkage=0.05


Tree=20
num_leaves=16
num_cat=0
split_feature=4 0 0 4 2 2 3 2 0 6 0 1 3 3 0
split_gain=529.148 112.137 108.232 64.7551 43.5249 37.7595 35.5133 29.773 26.7335 24.8308 23.1014 23.9867 21.4991 20.8171 25.2217
threshold=122.33333333333336 48.500000000000007 38.500000000000007 139.25000000000003 23.650000000000002 21.850000000000005 92.833333333333357 27.150000000000002 61.500000000000007 6.1500000000000012 60.500000000000007 1.5000000000000002 82.583333333333357 89.583333333333357 60.500000000000007
decision_type=8 2 2 10 8 8 10 10 2 10 2 2 10 10 2
left_child=1 7 6 4 10 -3 -2 -1 9 -7 12 -12 -4 14 -6
right_child=2 5 3 -5 13 8 -8 -9 -10 -11 11 -13 -14 -15 -16
leaf_value=-0.038814478693904642 -0.029381663895731155 -0.02337911392766838 -0.011950036218071537 0.028812491934151314 0.012493981541752974 -0.0043918135465629716 0.028046905396287125 -0.0041099993978210595 0.063351118328047726 0.040273235327129155 0.074081517695902308 -0.0058475536902666998 0.0080553648123000421 0.038073070649174742 0.05456576272426375
leaf_count=27551 4191 4512 6219 5086 8432 4219 196 1676 185 449 148 141 2989 793 223
internal_value=0 -0.509054 0.280516 0.347739 0.213622 -0.116117 -0.412002 -0.722527 0.111112 0.0305694 0.00532969 0.762517 -0.0477464 0.370085 0.29958
internal_count=67010 38592 28418 24031 18945 9365 4387 29227 4853 4668 9497 289 9208 9448 8655
shrinkage=0.05


Tree=21
num_leaves=16
num_cat=0
split_feature=3 0 4 0 9 1 0 0 2 4 4 4 2 2 6
split_gain=491.673 123.248 86.7494 56.9494 39.7843 30.8694 35.4796 27.4205 25.7063 24.9437 23.0838 21.7488 21.7421 21.6604 21.1502
threshold=75.833333333333357 53.500000000000007 131.83333333333334 44.500000000000007 1.0000000180025095e-35 1.5000000000000002 61.500000000000007 55.500000000000007 24.450000000000003 116.25000000000001 134.83333333333334 169.50000000000003 31.050000000000004 29.950000000000003 7.1500000000000012
decision_type=8 2 10 2 2 2 2 2 8 10 10 10 10 10 10
left_child=1 4 3 13 9 6 -3 8 -4 -1 14 -10 -11 -2 -7
right_child=2 5 7 -5 -6 10 -8 -9 11 12 -12 -13 -14 -15 -16
leaf_value=-0.0408689392552046 -0.021596387631409378 0.013221925741006694 0.0090017692169716834 0.0095749079427499863 0.013085290112880059 -0.026870501146950207 0.094594933698307099 0.034489126506305888 0.021961770783720545 -0.02659257657970291 0.04212192551691385 0.066971215658049685 0.039433294750759317 0.026296736925812299 0.09760719667283696
leaf_count=23160 6026 1763 5314 8541 1116 1571 145 1727 5267 11448 124 126 280 379 23
internal_value=0 -0.504516 0.263574 0.0205715 -0.655176 0.129599 0.443721 0.415031 0.345705 -0.696633 -0.264627 0.479741 -0.486142 -0.346687 -0.449809
internal_count=67010 39630 27380 14946 36004 3626 1908 12434 10707 34888 1718 5393 11728 6405 1594
shrinkage=0.05


Tree=22
num_leaves=16
num_cat=0
split_feature=3 0 3 0 2 0 2 2 6 6 3 2 9 4 2
split_gain=450.231 118.134 80.0413 66.3367 36.0621 34.25 31.7587 29.7468 21.8361 20.7115 20.6701 20.0152 16.9317 16.5243 16.0113
threshold=75.833333333333357 51.500000000000007 85.583333333333357 55.500000000000007 21.050000000000004 38.500000000000007 24.150000000000002 28.950000000000003 7.9500000000000011 6.3500000000000005 97.166666666666671 36.95000000000001 1.0000000180025095e-35 139.83333333333334 24.750000000000004
decision_type=8 2 10 2 8 2 8 8 10 10 10 10 2 10 8
left_child=1 6 3 5 -3 -2 -1 13 10 14 -4 12 -8 -7 -6
right_child=2 4 8 -5 9 7 11 -9 -10 -11 -12 -13 -14 -15 -16
leaf_value=-0.038895328530069953 -0.030122988625068854 -0.024807243361533123 0.016691334264275923 0.026257470715268461 -0.0043728158683679422 -0.0060069891836547146 -0.023340145873811082 0.025221878907615677 0.068347510703396397 0.049578845735820123 0.032308097474765464 0.099139615251329971 0.024978752923251003 0.020556391293001946 0.025157162570079297
leaf_count=26916 2589 1981 7497 1938 2271 11887 6887 1226 143 301 1398 60 413 702 801
internal_value=0 -0.491394 0.248389 0.0568915 0.0322271 -0.067435 -0.670634 0.00362478 0.424384 0.243554 0.405193 -0.352148 -0.386776 -0.0708868 0.122775
internal_count=67010 39630 27380 18342 5354 16404 34276 13815 9038 3373 8895 7360 7300 12589 3072
shrinkage=0.05


Tree=23
num_leaves=16
num_cat=0
split_feature=4 0 0 3 0 2 4 3 2 0 6 6 6 4 2
split_gain=416.385 101.408 86.6809 45.4389 37.6392 31.5269 29.3685 29.1353 26.2885 20.623 19.8789 19.5478 19.4228 18.2476 17.5362
threshold=122.33333333333336 48.500000000000007 38.500000000000007 85.583333333333357 52.500000000000007 21.850000000000005 145.16666666666671 79.833333333333357 28.950000000000003 61.500000000000007 5.9500000000000011 6.1500000000000012 8.1500000000000004 141.16666666666671 27.150000000000002
decision_type=8 2 2 10 2 8 10 10 8 2 10 10 10 10 10
left_child=1 7 6 4 8 -3 -2 14 13 11 -6 -7 -5 -4 -1
right_child=2 5 3 12 10 9 -8 -9 -10 -11 -12 -13 -14 -15 -16
leaf_value=-0.040061041923493156 -0.028957541217481442 -0.021724674534788997 -0.0069353982704320281 0.020792004624741071 0.013213835260009575 -0.0039667143082244604 0.019783915211861774 -0.0068739275210676744 0.024665834213014225 0.053907915107734461 0.04013297526302851 0.034794135298137824 0.069679997346140679 0.02683096925028515 -0.0092822756402100998
leaf_count=26092 4096 4512 10864 7798 2890 4219 291 1689 1175 185 715 449 117 472 1446
internal_value=0 -0.473355 0.239283 0.297115 0.143902 -0.101179 -0.393236 -0.69069 -0.0039342 0.102517 0.392272 0.0291664 0.43405 -0.0859501 -0.757436
internal_count=67010 38592 28418 24031 16116 9365 4387 29227 12511 4853 3605 4668 7915 11336 27538
shrinkage=0.05


Tree=24
num_leaves=16
num_cat=0
split_feature=3 0 4 0 2 2 0 6 3 6 2 0 9 0 2
split_gain=382.259 106.912 62.5251 46.552 31.508 31.0761 22.8574 20.9574 21.0282 20.427 20.2282 19.2387 18.5253 17.7872 24.7182
threshold=75.833333333333357 51.500000000000007 131.83333333333334 44.500000000000007 23.650000000000002 21.050000000000004 60.500000000000007 7.2500000000000009 94.833333333333357 5.4500000000000011 36.150000000000013 31.500000000000004 1.0000000180025095e-35 59.500000000000007 32.250000000000007
decision_type=8 2 10 2 8 8 2 10 10 10 10 2 2 2 8
left_child=1 4 3 10 -1 -3 7 8 11 -8 -2 -4 -6 14 -7
right_child=2 5 6 -5 12 13 9 -9 -10 -11 -12 -13 -14 -15 -16
leaf_value=-0.038564797829385593 -0.017766708055315241 -0.023781634335857036 -0.027512863201536411 0.0083229616849479354 -0.02177445036914424 -7.0864721316993715e-05 0.0092331296112208652 0.047027546449720257 0.024511560963873909 0.060860786465138483 0.095817581598572829 0.012020479263268215 0.026033206545599503 0.035681021173056562 0.10790077068691138
leaf_count=25437 6368 1981 537 8541 8369 2832 157 345 2021 267 37 9107 470 496 45
internal_value=0 -0.46725 0.222917 0.0155549 -0.646967 0.0265111 0.348351 0.317781 0.293669 0.853452 -0.324107 0.214774 -0.357521 0.217821 0.0642096
internal_count=67010 39630 27380 14946 34276 5354 12434 12010 11665 424 6405 9644 8839 3373 2877
shrinkage=0.05


end of trees

feature importances:
H25_age=111
H25_bmi=85
H25_dbp=71
H25_sbp=61
H25_a1c=26
H25_is_medicine=16
H25_dm=3
H25_sex=2

parameters:
[boosting: gbdt]
[objective: binary]
[metric: binary]
[tree_learner: serial]
[device_type: cpu]
[data: ]
[valid: ]
[num_iterations: 100]
[learning_rate: 0.05]
[num_leaves: 16]
[num_threads: 0]
[max_depth: -1]
[min_data_in_leaf: 20]
[min_sum_hessian_in_leaf: 1]
[bagging_fraction: 0.4]
[bagging_freq: 0]
[bagging_seed: 3]
[feature_fraction: 1]
[feature_fraction_seed: 2]
[early_stopping_round: 0]
[max_delta_step: 0]
[lambda_l1: 0]
[lambda_l2: 1]
[min_gain_to_split: 0]
[drop_rate: 0.1]
[max_drop: 50]
[skip_drop: 0.5]
[xgboost_dart_mode: 0]
[uniform_drop: 0]
[drop_seed: 4]
[top_rate: 0.2]
[other_rate: 0.1]
[min_data_per_group: 100]
[max_cat_threshold: 32]
[cat_l2: 10]
[cat_smooth: 10]
[max_cat_to_onehot: 4]
[top_k: 20]
[monotone_constraints: ]
[feature_contri: ]
[forcedsplits_filename: ]
[refit_decay_rate: 0.9]
[verbosity: 0]
[max_bin: 255]
[min_data_in_bin: 3]
[bin_construct_sample_cnt: 200000]
[histogram_pool_size: -1]
[data_random_seed: 1]
[output_model: LightGBM_model.txt]
[snapshot_freq: -1]
[input_model: ]
[output_result: LightGBM_predict_result.txt]
[initscore_filename: ]
[valid_data_initscores: ]
[pre_partition: 0]
[enable_bundle: 1]
[max_conflict_rate: 0]
[is_enable_sparse: 1]
[sparse_threshold: 0.8]
[use_missing: 1]
[zero_as_missing: 0]
[two_round: 0]
[save_binary: 0]
[enable_load_from_binary_file: 1]
[header: 0]
[label_column: ]
[weight_column: ]
[group_column: ]
[ignore_column: ]
[categorical_feature: ]
[predict_raw_score: 0]
[predict_leaf_index: 0]
[predict_contrib: 0]
[num_iteration_predict: -1]
[pred_early_stop: 0]
[pred_early_stop_freq: 10]
[pred_early_stop_margin: 10]
[convert_model_language: ]
[convert_model: gbdt_prediction.cpp]
[num_class: 1]
[is_unbalance: 0]
[scale_pos_weight: 1]
[sigmoid: 1]
[boost_from_average: 1]
[reg_sqrt: 0]
[alpha: 0.9]
[fair_c: 1]
[poisson_max_delta_step: 0.7]
[tweedie_variance_power: 1.5]
[max_position: 20]
[label_gain: ]
[metric_freq: 1]
[is_provide_training_metric: 0]
[eval_at: ]
[num_machines: 1]
[local_listen_port: 12400]
[time_out: 120]
[machine_list_filename: ]
[machines: ]
[gpu_platform_id: -1]
[gpu_device_id: -1]
[gpu_use_dp: 0]

end of parameters

pandas_categorical:[]
