tree
version=v2
num_class=1
num_tree_per_iteration=1
label_index=0
max_feature_idx=9
objective=binary sigmoid:1
feature_names=H25_age H25_sex H25_bmi H25_dbp H25_sbp H25_lhrate H25_a1c H25_dm H25_dl H25_is_medicine
feature_infos=[18:74] [1:2] [0:65.599999999999994] [0:145] [0:228] [0.097560975609756101:8.8461538461538485] [2.7999999999999998:15.300000000000001] [0:1] [0:1] [0:2]
tree_sizes=1329 1345 1348 1353 1351 1362 1360 1359 1363 1360 1360 1369 1367 1359 1366 1365 1370 1367 1363 1373 1367 1370 1369 1373 1369

Tree=0
num_leaves=16
num_cat=0
split_feature=3 3 0 3 4 0 2 6 4 3 0 2 4 4 2
split_gain=5030.71 1085.98 400.158 369.027 268.894 148.212 142.692 117.054 102.23 97.914 96.6684 93.9056 75.2915 61.5263 58.2261
threshold=89.583333333333357 81.583333333333357 53.500000000000007 101.83333333333336 139.25000000000003 47.500000000000007 24.550000000000004 5.9500000000000011 139.25000000000003 75.833333333333357 45.500000000000007 23.650000000000002 135.83333333333334 125.25000000000001 24.650000000000002
decision_type=10 10 2 10 10 2 8 8 10 10 2 8 10 8 8
left_child=1 2 9 7 5 -3 12 -2 -9 -1 -6 -7 -4 -8 -11
right_child=3 4 6 -5 10 11 13 8 -10 14 -12 -13 -14 -15 -16
leaf_value=-2.7755062847370597 -2.5834411294961614 -2.7300725356746698 -2.7372768112404753 -2.3935980433680424 -2.6828283806721811 -2.7121846756455796 -2.6859577519289037 -2.5834588691409301 -2.4630751532646831 -2.7641477871503035 -2.5874060125182772 -2.6567294482015287 -2.6272247793575776 -2.5936337402690661 -2.733931229230242
leaf_count=31072 3003 6228 3488 702 795 2528 856 593 898 7721 1179 2827 276 507 4337
internal_value=0 -0.33199 -0.625193 3.93742 0.711145 0.466766 0.475904 3.47243 4.45613 -0.756223 2.12848 0.974729 0.0546784 1.62377 -0.436018
internal_count=67010 61814 48257 5196 13557 11583 5127 4494 1491 43130 1974 5355 3764 1363 12058
shrinkage=1


Tree=1
num_leaves=16
num_cat=0
split_feature=3 3 3 0 4 0 4 2 0 0 4 3 4 2 6
split_gain=3947.62 707.149 475.95 313.708 185.556 177.229 130.751 119.964 98.1706 89.2847 78.8372 76.0288 68.0243 63.3321 49.2588
threshold=87.583333333333357 77.833333333333357 92.583333333333357 47.500000000000007 141.83333333333334 53.500000000000007 147.25000000000003 23.550000000000004 45.500000000000007 56.500000000000007 139.25000000000003 83.166666666666671 116.16666666666667 23.250000000000004 6.1500000000000012
decision_type=10 8 10 2 8 2 10 8 2 2 10 10 10 10 10
left_child=1 5 8 11 7 -1 13 -5 -2 14 -10 -3 -7 -4 -9
right_child=2 3 6 4 -6 12 -8 9 10 -11 -12 -13 -14 -15 -16
leaf_value=-0.041600910418152115 0.044087389871086284 -0.02352182632068657 0.086517253040947831 0.0049195169160858934 0.13861560522585217 -0.020972572709914115 0.22153601350915297 0.030628576318912644 0.080215052392601349 0.11874571165675765 0.15219016505947544 0.013016851236959471 0.035400467802905553 0.16789541039608638 0.10071800869934099
leaf_count=35190 1642 7876 571 4040 666 1894 1585 3019 1794 720 930 3587 1749 1273 474
internal_value=0 -0.397172 2.59015 0.224026 0.796445 -0.73749 3.62918 0.617448 1.68008 1.09265 2.13813 -0.238402 0.129657 2.87438 0.812628
internal_count=67010 59215 7795 20382 8919 38833 3429 8253 4366 4213 2724 11463 3643 1844 3493
shrinkage=0.05


Tree=2
num_leaves=16
num_cat=0
split_feature=3 3 0 3 4 2 2 4 4 0 4 0 2 2 0
split_gain=3269.63 520.393 512.042 268.985 172.573 111.338 102.6 102.159 97.8898 73.8572 58.5745 46.7239 46.6028 40.0977 48.8603
threshold=85.250000000000014 91.583333333333357 53.500000000000007 76.833333333333357 135.83333333333334 28.550000000000004 24.150000000000002 139.25000000000003 153.25000000000003 44.500000000000007 139.25000000000003 46.500000000000007 21.950000000000003 23.250000000000004 47.500000000000007
decision_type=10 10 2 10 8 8 8 10 10 2 10 2 8 8 2
left_child=2 7 3 -1 6 9 -4 13 -3 -5 -11 -9 -10 -2 -15
right_child=1 8 4 5 -6 -7 -8 11 12 10 -12 -13 -14 14 -16
leaf_value=-0.042124421705302673 0.018353050665919395 0.12271012567703553 -0.0031196045657449333 -0.030747870743903335 0.11154759940817652 0.039565267272169136 0.054900914443917009 0.056663376602283044 0.091092193051679066 -0.0054834405072369252 0.072102632972846969 0.12200356746439932 0.20116656486562695 0.030766137125598777 0.080113799501690286
leaf_count=33221 1874 2942 3836 7068 824 1787 1825 744 164 7189 385 976 919 1702 1554
internal_value=0 1.85948 -0.458703 -0.6134 0.608775 -0.179375 0.336686 1.14907 2.83311 -0.301604 -0.0184023 1.93038 3.71936 0.846734 1.1118
internal_count=67010 10875 56135 49650 6485 16429 5661 6850 4025 14642 7574 1720 1083 5130 3256
shrinkage=0.05


Tree=3
num_leaves=16
num_cat=0
split_feature=3 3 0 2 3 4 3 2 4 0 6 0 4 4 9
split_gain=2795.44 568.878 405.402 146.39 126.656 102.853 102.807 65.7215 65.305 63.7325 51.0428 50.8235 44.2875 40.7863 40.3965
threshold=83.833333333333357 89.583333333333357 51.500000000000007 24.950000000000003 75.833333333333357 139.25000000000003 95.250000000000014 24.750000000000004 116.16666666666667 56.500000000000007 8.0500000000000025 56.500000000000007 135.25000000000003 168.33333333333334 1.0000000180025095e-35
decision_type=10 10 2 8 10 10 10 8 10 2 10 2 8 10 2
left_child=2 5 4 8 -1 9 14 -6 -4 10 -2 -10 -5 -8 -3
right_child=1 6 3 12 7 -7 13 -9 11 -11 -12 -13 -14 -15 -16
leaf_value=-0.043481320239229085 0.019410176258811588 0.082614663227885729 -0.026952304061532179 0.046677401662470253 -0.029872404659926445 0.079241993556966761 0.13013073024269095 -2.0432945309822828e-05 -0.0029314200473853015 0.087424929246900124 0.15663143922148104 0.045744327692337994 0.1272313837905914 0.20869244569420053 0.15213513815185672
leaf_count=29604 7047 2744 2729 1735 9100 1628 1958 5194 2452 593 92 1368 272 203 291
internal_value=0 1.39506 -0.522825 0.28659 -0.70081 0.753672 2.24931 -0.374614 -0.0292991 0.544409 0.432336 0.308644 1.19914 2.78827 1.8008
internal_count=67010 14556 52454 8556 43898 9360 5196 14294 6549 7732 7139 3820 2007 2161 3035
shrinkage=0.05


Tree=4
num_leaves=16
num_cat=0
split_feature=3 3 0 3 2 4 4 2 4 0 0 2 3 2 6
split_gain=2435.17 429.694 381.747 124.973 124.246 82.5389 73.9457 62.0139 60.5399 54.6933 42.9952 35.5259 35.0892 34.5812 34.1449
threshold=83.833333333333357 89.583333333333357 51.500000000000007 75.833333333333357 24.950000000000003 140.25000000000003 143.25000000000003 24.750000000000004 127.83333333333336 47.500000000000007 38.500000000000007 29.850000000000005 101.83333333333336 30.150000000000002 5.9500000000000011
decision_type=10 10 2 10 8 10 10 8 10 2 2 8 10 8 8
left_child=2 5 3 -1 8 9 10 -5 -4 11 -3 -2 14 -6 -8
right_child=1 6 4 7 13 -7 12 -9 -10 -11 -12 -13 -14 -15 -16
leaf_value=-0.042987833800337188 0.0032480941357410269 -0.011802338994865285 -0.01329884087965719 -0.029161851651897837 0.044556599390049169 0.073778377088769234 0.08612939611747096 -1.9415760785865637e-05 0.032200381385148337 0.042470467400590836 0.081216817231810665 0.065286050937123308 0.14650248769096963 0.123979788876034 0.13316102973140992
leaf_count=29604 3787 154 4992 9100 1790 1408 1328 5194 1557 3769 2439 396 633 217 642
internal_value=0 1.25064 -0.508965 -0.687525 0.268609 0.69316 1.95238 -0.362087 -0.0281614 0.520195 1.51606 0.190689 2.31672 1.08302 2.06234
internal_count=67010 14556 52454 43898 8556 9360 5196 14294 6549 7952 2593 4183 2603 2007 1970
shrinkage=0.05


Tree=5
num_leaves=16
num_cat=0
split_feature=3 0 3 2 4 0 0 0 3 4 9 4 2 3 2
split_gain=2134.75 363.232 333.419 165.349 77.9763 76.4991 67.5974 62.2214 58.2798 51.2567 42.0842 41.422 36.793 35.0282 32.4931
threshold=83.833333333333357 47.500000000000007 89.583333333333357 24.650000000000002 132.83333333333334 56.500000000000007 47.500000000000007 56.500000000000007 95.250000000000014 132.83333333333334 1.0000000180025095e-35 141.83333333333334 30.250000000000004 73.833333333333357 26.250000000000004
decision_type=10 2 10 8 10 2 2 2 10 10 2 10 10 10 8
left_child=1 4 6 5 -1 13 10 12 -4 -7 -2 -8 -5 -3 -6
right_child=2 3 8 7 14 9 11 -9 -10 -11 -12 -13 -14 -15 -16
leaf_value=-0.041385746292428971 0.0096622627740138578 -0.036083994334764093 0.070004837244698109 0.013902176864006244 -0.020445468859065331 0.0057565101946216116 0.039044302808940314 0.077212811578278404 0.1042314382875488 0.086495302665898624 0.079024622640664413 0.085184355221926994 0.087092094022987412 -0.0096822814823580416 0.026641839303226673
leaf_count=32888 4529 4804 3035 3475 2222 1827 3825 796 2161 312 349 657 276 4883 971
internal_value=0 -0.495204 1.12918 0.01524 -0.760088 -0.268345 0.639097 0.649197 1.71877 0.414509 0.300833 0.955741 0.402197 -0.444204 -0.107406
internal_count=67010 52454 14556 16373 36081 11826 9360 4547 5196 2139 4878 4482 3751 9687 3193
shrinkage=0.05


Tree=6
num_leaves=16
num_cat=0
split_feature=3 0 3 2 0 4 4 2 4 0 0 3 4 7 0
split_gain=1880.97 346.895 263.603 147.395 76.7791 76.0698 59.6062 49.5971 47.4967 47.1696 44.5654 39.3362 39.2007 38.1079 30.0768
threshold=83.833333333333357 47.500000000000007 89.583333333333357 24.950000000000003 56.500000000000007 132.83333333333334 139.25000000000003 22.950000000000003 132.83333333333334 55.500000000000007 56.500000000000007 73.833333333333357 153.25000000000003 1.0000000180025095e-35 38.500000000000007
decision_type=10 2 10 8 2 10 10 8 10 2 2 10 10 2 2
left_child=1 5 6 4 11 -1 10 -4 -6 -5 13 -3 14 -2 -9
right_child=2 3 7 9 8 -7 -8 12 -10 -11 -12 -13 -14 -15 -16
leaf_value=-0.040846665311468675 0.014133526136089914 -0.035581245284444327 0.05093894780796613 0.019581322450293946 0.0065666297468041021 -0.0051354714813867993 0.05847341251325288 0.012205266854577757 0.07990484099282133 0.067837916412987462 0.068352402219908487 -0.0079586942270298468 0.11144644457031333 0.092775674971038447 0.079496657853622144
leaf_count=32888 6935 4953 1427 3162 1913 3193 1628 187 331 856 593 5158 862 204 2720
internal_value=0 -0.481595 1.02536 0.014227 -0.237095 -0.747879 0.590905 1.52867 0.418712 0.651743 0.431273 -0.414116 1.70853 0.337239 1.51016
internal_count=67010 52454 14556 16373 12355 36081 9360 5196 2244 4018 7732 10111 3769 7139 2907
shrinkage=0.05


Tree=7
num_leaves=16
num_cat=0
split_feature=3 0 4 4 0 4 2 3 3 0 2 0 4 2 2
split_gain=1664.92 331.538 216.583 140.556 87.9473 74.4855 55.4924 52.2333 45.7131 39.3231 38.8864 39.6628 32.8179 29.9653 29.4922
threshold=83.166666666666671 47.500000000000007 139.25000000000003 116.16666666666667 55.500000000000007 132.83333333333334 27.450000000000003 89.833333333333357 95.250000000000014 38.500000000000007 30.050000000000004 47.500000000000007 135.83333333333334 24.050000000000004 26.250000000000004
decision_type=10 2 10 8 2 10 8 10 10 2 8 2 8 8 8
left_child=1 5 7 -3 6 13 -5 10 9 -4 11 -2 -6 -1 -7
right_child=2 3 8 4 12 14 -8 -9 -10 -11 -12 -13 -14 -15 -16
leaf_value=-0.045085707922679512 0.0013121228530798053 -0.025982884306172793 -0.0028803466185074408 -0.0044375371150906472 0.032851116912546295 -0.019581425694563823 0.047072933761627016 0.051365343785091756 0.087352429481649577 0.06263140342208294 0.069833996219275399 0.029912312783135844 0.085130010175141838 -0.02955104050215801 0.025188686474895666
leaf_count=23038 3730 6358 283 6750 1912 2219 922 1798 1751 2989 504 3514 428 9844 970
internal_value=0 -0.468343 0.935524 0.0135157 0.300095 -0.73605 0.057565 0.565058 1.40179 1.15338 0.40303 0.327197 0.90657 -0.806642 -0.096743
internal_count=67010 52441 14569 16370 10012 36071 7672 9546 5023 3272 7748 7244 2340 32882 3189
shrinkage=0.05


Tree=8
num_leaves=16
num_cat=0
split_feature=3 0 4 4 2 4 2 0 0 3 3 6 0 3 2
split_gain=1478.81 316.09 176.31 128.176 76.9337 72.5297 46.527 39.1864 36.6835 36.6522 36.3432 32.9674 32.4107 30.5069 26.6438
threshold=83.166666666666671 47.500000000000007 139.25000000000003 116.16666666666667 24.250000000000004 132.83333333333334 23.250000000000004 56.500000000000007 55.500000000000007 87.583333333333357 95.250000000000014 6.1500000000000012 38.500000000000007 74.833333333333357 26.250000000000004
decision_type=10 2 10 8 8 10 8 2 2 10 10 10 2 10 8
left_child=1 5 6 -3 7 13 -2 -5 -6 11 12 -8 -4 -1 -7
right_child=2 3 10 4 8 14 9 -9 -10 -11 -12 -13 -14 -15 -16
leaf_value=-0.044798257443526508 0.0089935561915697789 -0.025280215365727412 -0.0027481624374815199 -0.011055343081827677 0.022148868689263513 -0.01894592409702792 0.014840695923037085 0.028266067541135965 0.063280713461434976 0.050243192154147444 0.07817947592095259 0.070357810415539207 0.056681218832533846 -0.029002100772782032 0.023423220568875108
leaf_count=23004 3562 6358 283 4977 2969 2219 3109 1185 881 2494 1751 381 2989 9878 970
internal_value=0 -0.455037 0.857459 0.0126254 0.28148 -0.723661 0.524467 -0.0304472 0.688578 0.712753 1.26533 0.439467 1.04763 -0.795637 -0.0924761
internal_count=67010 52441 14569 16370 10012 36071 9546 6162 3850 5984 5023 3490 3272 32882 3189
shrinkage=0.05


Tree=9
num_leaves=16
num_cat=0
split_feature=3 0 3 2 0 4 9 2 2 4 2 3 0 4 2
split_gain=1323.48 246.112 217.084 97.6622 75.116 70.4188 41.8394 38.815 36.2328 35.5735 32.5483 31.7467 30.9018 30.8603 29.0355
threshold=81.583333333333357 51.500000000000007 89.583333333333357 25.650000000000002 45.500000000000007 116.16666666666667 1.0000000180025095e-35 28.150000000000002 31.050000000000004 141.83333333333334 22.950000000000003 75.833333333333357 56.500000000000007 130.83333333333334 23.650000000000002
decision_type=10 2 10 8 2 8 2 8 8 10 8 10 2 10 8
left_child=1 3 4 11 7 -3 13 -2 12 14 -4 -1 -7 -5 -6
right_child=2 5 10 6 9 8 -8 -9 -10 -11 -12 -13 -14 -15 -16
leaf_value=-0.043972468869449 -0.0076174491619274733 -0.018848594212553825 0.037398383077188672 -0.023366921338784454 0.010225853604805888 0.0050440447815392198 0.043893433749614838 0.033893637536655884 0.12288265523973328 0.057313980593097585 0.06350794142952397 -0.027014985657723437 0.038415931921408124 0.015465207488993432 0.034824035315044126
leaf_count=25309 4697 3135 1427 5365 3185 2765 646 1015 83 924 3769 8257 1524 1173 3736
internal_value=0 -0.505388 0.690363 -0.673998 0.383162 0.150964 -0.191641 0.0146861 0.443321 0.599814 1.1368 -0.788641 0.380431 -0.305631 0.488233
internal_count=67010 48257 18753 40750 13557 7507 7184 5712 4372 7845 5196 33566 4289 6538 6921
shrinkage=0.05


Tree=10
num_leaves=16
num_cat=0
split_feature=3 0 4 4 3 0 2 6 0 2 4 2 2 4 0
split_gain=1189.58 239.785 181.747 91.7907 68.9098 53.7417 53.4234 45.1765 35.1033 34.0786 31.5802 29.9223 29.0728 24.5307 24.3399
threshold=81.583333333333357 47.500000000000007 141.83333333333334 116.16666666666667 87.583333333333357 56.500000000000007 25.650000000000002 6.1500000000000012 40.500000000000007 24.550000000000004 129.83333333333334 30.150000000000002 21.650000000000002 168.33333333333334 38.500000000000007
decision_type=10 2 10 8 10 2 8 10 2 8 10 8 8 10 2
left_child=1 6 4 -3 7 9 -1 8 -2 -5 -8 -10 -4 -14 -6
right_child=2 3 12 5 14 -7 10 -9 11 -11 -12 -13 13 -15 -16
leaf_value=-0.041862832989262147 -0.023100904518712832 -0.024672269345934372 0.024836522024734367 -0.011348666482904293 -0.017374838934103711 0.038716110036453401 -0.026779237345256252 0.050616904483161557 0.0075227955269061581 0.019716291976830211 0.012839516131759612 0.06316013416590302 0.055742556069617193 0.10015749623057851 0.038344762638394064
leaf_count=27863 1626 6239 623 4428 235 1555 4628 761 7204 2290 1254 328 3706 203 4067
internal_value=0 -0.491879 0.6391 -0.0501202 0.392385 0.213021 -0.741802 0.187514 0.102301 0.0191112 -0.336233 0.208339 1.09314 1.18008 0.711739
internal_count=67010 48257 18753 14512 14221 8273 33745 9919 9158 6718 5882 7532 4532 3909 4302
shrinkage=0.05


Tree=11
num_leaves=16
num_cat=0
split_feature=3 4 0 2 2 0 4 6 3 3 3 0 6 9 2
split_gain=1072.93 226.638 185.02 74.1858 64.0804 55.9197 43.1954 38.5119 36.8361 33.8166 30.3502 26.7081 25.4595 24.4247 23.8739
threshold=79.583333333333357 139.25000000000003 51.500000000000007 23.650000000000002 25.750000000000004 47.500000000000007 122.25000000000001 6.1500000000000012 93.833333333333357 85.583333333333357 99.166666666666671 44.500000000000007 5.8500000000000005 1.0000000180025095e-35 29.050000000000004
decision_type=10 10 2 8 8 2 8 8 10 10 10 2 10 2 8
left_child=2 3 4 9 -1 8 14 10 13 11 -3 -2 -6 -5 -4
right_child=1 7 6 5 12 -7 -8 -9 -10 -11 -12 -13 -14 -15 -16
leaf_value=-0.040133238540228995 -0.033926899613207218 0.033650820228285937 -0.012831364167672072 -0.00071958745408564945 -0.019722782480808401 0.036988343632091567 0.024748108043427669 0.066522318556668333 0.059255979414511911 0.01363059276539233 0.06332277810659788 -0.0021099047914862382 0.02216464803555555 0.045189902446621813 0.07135471895699956
leaf_count=31150 2080 3296 4215 4829 5016 4263 2105 1654 252 2584 686 3430 888 458 104
internal_value=0 0.517522 -0.547059 0.256639 -0.705968 0.463262 0.0757589 0.970822 0.180314 -0.0378041 0.813644 -0.253666 -0.259486 0.0769153 -0.194225
internal_count=67010 23532 43478 17896 37054 9802 6424 5636 5539 8094 3982 5510 5904 5287 4319
shrinkage=0.05


Tree=12
num_leaves=16
num_cat=0
split_feature=4 0 4 2 3 0 2 3 2 2 3 6 6 0 3
split_gain=974.092 242.976 107.221 97.9298 89.0977 83.9094 47.702 40.2904 40.559 31.8125 31.8294 30.5373 27.2386 26.3405 28.7655
threshold=131.83333333333334 47.500000000000007 147.25000000000003 23.650000000000002 82.833333333333357 38.500000000000007 23.750000000000004 77.833333333333357 29.250000000000004 34.550000000000004 89.833333333333357 6.3500000000000005 6.5500000000000007 56.500000000000007 83.833333333333357
decision_type=10 2 10 8 10 2 8 8 10 8 10 8 10 2 10
left_child=1 4 5 -3 12 -2 13 8 -5 10 -8 -4 -1 14 -7
right_child=2 3 11 7 -6 6 9 -9 -10 -11 -12 -13 -14 -15 -16
leaf_value=-0.039403998952854444 -0.023686036925912968 -0.015635148243134719 0.046668084249601588 -0.0078509713771875503 -0.0022420377986249042 -0.013868587547759065 0.025732194402320292 0.029829950861126525 0.077399843064123591 0.09470329993584907 0.050515569461145673 0.080613465363084835 0.023588058958781754 0.045846263106346458 0.018417470254516406
leaf_count=31372 1424 9809 2032 3158 3007 2061 5073 3146 201 226 1497 613 392 550 2449
internal_value=0 -0.405912 0.640211 -0.0103646 -0.668524 0.477021 0.559859 0.335923 -0.0184693 0.734067 0.686729 1.09973 -0.770183 0.278501 0.167942
internal_count=67010 51085 15925 16314 34771 13280 11856 6505 3359 6796 6570 2645 31764 5060 4510
shrinkage=0.05


Tree=13
num_leaves=16
num_cat=0
split_feature=3 3 0 0 2 2 4 2 4 4 0 0 9 6 5
split_gain=896.37 210.191 122.962 104.184 48.4286 38.5049 36.7933 35.13 32.6707 30.9927 25.5431 23.1108 22.6543 22.568 22.2358
threshold=77.833333333333357 87.583333333333357 49.500000000000007 46.500000000000007 30.250000000000004 26.250000000000004 115.33333333333336 25.750000000000004 147.25000000000003 141.83333333333334 53.500000000000007 38.500000000000007 1.0000000180025095e-35 7.3500000000000005 2.8189269746646803
decision_type=8 10 2 2 8 8 10 10 10 10 2 2 2 10 8
left_child=2 3 7 5 9 -2 -4 -1 11 10 -5 -3 -7 -12 -14
right_child=1 8 6 4 -6 12 -8 -9 -10 -11 13 -13 14 -15 -16
leaf_value=-0.041842276651287001 -0.01843573232811491 -0.012551904018899758 -0.023478307212816161 0.0035646267193875573 0.070420781779448924 0.0034558313684611066 0.0068608019408119619 -0.017577342980718235 0.050229556970437218 0.045944532446757932 0.021816107006995725 0.032863729592631591 0.10488097458535689 0.10795389244691866 -0.0012941809616227717
leaf_count=26695 7841 318 3799 5681 457 2498 3977 4362 2129 648 2902 5348 155 75 125
internal_value=0 0.399635 -0.592243 0.130794 0.384658 -0.194764 -0.120371 -0.760872 0.75235 0.317237 0.239301 0.614738 0.205041 0.497056 1.19974
internal_count=67010 28177 38833 20382 9763 10619 7776 31057 7795 9306 8658 5666 2778 2977 280
shrinkage=0.05


Tree=14
num_leaves=16
num_cat=0
split_feature=3 4 0 0 4 0 2 2 4 2 6 3 0 9 2
split_gain=819.015 190.968 118.996 65.3788 59.9202 48 45.3013 34.8005 33.9349 30.2601 25.3251 23.1428 18.6602 21.2369 18.5881
threshold=77.833333333333357 131.83333333333334 49.500000000000007 45.500000000000007 147.25000000000003 38.500000000000007 22.950000000000003 25.750000000000004 115.33333333333336 24.950000000000003 6.3500000000000005 85.583333333333357 56.500000000000007 1.0000000180025095e-35 34.550000000000004
decision_type=8 10 2 2 10 2 8 10 10 8 8 10 2 2 8
left_child=2 3 7 -2 5 -3 -5 -1 -4 11 -6 -7 13 -8 -11
right_child=1 4 8 6 10 9 12 -9 -10 14 -12 -13 -14 -15 -16
leaf_value=-0.041363551236104627 -0.017500109481283003 -0.018697966494432797 -0.022798862650790914 -0.0087809997800567374 0.039351767446958466 0.0034373006375483552 0.010447350034798726 -0.016979084111959766 0.0064800532975681086 0.033534027839871555 0.069296710165406769 0.026101205855201082 0.046245782672705328 0.048370291569647977 0.079468917431053068
leaf_count=26695 6496 948 3799 3220 2000 2794 3573 4362 3977 4172 597 2992 648 534 203
internal_value=0 0.374472 -0.578774 0.00736901 0.605958 0.472777 0.217384 -0.749445 -0.115138 0.53021 0.934817 0.358398 0.427135 0.320763 0.723091
internal_count=67010 28177 38833 14471 13706 11109 7975 31057 7776 10161 2597 5786 4755 4107 4375
shrinkage=0.05


Tree=15
num_leaves=16
num_cat=0
split_feature=4 0 3 0 2 3 2 3 2 4 7 0 0 2 3
split_gain=749.078 154.712 127.143 90.1854 60.0547 45.1653 37.798 36.1288 42.7057 26.9292 25.9293 26.6354 25.4782 26.0538 24.6669
threshold=127.25000000000001 47.500000000000007 87.833333333333357 44.500000000000007 23.050000000000004 75.833333333333357 26.150000000000002 73.833333333333357 29.250000000000004 141.83333333333334 1.0000000180025095e-35 57.500000000000007 54.500000000000007 23.550000000000004 93.833333333333357
decision_type=10 2 10 2 8 10 10 8 10 10 2 2 2 8 10
left_child=1 5 3 6 -3 -1 -2 8 -6 10 11 -5 13 -4 -15
right_child=2 4 12 9 7 -7 -8 -9 -10 -11 -12 -13 -14 14 -16
leaf_value=-0.042011278818360982 -0.024169411742981994 -0.020693178601899696 0.017020925652007395 0.0080178135405961307 -0.021440833532170536 -0.020015948608756495 0.010517767689325339 0.01858056065581307 0.092264939384889 0.042636393042969109 0.064162513973105864 0.040538936238927209 0.052915152127553211 0.025154797402101661 0.046963394336945186
leaf_count=22902 4890 7309 1992 6811 2506 7672 2034 3698 111 965 294 759 1144 2188 1735
internal_value=0 -0.465388 0.429865 0.178246 -0.109392 -0.703161 -0.236741 0.159232 -0.275288 0.399503 0.305815 0.255341 0.694445 0.617345 0.740548
internal_count=67010 44198 22812 15753 13624 30574 6924 6315 2617 8829 7864 7570 7059 5915 3923
shrinkage=0.05


Tree=16
num_leaves=16
num_cat=0
split_feature=3 4 0 0 4 0 2 2 4 2 6 6 9 0 3
split_gain=690.477 146.704 111.555 55.8644 46.1261 39.8954 36.5454 34.7999 29.7709 23.6394 20.7327 19.5311 18.339 21.7923 18.2391
threshold=77.833333333333357 131.83333333333334 49.500000000000007 44.500000000000007 147.25000000000003 38.500000000000007 22.250000000000004 25.750000000000004 115.33333333333336 24.950000000000003 6.3500000000000005 7.2500000000000009 1.0000000180025095e-35 47.500000000000007 85.583333333333357
decision_type=8 10 2 2 10 2 8 10 10 8 8 10 2 2 10
left_child=2 3 7 11 5 -3 -5 -1 -4 14 -6 -2 13 -8 -7
right_child=1 4 8 6 10 9 12 -9 -10 -11 -12 -13 -14 -15 -16
leaf_value=-0.040454995883510661 -0.020293319545205954 -0.01823946285059146 -0.021646516076167605 -0.012201832624664755 0.033936491774889076 0.0027874469069771612 -0.010429654127355237 -0.01555085835910365 0.0060256786746510083 0.031468689740889316 0.060270740768974866 0.081669969563064396 0.041965803041694137 0.018271092989928184 0.022716434655821436
leaf_count=26695 5554 948 3799 2679 2000 2794 1554 4362 3977 4375 597 62 720 3902 2992
internal_value=0 0.33184 -0.553148 0.00746558 0.528711 0.413127 0.177219 -0.727349 -0.105212 0.463431 0.809876 -0.370917 0.321413 0.241444 0.312858
internal_count=67010 28177 38833 14471 13706 11109 8855 31057 7776 10161 2597 5616 6176 5456 5786
shrinkage=0.05


Tree=17
num_leaves=16
num_cat=0
split_feature=3 4 0 0 3 0 2 2 0 2 2 2 6 3 9
split_gain=631.625 128.62 107.571 50.8412 40.5385 42.8679 34.6162 32.663 30.3388 29.0483 22.4991 21.932 21.5291 18.2428 17.7526
threshold=77.833333333333357 131.83333333333334 49.500000000000007 44.500000000000007 95.250000000000014 56.500000000000007 24.250000000000004 22.250000000000004 38.500000000000007 24.450000000000003 34.550000000000004 30.150000000000002 5.7500000000000009 83.166666666666671 1.0000000180025095e-35
decision_type=8 10 2 2 10 2 10 8 2 8 8 8 10 10 2
left_child=2 3 6 13 5 8 -1 -5 -3 -4 14 -7 -8 -2 -10
right_child=1 4 9 7 -6 11 12 -9 10 -11 -12 -13 -14 -15 -16
leaf_value=-0.041639417352043004 -0.028604636912163795 -0.015324367683454024 -0.01441111207187116 -0.011721758437465294 0.039188799828005355 0.040521200337403668 -0.026838959198596291 0.015068533046627423 0.014393551607510905 0.014276300319986564 0.064029270420538173 0.13502410131449838 0.010630229763317213 -0.0017919935430424116 0.036915818073499231
leaf_count=23163 4020 1053 5758 2679 2054 1113 6739 6176 8303 2018 210 38 1155 1596 935
internal_value=0 0.311795 -0.539696 0.00702923 0.493581 0.396783 -0.715494 0.1671 0.318684 -0.100572 0.369688 0.902579 -0.416095 -0.358278 0.340973
internal_count=67010 28177 38833 14471 13706 11652 31057 8855 10501 7776 9448 1151 7894 5616 9238
shrinkage=0.05


Tree=18
num_leaves=16
num_cat=0
split_feature=3 3 0 0 2 2 2 2 0 9 4 4 0 2 0
split_gain=578.012 115.895 103.97 68.0201 35.8699 35.363 28.4159 28.2099 25.5571 23.0276 21.8949 20.7248 19.5207 18.8892 17.6627
threshold=77.833333333333357 87.583333333333357 48.500000000000007 43.500000000000007 30.150000000000002 24.450000000000003 25.850000000000005 26.850000000000005 53.500000000000007 1.0000000180025095e-35 139.25000000000003 169.50000000000003 56.500000000000007 36.050000000000004 54.500000000000007
decision_type=8 10 2 2 8 8 10 10 2 2 10 10 2 8 2
left_child=2 3 6 7 8 12 -1 -2 10 -9 -5 -3 -4 -8 -6
right_child=1 11 5 4 14 -7 13 9 -10 -11 -12 -13 -14 -15 -16
leaf_value=-0.039915956767269598 -0.023040316028759951 0.025462594697139358 -0.023885491169283971 -0.00074609988343240629 0.035205107342669503 0.013501277988643473 -0.018864165213000692 0.00021503315743595642 0.020955130766992739 0.078535075242982921 0.028593743721141492 0.060598088500343539 0.005081855528207356 0.08775381412136006 0.10774835627392712
leaf_count=25633 5539 7584 5471 8629 585 2359 3940 1440 3301 128 691 211 1350 80 69
internal_value=0 0.293241 -0.526277 0.0923009 0.23173 -0.131117 -0.719935 -0.284967 0.178431 0.17335 0.0576015 0.539372 -0.327196 -0.31904 0.948157
internal_count=67010 28177 38833 20382 13275 9180 29653 7107 12621 1568 9320 7795 6821 4020 654
shrinkage=0.05


Tree=19
num_leaves=16
num_cat=0
split_feature=4 3 3 0 0 2 2 2 0 0 0 7 9 0 2
split_gain=533.858 131.363 73.4237 62.5046 53.2944 33.2187 30.899 30.0714 24.2522 20.1785 18.7282 18.4704 18.4401 18.2099 20.1833
threshold=127.25000000000001 73.833333333333357 87.833333333333357 44.500000000000007 47.500000000000007 29.150000000000002 26.150000000000002 22.250000000000004 53.500000000000007 47.500000000000007 55.500000000000007 1.0000000180025095e-35 1.0000000180025095e-35 54.500000000000007 23.550000000000004
decision_type=10 8 10 2 2 10 10 8 2 2 2 2 2 2 8
left_child=1 5 3 6 12 8 -2 -6 -1 -7 11 -5 -3 14 -4
right_child=2 4 13 10 7 9 -8 -9 -10 -11 -12 -13 -14 -15 -16
leaf_value=-0.039758819430684912 -0.022109065268656407 -0.023019470849100429 0.011734072972207795 0.0090066062237670174 -0.015505034067641711 -0.011574975630342722 0.0094984895921527597 0.013228360274538909 -0.014405451581591802 0.077162273628734901 0.030579602139779324 0.050947683555278372 0.021850517924735934 0.041412169643772541 0.028780230878705355
leaf_count=24366 4890 9579 1992 6934 2454 523 2034 4518 2147 115 1608 287 496 1144 3923
internal_value=0 -0.419657 0.343309 0.150944 -0.136949 -0.693578 -0.205798 0.100288 -0.728656 0.395576 0.32655 0.227503 -0.405261 0.534866 0.471407
internal_count=67010 44198 22812 15753 17047 27151 6924 6972 26513 638 8829 7221 10075 7059 5915
shrinkage=0.05


Tree=20
num_leaves=16
num_cat=0
split_feature=3 0 4 2 4 0 0 2 0 3 6 2 0 3 2
split_gain=487.678 98.5133 93.6071 51.1275 37.865 29.9478 28.6222 25.4899 24.4071 28.6495 21.446 20.5163 20.17 17.6206 15.0745
threshold=77.833333333333357 46.500000000000007 135.25000000000003 23.650000000000002 115.33333333333336 46.500000000000007 42.500000000000007 25.850000000000005 54.500000000000007 92.833333333333357 6.1500000000000012 27.650000000000002 38.500000000000007 64.333333333333357 36.850000000000001
decision_type=8 2 10 8 10 2 2 10 2 10 10 10 2 8 8
left_child=1 7 3 6 11 -5 -2 -1 9 12 -6 -3 -4 -13 -9
right_child=2 4 8 5 10 -7 -8 14 -10 -11 -12 13 -14 -15 -16
leaf_value=-0.040622634316654638 -0.031626936581381812 -0.027358538347574554 -0.020492263539206648 -0.00063827817485182696 -0.0020137469041640516 0.020357319516479365 -0.0027233672922732342 -0.018919844147292666 0.037228379787483133 0.028890822503462241 0.037925505035897117 0.13742464729278811 0.014433146705987256 0.00026385928835376033 0.084070763970533896
leaf_count=23164 2548 5887 653 5066 5368 4568 6321 3607 1623 2442 566 42 4956 137 62
internal_value=0 -0.500675 0.261215 0.0628024 -0.168932 0.235611 -0.185278 -0.729822 0.459234 0.386666 0.0591744 -0.481073 0.228654 0.869567 -0.323561
internal_count=67010 38833 28177 18503 12000 9634 8869 26833 9674 8051 5934 6066 5609 179 3669
shrinkage=0.05


Tree=21
num_leaves=16
num_cat=0
split_feature=4 0 0 4 2 2 3 3 3 2 0 9 6 2 2
split_gain=452.31 100.514 79.5889 55.1378 37.915 34.3831 34.0846 28.6456 23.5443 28.1561 23.4821 26.5814 21.7413 17.9497 16.0183
threshold=125.25000000000001 47.500000000000007 38.500000000000007 139.25000000000003 23.650000000000002 21.850000000000005 84.833333333333357 92.833333333333357 73.833333333333357 29.250000000000004 56.500000000000007 1.0000000180025095e-35 5.8500000000000005 23.950000000000003 21.650000000000002
decision_type=10 2 2 10 8 8 10 10 8 10 2 2 8 8 8
left_child=1 6 7 4 -4 -3 13 -2 9 -7 11 -6 14 -1 -5
right_child=2 5 3 12 10 8 -8 -9 -10 -11 -12 -13 -14 -15 -16
leaf_value=-0.04110383571846609 -0.029599799982545527 -0.024821812519173904 -0.0012628987788451315 -0.00037211294522660236 0.0091950968317945411 -0.01970383915893965 0.0098937062415370355 0.02248978918072958 0.0096478505543841353 0.068134042274615739 0.040180641063516577 0.037675642368367734 0.036383219484680589 -0.024774284933900752 0.023765728832804998
leaf_count=19625 3100 4482 8233 620 7770 3588 629 199 4066 105 757 1052 2116 7880 2788
internal_value=0 -0.441669 0.276516 0.330326 0.195145 -0.13689 -0.66937 -0.388794 0.0170215 -0.289228 0.335588 0.267902 0.529275 -0.716554 0.39556
internal_count=67010 40375 26635 23336 17812 12241 28134 3299 7759 3693 9579 8822 5524 27505 3408
shrinkage=0.05


Tree=22
num_leaves=16
num_cat=0
split_feature=3 0 4 0 4 4 2 0 2 2 6 2 6 3 0
split_gain=412.82 92.549 75.8893 35.6772 33.5017 27.1151 25.1863 23.2469 22.9279 18.1528 18.0653 16.4666 15.8978 14.3901 13.986
threshold=77.833333333333357 46.500000000000007 131.83333333333334 42.500000000000007 115.33333333333336 147.25000000000003 25.850000000000005 38.500000000000007 22.250000000000004 27.650000000000002 6.1500000000000012 30.050000000000004 6.3500000000000005 64.333333333333357 52.500000000000007
decision_type=8 2 10 2 10 10 10 2 8 10 10 8 8 8 2
left_child=1 6 3 -2 9 7 -1 -4 -5 -3 -6 -9 -7 -11 -10
right_child=2 4 5 8 10 12 -8 11 14 13 -12 -13 -14 -15 -16
leaf_value=-0.039731535158324352 -0.019622252896439027 -0.026153196149680282 -0.016480404037584214 -0.011106048735760266 -0.0017976999628841169 0.023146770105256845 -0.014975798757967515 0.013627840327311683 0.0043083660124712785 0.11900341262954856 0.034281104821346657 0.034495166274351313 0.045030541632290158 -0.00052672247761896367 0.02152694179236905
leaf_count=23164 4228 5887 948 3078 5368 2000 3669 9325 5237 42 566 836 597 137 1928
internal_value=0 -0.475749 0.233706 -0.00236899 -0.154741 0.366751 -0.708216 0.280884 0.102416 -0.456831 0.0572202 0.315601 0.572312 0.785161 0.204891
internal_count=67010 38833 28177 14471 12000 13706 26833 11109 10243 6066 5934 10161 2597 179 7165
shrinkage=0.05


Tree=23
num_leaves=16
num_cat=0
split_feature=4 3 0 4 0 2 0 3 9 0 9 6 2 2 3
split_gain=382.035 94.418 66.2106 42.7167 32.6287 31.7435 30.7821 25.3231 23.2585 19.3149 22.2876 17.5935 17.4272 16.0573 15.537
threshold=125.25000000000001 73.833333333333357 38.500000000000007 139.25000000000003 56.500000000000007 23.650000000000002 53.500000000000007 92.833333333333357 1.0000000180025095e-35 56.500000000000007 1.0000000180025095e-35 5.8500000000000005 35.850000000000001 22.550000000000004 82.833333333333357
decision_type=10 8 2 10 2 8 2 10 2 2 2 8 8 8 10
left_child=1 4 7 5 8 -4 12 -2 -1 10 -7 -5 14 -8 -3
right_child=2 6 3 11 -6 9 13 -9 -10 -11 -12 -13 -14 -15 -16
leaf_value=-0.038130505489794984 -0.028475291543595006 -0.019639113246522275 -0.0012914763309055831 0.017421894583613613 0.0038677485727990459 0.0082242570117065025 -0.0108226206792772 0.02041167604464875 0.0062200663986512195 0.0359472062568005 0.033869462504288114 0.032145177966832437 0.050979682353340161 0.023914384635603067 0.00033183324085074659
leaf_count=24310 3100 9941 8233 3408 1033 7770 868 199 889 757 1052 2116 158 1199 1977
internal_value=0 -0.418047 0.24787 0.295419 -0.663152 0.176618 -0.141751 -0.369654 -0.722653 0.303123 0.241673 0.467725 -0.259713 0.254383 -0.286132
internal_count=67010 40375 26635 23336 26232 17812 14143 3299 25199 9579 8822 5524 12076 2067 11918
shrinkage=0.05


Tree=24
num_leaves=16
num_cat=0
split_feature=4 0 0 4 3 2 2 4 6 0 9 3 2 6 6
split_gain=348.606 90.5914 59.5751 37.6554 33.2202 31.1063 28.1617 23.4751 16.9279 16.7177 19.3212 16.7029 22.3884 17.8423 15.3057
threshold=125.25000000000001 46.500000000000007 38.500000000000007 139.25000000000003 84.833333333333357 21.850000000000005 23.650000000000002 145.25000000000003 7.3500000000000005 56.500000000000007 1.0000000180025095e-35 73.833333333333357 29.150000000000002 4.8500000000000005 5.8500000000000005
decision_type=10 2 2 10 10 8 8 10 10 2 2 8 10 8 8
left_child=1 4 7 6 8 -3 -4 -2 -1 10 -8 12 -7 -13 -5
right_child=2 5 3 14 -6 11 9 -9 -10 -11 -12 13 -14 -15 -16
leaf_value=-0.035869307208372329 -0.028601430400348668 -0.023778109812328783 -0.0012284050682798721 0.016383118746430305 0.012760933718785851 -0.01746816680860977 0.007761465112066452 0.016401489626153429 0.045343085806306978 0.033326762133516069 0.031375429090635398 0.11342541485987008 0.055619075159388791 0.0057973312916218692 0.030020504878972877
leaf_count=25924 3011 5036 8233 3408 565 4056 7770 288 147 757 1052 51 130 4466 2116
internal_value=0 -0.405427 0.233714 0.278053 -0.65147 -0.136092 0.166672 -0.357867 -0.702447 0.284704 0.227428 0.00389508 -0.251654 0.144324 0.438596
internal_count=67010 40375 26635 23336 26636 13739 17812 3299 26071 9579 8822 8703 4186 4517 5524
shrinkage=0.05


end of trees

feature importances:
H25_age=97
H25_bmi=90
H25_dbp=76
H25_sbp=71
H25_a1c=23
H25_is_medicine=14
H25_dm=3
H25_lhrate=1

parameters:
[boosting: gbdt]
[objective: binary]
[metric: binary]
[tree_learner: serial]
[device_type: cpu]
[data: ]
[valid: ]
[num_iterations: 100]
[learning_rate: 0.05]
[num_leaves: 16]
[num_threads: 0]
[max_depth: -1]
[min_data_in_leaf: 20]
[min_sum_hessian_in_leaf: 1]
[bagging_fraction: 0.4]
[bagging_freq: 0]
[bagging_seed: 3]
[feature_fraction: 1]
[feature_fraction_seed: 2]
[early_stopping_round: 0]
[max_delta_step: 0]
[lambda_l1: 0]
[lambda_l2: 1]
[min_gain_to_split: 0]
[drop_rate: 0.1]
[max_drop: 50]
[skip_drop: 0.5]
[xgboost_dart_mode: 0]
[uniform_drop: 0]
[drop_seed: 4]
[top_rate: 0.2]
[other_rate: 0.1]
[min_data_per_group: 100]
[max_cat_threshold: 32]
[cat_l2: 10]
[cat_smooth: 10]
[max_cat_to_onehot: 4]
[top_k: 20]
[monotone_constraints: ]
[feature_contri: ]
[forcedsplits_filename: ]
[refit_decay_rate: 0.9]
[verbosity: 0]
[max_bin: 255]
[min_data_in_bin: 3]
[bin_construct_sample_cnt: 200000]
[histogram_pool_size: -1]
[data_random_seed: 1]
[output_model: LightGBM_model.txt]
[snapshot_freq: -1]
[input_model: ]
[output_result: LightGBM_predict_result.txt]
[initscore_filename: ]
[valid_data_initscores: ]
[pre_partition: 0]
[enable_bundle: 1]
[max_conflict_rate: 0]
[is_enable_sparse: 1]
[sparse_threshold: 0.8]
[use_missing: 1]
[zero_as_missing: 0]
[two_round: 0]
[save_binary: 0]
[enable_load_from_binary_file: 1]
[header: 0]
[label_column: ]
[weight_column: ]
[group_column: ]
[ignore_column: ]
[categorical_feature: ]
[predict_raw_score: 0]
[predict_leaf_index: 0]
[predict_contrib: 0]
[num_iteration_predict: -1]
[pred_early_stop: 0]
[pred_early_stop_freq: 10]
[pred_early_stop_margin: 10]
[convert_model_language: ]
[convert_model: gbdt_prediction.cpp]
[num_class: 1]
[is_unbalance: 0]
[scale_pos_weight: 1]
[sigmoid: 1]
[boost_from_average: 1]
[reg_sqrt: 0]
[alpha: 0.9]
[fair_c: 1]
[poisson_max_delta_step: 0.7]
[tweedie_variance_power: 1.5]
[max_position: 20]
[label_gain: ]
[metric_freq: 1]
[is_provide_training_metric: 0]
[eval_at: ]
[num_machines: 1]
[local_listen_port: 12400]
[time_out: 120]
[machine_list_filename: ]
[machines: ]
[gpu_platform_id: -1]
[gpu_device_id: -1]
[gpu_use_dp: 0]

end of parameters

pandas_categorical:[]
