tree
version=v2
num_class=1
num_tree_per_iteration=1
label_index=0
max_feature_idx=9
objective=binary sigmoid:1
feature_names=H25_age H25_sex H25_bmi H25_dbp H25_sbp H25_lhrate H25_a1c H25_dm H25_dl H25_is_medicine
feature_infos=[18:74] [1:2] [0:65.599999999999994] [0:145] [0:218] [0.097560975609756101:8.8461538461538485] [2.7999999999999998:15.300000000000001] [0:1] [0:1] [0:2]
tree_sizes=1331 1358 1348 1356 1362 1358 1358 1363 1354 1371 1365 1363 1364 1363 1366 1373 1372 1368 1364 1375 1376 1368 1369 1379 1373

Tree=0
num_leaves=16
num_cat=0
split_feature=3 3 0 0 3 4 2 0 3 0 2 3 2 4 6
split_gain=5006.02 1313.04 496.091 449.738 369.426 249.495 168.707 156.892 108.828 97.2458 92.3108 82.4163 77.5828 69.7945 68.1087
threshold=89.583333333333357 79.166666666666671 56.500000000000007 56.500000000000007 100.83333333333336 139.83333333333334 24.450000000000003 54.500000000000007 83.166666666666671 47.500000000000007 25.050000000000004 92.583333333333357 23.150000000000002 132.83333333333334 5.9500000000000011
decision_type=10 10 2 2 10 10 8 2 10 2 10 10 10 10 8
left_child=1 3 5 9 7 8 13 11 -3 -1 -11 -2 -4 -5 -13
right_child=4 2 12 6 -6 -7 -8 -9 -10 10 -12 14 -14 -15 -16
leaf_value=-2.7757109702776575 -2.6159518726928668 -2.7356697971908046 -2.6393729782646318 -2.7261626852314405 -2.3866730894561701 -2.6320418856228645 -2.5909336556246401 -2.4583754312189434 -2.6969332225193288 -2.7618621222371469 -2.7127995451940468 -2.572866373112678 -2.5401079183105151 -2.6077835781534233 -2.47971220845921
leaf_count=32161 1242 6674 666 1827 742 1677 648 698 5974 9688 2005 1360 848 229 571
internal_value=0 -0.310647 0.726882 -0.663754 4.18728 0.484848 0.983753 3.6394 0.282935 -0.765688 -0.438725 3.21073 2.98537 0.388981 3.76364
internal_count=67010 62397 15839 46558 4613 14325 2704 3871 12648 43854 11693 3173 1514 2056 1931
shrinkage=1


Tree=1
num_leaves=16
num_cat=0
split_feature=3 3 0 4 0 2 4 3 2 2 0 3 0 3 4
split_gain=3965.62 854.073 397.123 394.387 336.821 140.652 134.499 109.036 106.291 99.5323 88.6704 86.1253 65.8201 60.9569 58.0927
threshold=87.833333333333357 77.583333333333357 53.500000000000007 145.16666666666671 56.500000000000007 23.650000000000002 139.83333333333334 89.583333333333357 24.450000000000003 26.750000000000004 38.500000000000007 99.250000000000014 49.500000000000007 82.583333333333357 115.33333333333336
decision_type=10 10 2 10 2 10 10 10 8 10 2 10 2 10 10
left_child=1 4 6 7 12 -4 9 -2 14 13 -9 -5 -1 -3 -6
right_child=3 2 5 11 8 -7 -8 10 -10 -11 -12 -13 -14 -15 -16
leaf_value=-0.043839983902057844 0.065000555970445947 -0.023157817228245111 0.042453513470141542 0.17065033907456134 -0.021865555723799609 0.12796830520453206 0.068135543381350416 -0.016200829747871705 0.11472340905109249 0.035230275777516862 0.13782085406405975 0.2523865439545892 -0.021215580023373835 0.0090250700012597263 0.052083426822230952
leaf_count=33195 1974 6697 1704 1652 923 1470 1199 147 534 2511 2314 753 6986 4081 870
internal_value=0 -0.372285 0.386793 2.77746 -0.702983 1.66955 0.0869224 2.04797 0.802651 -0.038812 2.57449 3.9958 -0.797216 -0.213807 0.290758
internal_count=67010 60170 17662 6840 42508 3174 14488 4435 2327 13289 2461 2405 40181 10778 1793
shrinkage=0.05


Tree=2
num_leaves=16
num_cat=0
split_feature=3 3 0 3 4 0 4 2 2 4 0 0 9 2 0
split_gain=3344.03 635.755 600.857 241.673 147.134 143.165 111.709 103.331 93.9453 89.0781 65.5804 57.7049 56.0684 50.8103 47.8482
threshold=83.166666666666671 89.583333333333357 56.500000000000007 75.833333333333357 132.16666666666671 47.500000000000007 148.16666666666671 24.650000000000002 22.450000000000003 139.25000000000003 47.500000000000007 60.500000000000007 1.0000000180025095e-35 23.650000000000002 38.500000000000007
decision_type=10 10 2 10 8 2 10 10 10 10 2 2 2 10 2
left_child=2 5 3 -1 8 12 13 -5 -4 11 -9 -7 -2 -3 -15
right_child=1 6 4 7 -6 9 -8 10 -10 -11 -12 -13 -14 14 -16
leaf_value=-0.041214201577192758 0.016212158002960036 0.080755655154456651 -0.0059829039773709111 -0.022036676623820944 0.13543691117663728 0.053546311254171731 0.1719893661513586 -0.0026985059562869762 0.067060967333321078 0.13346775335390534 0.046495099385043176 0.17569755048744687 0.10703584269426088 0.0125003669449524 0.13951457870952969
leaf_count=36243 3795 1103 1380 9610 629 2993 1679 3369 1420 778 1764 136 280 118 1713
internal_value=0 1.72634 -0.505004 -0.63132 1.08427 0.993175 2.73164 -0.178928 0.66843 1.52794 0.296249 1.20574 0.457804 2.26895 2.64581
internal_count=67010 12595 54415 50986 3429 7982 4613 14743 2800 3907 5133 3129 4075 2934 1831
shrinkage=0.05


Tree=3
num_leaves=16
num_cat=0
split_feature=3 0 4 3 2 0 3 3 4 2 0 4 0 9 4
split_gain=2865.29 567.771 474.581 190.489 185.369 104.204 103.045 86.5656 80.4518 77.3757 76.5147 45.3595 43.2982 40.1609 37.3627
threshold=83.166666666666671 53.500000000000007 139.25000000000003 75.833333333333357 24.550000000000004 56.500000000000007 95.250000000000014 89.583333333333357 116.16666666666667 24.750000000000004 51.500000000000007 135.83333333333334 57.500000000000007 1.0000000180025095e-35 131.83333333333334
decision_type=10 2 10 10 8 2 10 10 10 10 2 8 2 2 10
left_child=1 3 5 -1 8 7 10 13 -3 -5 -4 -6 -10 -2 -11
right_child=2 4 6 9 11 -7 -8 -9 12 14 -12 -13 -14 -15 -16
leaf_value=-0.042375540031109486 0.021146602534000081 -0.021614793942312589 0.073465643659773774 -0.024114998551149604 0.067046051081797467 0.11034909441575076 0.1500493164662875 0.076904592017002546 0.0078552882362563307 -0.0035799580335912728 0.13428508990762369 0.14808792932915774 0.058519000142142112 0.07591468325714712 0.03642326078613313
leaf_count=34339 5417 2234 1902 8870 1358 708 1627 1368 1592 3118 1017 288 1156 556 1460
internal_value=0 -0.49125 1.52358 -0.669035 0.600252 0.916175 2.36716 0.764977 0.176695 -0.244152 1.92563 1.66925 0.623307 0.532984 0.191285
internal_count=67010 54415 12595 47787 6628 8049 4546 7341 4982 13448 2919 1646 2748 5973 4578
shrinkage=0.05


Tree=4
num_leaves=16
num_cat=0
split_feature=3 0 4 3 2 0 2 4 3 3 0 2 2 0 0
split_gain=2478.89 525.701 352.231 186.316 150.954 79.9685 71.6183 71.5244 70.2329 69.6523 59.6003 40.1448 36.1232 35.9278 35.2927
threshold=83.166666666666671 53.500000000000007 139.25000000000003 75.833333333333357 24.550000000000004 56.500000000000007 24.650000000000002 116.16666666666667 95.250000000000014 91.583333333333357 46.500000000000007 26.250000000000004 26.950000000000003 57.500000000000007 39.500000000000007
decision_type=10 2 10 10 8 2 10 10 10 10 2 10 10 2 2
left_child=1 3 5 12 7 9 -5 -3 10 11 -4 14 -1 -9 -2
right_child=2 4 8 6 -6 -7 -8 13 -10 -11 -12 -13 -14 -15 -16
leaf_value=-0.043821258343375691 -0.032769861282717909 -0.020945366213655801 0.053395206625892581 -0.023724257806864751 0.073969370553016778 0.095790031754866903 0.0084955685482554257 0.0074148384331196903 0.12680863197552139 0.078404271286338006 0.10430476273245344 0.052533923608157486 -0.01477185713421059 0.052894097914219299 0.023254670869039151
leaf_count=32014 483 2234 1232 8711 1646 708 4737 1592 1627 886 1687 1685 2325 1156 4287
internal_value=0 -0.477654 1.35866 -0.655425 0.555399 0.837037 -0.234671 0.166272 2.04448 0.703306 1.68933 0.541253 -0.837019 0.576371 0.354204
internal_count=67010 54415 12595 47787 6628 8049 13448 4982 4546 7341 2919 6455 34339 2748 4770
shrinkage=0.05


Tree=5
num_leaves=16
num_cat=0
split_feature=3 0 3 0 2 2 0 4 4 4 2 2 3 2 4
split_gain=2162.23 412.463 394.085 140.733 112.647 111.905 68.2504 59.6404 59.3747 58.7972 58.1509 53.4805 49.5494 48.8538 47.0849
threshold=81.250000000000014 53.500000000000007 89.583333333333357 46.500000000000007 25.650000000000002 22.450000000000003 60.500000000000007 130.83333333333334 140.25000000000003 115.33333333333336 21.450000000000003 23.650000000000002 72.833333333333357 30.850000000000005 153.25000000000003
decision_type=10 2 10 2 10 8 2 10 10 8 10 10 10 10 10
left_child=1 4 3 13 12 -3 8 -6 11 -7 -4 -5 -1 -2 -12
right_child=2 5 10 6 7 9 -8 -9 -10 -11 14 -13 -14 -15 -16
leaf_value=-0.045587484097194743 0.0027021546166409536 -0.0083326400614736253 0.045319818836575293 0.014964608519048087 -0.018909373791323954 0.0038179443562064066 0.12598309753543016 0.032957533814296135 0.08701945409495028 0.062841116044516865 0.084889864444273877 0.055069129846267974 -0.028277101582492387 0.07289511080368466 0.1238271980092083
leaf_count=25728 5236 2974 674 2443 5268 945 295 1215 787 2033 2964 2520 12574 379 975
internal_value=0 -0.531446 1.06504 0.628354 -0.697352 0.431512 1.01098 -0.167337 0.902935 0.923444 1.78104 0.724294 -0.794025 0.160263 1.92421
internal_count=67010 50737 16273 11660 44785 5952 6045 6483 5750 2978 4613 4963 38302 5615 3939
shrinkage=0.05


Tree=6
num_leaves=16
num_cat=0
split_feature=3 0 3 4 0 2 2 0 2 4 4 2 4 3 3
split_gain=1913.6 390.353 312.099 122.21 117.752 100.497 70.4725 52.0392 48.1867 46.8672 46.1252 45.9154 41.4454 39.7717 38.319
threshold=81.250000000000014 51.500000000000007 89.583333333333357 125.83333333333336 46.500000000000007 25.650000000000002 21.850000000000005 60.500000000000007 23.350000000000005 129.83333333333334 129.83333333333334 23.650000000000002 142.83333333333334 101.25000000000001 71.833333333333357
decision_type=10 2 10 8 2 10 10 2 10 10 10 10 8 10 10
left_child=1 5 4 6 10 -1 -3 8 -6 -7 -2 -4 -5 -13 -8
right_child=2 3 11 12 7 9 14 -9 -10 -11 -12 13 -14 -15 -16
leaf_value=-0.040712054872983038 -0.014872470128154994 -0.029620803930700199 0.058348450614774096 0.040474815469924569 0.021241948495490298 -0.020605141549532795 -0.0073231577585778588 0.10877805078076007 0.055712941209578759 0.024576401724710515 0.021902808902191245 0.081536324625869017 0.12963429001559496 0.12809665001193829 0.035980229975942524
leaf_count=36068 2306 2854 1706 2203 2570 4822 1657 295 3180 1297 3309 2479 168 428 1668
internal_value=0 -0.517736 0.969696 0.258769 0.581283 -0.717203 -0.0722397 0.92089 0.82572 -0.199699 0.151266 1.58153 0.974467 1.80828 0.310054
internal_count=67010 50737 16273 8550 11660 42187 6179 6045 5750 6119 5615 4613 2371 2907 3325
shrinkage=0.05


Tree=7
num_leaves=16
num_cat=0
split_feature=4 3 4 0 0 0 3 2 2 0 3 2 3 3 2
split_gain=1715.28 341.731 229.724 148.21 108.857 98.6781 86.1759 73.9722 57.9249 46.0623 57.2995 41.6065 41.4453 39.4051 33.7699
threshold=131.83333333333334 77.583333333333357 139.25000000000003 51.500000000000007 47.500000000000007 57.500000000000007 85.583333333333357 23.350000000000005 29.250000000000004 51.500000000000007 92.833333333333357 25.550000000000004 70.833333333333357 89.833333333333357 23.950000000000003
decision_type=10 8 10 2 2 2 10 8 10 2 10 10 10 10 10
left_child=1 3 5 -1 13 6 11 -6 12 10 -4 -2 -5 -3 -12
right_child=2 4 9 8 7 -7 -8 -9 -10 -11 14 -13 -14 -15 -16
leaf_value=-0.041128571200510493 -0.0095509200855038931 -0.017582340505480475 0.038606701366369976 -0.023814233757228836 -0.00011691613176647038 0.08544388097135136 0.043903405784629868 0.044445472435715748 0.11605409406957952 0.089693726067715321 0.048176822873604155 0.028175606702070422 0.011954586687810584 0.047223056268565648 0.09341717927644666
leaf_count=34155 3802 6555 2095 3379 2727 667 2841 2760 120 1929 540 1743 2450 239 1008
internal_value=0 -0.460261 0.982256 -0.690679 0.104424 0.552577 0.412575 0.487302 -0.0878627 1.42877 1.20436 0.0750636 -0.158988 -0.268325 1.57267
internal_count=67010 52385 14625 40104 12281 9053 8386 5487 5949 5572 3643 5545 5829 6794 1548
shrinkage=0.05


Tree=8
num_leaves=16
num_cat=0
split_feature=3 0 4 4 2 0 2 0 6 2 0 3 6 3 0
split_gain=1527.99 349.894 213.773 101.602 98.3773 69.7171 53.7328 50.3285 44.4119 44.1339 40.4746 42.5188 35.5418 40.886 28.7992
threshold=81.250000000000014 51.500000000000007 139.25000000000003 115.33333333333336 24.550000000000004 40.500000000000007 26.950000000000003 56.500000000000007 5.8500000000000005 21.050000000000004 60.500000000000007 85.583333333333357 6.1500000000000012 98.250000000000014 51.500000000000007
decision_type=10 2 10 8 10 2 10 2 10 8 2 10 8 10 2
left_child=1 4 5 -3 -1 -2 10 -5 -6 -9 11 -7 13 -4 -8
right_child=2 3 12 7 8 6 14 9 -10 -11 -12 -13 -14 -15 -16
leaf_value=-0.041086235776699349 -0.01052534284128335 -0.017856094766570348 0.04735832913027857 0.0096382592828238856 -0.02088665600472259 0.0062004897364751066 0.042407027159446081 -0.0034383836019574658 0.022748123699230446 0.061740183111376905 0.087049517642870777 0.034098885942192118 0.08658929443135456 0.08258812379341253 0.090957662440662793
leaf_count=32851 1825 3576 2873 3053 8012 4053 1363 465 1324 1456 203 3497 1217 775 467
internal_value=0 -0.49157 0.819579 0.230723 -0.692593 0.498271 0.615016 0.559187 -0.287362 0.967902 0.473441 0.416608 1.29332 1.14284 1.14578
internal_count=67010 50737 16273 8550 42187 11408 9583 4974 9336 1921 7753 7550 4865 3648 1830
shrinkage=0.05


Tree=9
num_leaves=16
num_cat=0
split_feature=4 3 4 0 0 0 3 2 2 2 0 2 2 3 2
split_gain=1380.05 307.899 149.898 138.515 89.1991 71.2777 59.3318 58.9736 48.7077 36.6041 36.4704 33.9394 33.2725 33.2335 29.265
threshold=131.83333333333334 77.583333333333357 139.25000000000003 51.500000000000007 47.500000000000007 58.500000000000007 85.583333333333357 23.350000000000005 28.750000000000004 21.050000000000004 55.500000000000007 23.750000000000004 24.650000000000002 89.833333333333357 24.150000000000002
decision_type=10 8 10 2 2 2 10 8 10 10 2 10 10 10 10
left_child=1 3 5 14 13 6 12 -6 9 -5 11 -4 -2 -3 -1
right_child=2 4 10 8 7 -7 -8 -9 -10 -11 -12 -13 -14 -15 -16
leaf_value=-0.044005608114339262 -0.0091084487454297768 -0.016649392736067074 0.034882308774153929 -0.031736531309704712 -0.0005830849890376713 0.079047189972967516 0.037661430926705521 0.038631564687364353 0.090097249940641166 0.0038282732702118781 0.082275660166277187 0.062201696943608144 0.022733278315833085 0.041486209999605679 -0.026701705173684642
leaf_count=26854 3360 6555 1729 2164 2727 495 2900 2760 155 3630 1032 2811 2298 239 7301
internal_value=0 -0.436333 0.838374 -0.666657 0.0924912 0.491893 0.387907 0.428657 -0.0870075 -0.163446 1.17788 1.05131 0.107898 -0.252731 -0.802447
internal_count=67010 52385 14625 40104 12281 9053 8558 5487 5949 5794 5572 4540 5658 6794 34155
shrinkage=0.05


Tree=10
num_leaves=16
num_cat=0
split_feature=3 0 3 0 2 4 4 0 2 3 0 0 2 6 9
split_gain=1248.67 263.344 218.373 85.6959 69.203 65.1803 46.0291 41.4963 40.7276 40.1631 33.8964 30.5961 30.4259 30.2899 29.1462
threshold=79.166666666666671 52.500000000000007 87.833333333333357 45.500000000000007 25.050000000000004 115.33333333333336 135.83333333333334 47.500000000000007 26.850000000000005 92.583333333333357 58.500000000000007 49.500000000000007 21.950000000000003 7.3500000000000005 1.0000000180025095e-35
decision_type=10 2 10 2 10 8 10 2 10 10 2 2 8 10 2
left_child=1 4 3 8 -1 -3 10 -6 -2 11 13 -4 -7 -5 -10
right_child=2 5 9 6 7 12 -8 -9 14 -11 -12 -13 -14 -15 -16
leaf_value=-0.040326872960592001 -0.014525412572052886 -0.015638192877704554 0.024096701062645092 0.0085188995562132507 -0.02417859160353196 -0.00040559134895186676 0.046792165669217144 0.018404271097744226 0.013525634428974545 0.060543447205340134 0.057214359671904684 0.053029975309487824 0.037828114619508191 0.09943456919634476 0.10073358230373493
leaf_count=33351 4703 2892 2185 4967 5484 1256 2085 1395 1180 3059 432 1596 2180 112 133
internal_value=0 -0.53313 0.618535 0.288225 -0.706638 0.201363 0.528279 -0.290645 -0.0954314 1.00117 0.329575 0.756653 0.52117 0.221038 0.484496
internal_count=67010 46558 20452 13612 40230 6328 7596 6879 6016 6840 5511 3781 3436 5079 1313
shrinkage=0.05


Tree=11
num_leaves=16
num_cat=0
split_feature=4 0 3 0 2 3 3 2 4 2 6 0 0 2 3
split_gain=1132.98 206.081 188.403 125.623 104.794 55.7855 53.8745 45.9721 44.6018 40.018 39.7301 32.9623 32.7704 35.3203 26.2645
threshold=127.16666666666667 47.500000000000007 87.833333333333357 44.500000000000007 21.850000000000005 79.833333333333357 71.833333333333357 29.050000000000004 141.83333333333334 26.250000000000004 5.7500000000000009 56.500000000000007 54.500000000000007 23.750000000000004 100.83333333333336
decision_type=10 2 10 2 8 10 8 10 10 10 10 2 2 10 10
left_child=1 5 3 9 -3 -1 7 -6 10 -2 -5 -8 13 -4 -15
right_child=2 4 12 8 6 -7 11 -9 -10 -11 -12 -13 -14 14 -16
leaf_value=-0.041729860801875907 -0.022886903744717486 -0.027961735131396815 0.026348602450206694 0.013081622493098261 -0.019991357879843404 -0.011978780248033226 0.011642616845382406 0.099861577179386096 0.057958952032888401 0.014626891562417366 0.044311427042304584 0.047971710451097105 0.068306061468594872 0.045297682385094129 0.079442778404793316
leaf_count=28433 4307 6579 1954 5595 3160 3286 3931 110 988 1632 1853 901 1124 2762 395
internal_value=0 -0.50385 0.595989 0.292775 -0.100292 -0.749618 0.189225 -0.278477 0.558876 -0.212908 0.435973 0.426761 0.961001 0.852656 1.0324
internal_count=67010 46400 20610 14375 14681 31719 8102 3270 8436 5939 7448 4832 6235 5111 3157
shrinkage=0.05


Tree=12
num_leaves=16
num_cat=0
split_feature=3 0 4 2 2 0 4 2 0 0 2 6 0 2 3
split_gain=1027.86 241.737 162.117 64.3563 62.9389 57.3086 41.2725 36.6036 35.951 35.7089 34.3624 32.0796 29.5745 24.5074 24.1013
threshold=79.166666666666671 51.500000000000007 135.16666666666671 25.650000000000002 21.050000000000004 45.500000000000007 149.16666666666671 23.650000000000002 38.500000000000007 56.500000000000007 30.850000000000005 6.3500000000000005 45.500000000000007 29.450000000000003 72.833333333333357
decision_type=10 2 10 10 8 2 10 10 2 2 10 8 2 10 10
left_child=1 3 5 14 -3 10 8 -7 -4 -6 -2 -8 -5 -10 -1
right_child=2 4 6 12 9 7 11 -9 13 -11 -12 -13 -14 -15 -16
leaf_value=-0.043920924889866118 -0.010015264570610218 -0.023526151838135279 -0.010962905079415957 -0.022737828888850703 0.0026258739202331435 0.006446320433968711 0.048169336626378914 0.032912738361018636 0.033228718836105238 0.035543138710088677 0.054007583800065977 0.090234159979983575 0.015135536402993373 0.065366437703025984 -0.028645907126896398
leaf_count=24472 5041 2533 499 3810 3146 3407 1658 3402 5189 1857 285 365 1442 606 9298
internal_value=0 -0.507236 0.538008 -0.699191 0.13144 0.220886 0.822343 0.422963 0.676609 0.359941 -0.111592 1.12639 -0.22531 0.738662 -0.789038
internal_count=67010 46558 20452 39022 7536 12135 8317 6809 6294 5003 5326 2023 5252 5795 33770
shrinkage=0.05


Tree=13
num_leaves=16
num_cat=0
split_feature=4 0 3 0 2 3 3 2 2 4 2 0 0 4 6
split_gain=940.506 190.178 139.87 103.044 90.4549 55.1221 45.3594 38.9618 38.0375 39.5749 33.1455 25.9153 25.084 23.3131 22.5928
threshold=127.16666666666667 47.500000000000007 87.833333333333357 43.500000000000007 21.850000000000005 75.833333333333357 71.833333333333357 28.750000000000004 27.550000000000004 134.16666666666671 26.250000000000004 59.500000000000007 56.500000000000007 168.33333333333334 7.2500000000000009
decision_type=10 2 10 2 8 10 8 10 10 10 10 2 2 10 10
left_child=1 5 3 10 -3 -1 7 14 9 -5 -2 13 -8 -4 -6
right_child=2 4 11 8 6 -7 12 -9 -10 -11 -12 -13 -14 -15 -16
leaf_value=-0.042741468466649876 -0.02467117851398901 -0.026749181455611538 0.036732765972034412 0.0048027320833509048 -0.022924497740660285 -0.018415473009016674 0.010471126943320396 0.077812722230060499 0.050139594627026544 0.03142771264893824 0.011637152542317491 0.077171322326041014 0.041412881560644862 0.073982597372042852 0.098232364350193724
leaf_count=25114 3817 6579 5692 4391 3076 6605 3931 140 1281 3434 1452 293 901 250 54
internal_value=0 -0.479416 0.522805 0.261513 -0.0943618 -0.727418 0.168026 -0.26734 0.473827 0.365723 -0.248375 0.826272 0.379896 0.779981 -0.397775
internal_count=67010 46400 20610 14375 14681 31719 8102 3270 9106 7825 5269 6235 4832 5942 3130
shrinkage=0.05


Tree=14
num_leaves=16
num_cat=0
split_feature=4 4 0 0 2 2 3 6 3 0 2 3 2 4 0
split_gain=853.607 152.835 149.015 105.814 66.4201 51.3241 42.4773 34.3987 36.8756 32.2608 27.6814 26.8301 24.5125 23.6778 28.1664
threshold=125.83333333333336 139.25000000000003 47.500000000000007 41.500000000000007 21.850000000000005 23.650000000000002 79.833333333333357 7.2500000000000009 71.833333333333357 56.500000000000007 29.250000000000004 89.833333333333357 25.650000000000002 159.25000000000003 34.500000000000007
decision_type=10 10 2 2 8 10 10 10 8 2 8 10 10 10 2
left_child=2 3 6 12 -4 -5 -1 8 10 11 -6 -7 -2 14 -3
right_child=1 13 4 5 7 9 -8 -9 -10 -11 -12 -13 -14 -15 -16
leaf_value=-0.041017376313224975 -0.029147348675673531 -0.017470696489929254 -0.027318018596114896 0.0057871073204707208 -0.022900088961444649 0.017681286951061255 -0.010927424200533213 0.081978741876141528 0.013036549866558439 0.055268156843930695 0.074493025417018174 0.0502541697000932 0.0026806311652617914 0.059593825297575155 0.037892119122381808
leaf_count=27122 3429 268 6158 6687 3006 5435 2494 177 3984 754 84 578 1530 747 4557
internal_value=0 0.443136 -0.513019 0.225638 -0.150034 0.376584 -0.745258 0.0921498 0.0403601 0.579327 -0.359755 0.465324 -0.344256 0.798933 0.71567
internal_count=67010 23985 43025 18413 13409 13454 29616 7251 7074 6767 3090 6013 4959 5572 4825
shrinkage=0.05


Tree=15
num_leaves=16
num_cat=0
split_feature=3 0 3 2 0 4 2 9 0 9 3 3 0 4 2
split_gain=779.525 214.108 106.668 62.2028 52.4819 50.7881 39.0426 37.8758 28.6782 26.7557 23.8989 23.3323 19.8825 19.2987 19.0921
threshold=79.583333333333357 51.500000000000007 87.833333333333357 25.650000000000002 51.500000000000007 115.33333333333336 27.450000000000003 1.0000000180025095e-35 41.500000000000007 1.0000000180025095e-35 72.833333333333357 95.833333333333357 56.500000000000007 134.83333333333334 24.750000000000004
decision_type=10 2 10 10 2 8 10 2 2 2 10 10 2 8 10
left_child=1 3 4 10 7 14 -6 8 -2 -5 -1 12 -4 -7 -3
right_child=2 5 11 9 6 13 -8 -9 -10 -11 -12 -13 -14 -15 -16
leaf_value=-0.042772202817977827 -0.018604233326733551 -0.023304617043569842 0.024365153994197447 -0.015110401439009859 0.019707567130580389 0.01248647711362276 0.06880146646607721 0.041374526032779461 0.0056566160195126447 0.042065325016533858 -0.026977614660399791 0.04512622697926922 0.050365938190687326 0.045217167509376162 0.020315106723723927
leaf_count=24472 3038 3077 4328 4802 3129 3463 399 732 6304 451 9302 1943 569 579 422
internal_value=0 -0.469847 0.444077 -0.665076 0.213495 0.123331 0.535667 0.0461768 -0.0292616 -0.192666 -0.759982 0.689784 0.566927 0.377779 -0.311007
internal_count=67010 46568 20442 39027 13602 7541 3528 10074 9342 5253 33774 6840 4897 4042 3499
shrinkage=0.05


Tree=16
num_leaves=16
num_cat=0
split_feature=4 0 4 0 2 0 3 2 0 3 3 2 2 6 0
split_gain=716.455 139.416 117.332 86.9454 59.2995 42.2184 40.9931 40.3689 28.5399 25.6811 22.9969 22.5464 21.7769 19.7004 19.3886
threshold=125.83333333333336 47.500000000000007 139.25000000000003 41.500000000000007 21.850000000000005 58.500000000000007 76.833333333333357 23.650000000000002 56.500000000000007 72.833333333333357 81.583333333333357 25.650000000000002 21.550000000000004 9.8500000000000032 53.500000000000007
decision_type=10 2 10 2 8 2 10 10 2 10 10 10 10 10 2
left_child=1 6 3 11 -3 7 -1 10 9 -6 -5 -2 -4 -8 -14
right_child=2 4 12 5 8 -7 13 -9 -10 -11 -12 -13 14 -15 -16
leaf_value=-0.04132152349610009 -0.028050449074519524 -0.026181962132189641 0.014737491895656761 -0.014073716062349216 -0.021487302050672712 0.046211767513768653 -0.017816522669270304 0.022321347429696228 0.024911798402031518 0.0078963161688171777 0.010902691654039898 0.0027331068402277089 0.032796311834772544 0.13509585362326401 0.05197012658369015
leaf_count=25166 3429 6158 923 3326 2879 896 4429 6357 1362 3010 2875 1530 3498 21 1151
internal_value=0 -0.488427 0.392791 0.201921 -0.138288 0.334342 -0.723747 0.262077 0.0872311 -0.0736847 0.0156442 -0.324342 0.696394 -0.326834 0.76644
internal_count=67010 43025 23985 18413 13409 13454 29616 12558 7251 5889 6201 4959 5572 4450 4649
shrinkage=0.05


Tree=17
num_leaves=16
num_cat=0
split_feature=4 0 4 0 2 2 3 6 3 0 9 2 3 0 3
split_gain=651.889 134.079 101.987 81.8916 54.9829 44.6055 40.5863 28.0685 29.058 26.4146 25.582 24.4933 22.6459 29.5964 20.9274
threshold=125.83333333333336 47.500000000000007 139.25000000000003 38.500000000000007 21.850000000000005 23.650000000000002 76.833333333333357 7.2500000000000009 71.833333333333357 56.500000000000007 1.0000000180025095e-35 28.750000000000004 81.583333333333357 51.500000000000007 89.833333333333357
decision_type=10 2 10 2 8 10 10 10 8 2 2 10 10 2 10
left_child=1 6 3 -2 -3 12 -1 8 11 10 14 -6 13 -5 -7
right_child=2 4 -4 5 7 9 -8 -9 -10 -11 -12 -13 -14 -15 -16
leaf_value=-0.040843445720291374 -0.032599118482250784 -0.025491299170571864 0.032385912818983745 -0.026054104026944393 -0.02215864982719859 0.0083016997840153137 -0.015741716550189525 0.0713116289094433 0.011171178657922692 0.044890530225792716 0.044310322761030176 0.058773612906781819 0.011176199229596107 0.012172487615146634 0.0356360011775037
leaf_count=25166 2285 6158 5572 3203 2974 5957 4450 177 3984 754 876 116 3510 1216 612
internal_value=0 -0.475167 0.368318 0.190271 -0.132497 0.267572 -0.711744 0.0825141 0.0341042 0.436625 0.349112 -0.331944 0.0381081 -0.211107 0.263015
internal_count=67010 43025 23985 18413 13409 16128 29616 7251 7074 8199 7445 3090 7929 4419 6569
shrinkage=0.05


Tree=18
num_leaves=16
num_cat=0
split_feature=3 0 3 4 0 9 2 2 0 6 2 3 0 0 4
split_gain=595.971 156.795 100.047 59.347 58.9726 39.319 38.8213 35.7 26.1862 20.0647 19.78 18.8104 17.9704 17.5788 15.8024
threshold=77.583333333333357 49.500000000000007 87.833333333333357 115.33333333333336 42.500000000000007 1.0000000180025095e-35 30.250000000000004 24.150000000000002 53.500000000000007 6.1500000000000012 37.050000000000004 101.58333333333336 56.500000000000007 54.500000000000007 125.83333333333336
decision_type=10 2 10 8 2 2 10 10 2 10 10 10 2 2 10
left_child=1 7 4 -3 5 -2 8 -1 14 12 -9 13 -5 -4 -6
right_child=2 3 11 9 6 -7 -8 10 -10 -11 -12 -13 -14 -15 -16
leaf_value=-0.040818730944994566 -0.01790662855682951 -0.021243491859755312 0.021718908271031841 -0.0023613509679033225 -0.0083394777586012405 0.068838205928083332 0.05487296716278095 -0.02096842322428542 0.021877315233350677 0.047040397675359349 0.10461664092215391 0.045953855965916335 0.025557934162331132 0.039566131320090063 0.0095356548688671893
leaf_count=25774 5009 4843 5099 2948 3333 181 520 7371 3089 487 50 654 1035 1087 5530
internal_value=0 -0.487653 0.328235 -0.0172109 0.136865 -0.272014 0.255766 -0.706466 0.206369 0.282583 -0.391254 0.569161 0.172776 0.511825 0.0786884
internal_count=67010 42508 24502 9313 17662 5190 12472 33195 11952 4470 7421 6840 3983 6186 8863
shrinkage=0.05


Tree=19
num_leaves=16
num_cat=0
split_feature=4 0 0 4 2 3 2 0 4 3 6 0 6 6 3
split_gain=546.304 124.331 86.8675 62.2664 49.4922 39.4051 38.4285 37.7115 32.7353 32.4542 23.8842 20.9845 20.4418 18.4092 17.9146
threshold=125.83333333333336 47.500000000000007 38.500000000000007 139.25000000000003 21.850000000000005 75.833333333333357 26.950000000000003 58.500000000000007 145.83333333333334 83.166666666666671 6.1500000000000012 56.500000000000007 5.8500000000000005 8.4500000000000011 73.833333333333357
decision_type=10 2 2 10 8 10 10 2 10 10 10 2 8 10 10
left_child=1 5 8 6 -3 -1 7 9 -2 -4 11 14 -5 -7 -6
right_child=2 4 3 12 10 13 -8 -9 -10 -11 -12 -13 -14 -15 -16
leaf_value=-0.04042429924081898 -0.031893740864583228 -0.02443408331356537 -0.0065939266458960692 0.024213854727314611 -0.022509675326462322 -0.018021233669291658 0.028561416074667258 0.036887919272194744 0.023739446982497633 0.013418876021915847 0.035254544094817701 0.018468423303182737 0.041425976760508014 0.10268288491833735 0.0032829144253803486
leaf_count=24275 2516 6158 7977 3385 2893 5301 2942 759 243 4450 713 1167 1713 40 2478
internal_value=0 -0.450446 0.327362 0.384592 -0.121739 -0.688884 0.238754 0.139763 -0.396094 0.0698238 0.0798357 -0.00848602 0.605024 -0.328281 -0.154289
internal_count=67010 43025 23985 21226 13409 29616 16128 13186 2759 12427 7251 6538 5098 5341 5371
shrinkage=0.05


Tree=20
num_leaves=16
num_cat=0
split_feature=3 0 3 4 0 9 2 2 0 4 2 3 6 0 2
split_gain=499.689 143.958 78.9256 51.5857 49.8489 37.038 35.697 26.7696 26.3146 22.305 18.1844 16.2848 16.1659 13.7566 13.6836
threshold=77.583333333333357 49.500000000000007 87.833333333333357 115.33333333333336 51.500000000000007 1.0000000180025095e-35 24.150000000000002 27.650000000000002 38.500000000000007 146.25000000000003 35.050000000000004 92.583333333333357 5.7500000000000009 42.500000000000007 29.450000000000003
decision_type=8 2 10 10 2 2 10 8 2 10 10 10 10 2 10
left_child=1 6 4 -3 5 8 -1 -6 -2 14 -8 13 -5 -4 -10
right_child=2 3 11 12 7 -7 10 -9 9 -11 -12 -13 -14 -15 -16
leaf_value=-0.039915560139510864 -0.030843944415634841 -0.020196679574068049 0.00015527336218940969 0.0044753446951340094 0.014653185171979905 0.032892214507985414 -0.020057873321117095 0.050919760364798151 -0.0056377979385663973 0.043158761665251399 0.070546687946698924 0.030998630423212534 0.029807117495059817 0.022266312397342253 0.021074830391146413
leaf_count=25761 1756 4843 858 3216 4061 902 7314 454 9609 248 105 3059 1248 2923 653
internal_value=0 -0.46269 0.291557 -0.014499 0.121512 -0.029352 -0.683213 0.391459 -0.0978085 -0.0269226 -0.362946 0.501499 0.260116 0.36072 -0.0665534
internal_count=67010 42487 24523 9307 17683 13168 33180 4515 12266 10510 7419 6840 4464 3781 10262
shrinkage=0.05


Tree=21
num_leaves=16
num_cat=0
split_feature=4 0 0 4 2 3 2 4 0 6 3 2 2 0 2
split_gain=460.576 114.358 71.5171 49.9991 44.2551 38.1347 36.6556 29.0085 21.8448 20.7497 21.7568 21.6745 19.9261 21.0502 19.1097
threshold=125.83333333333336 47.500000000000007 38.500000000000007 135.16666666666671 21.850000000000005 75.833333333333357 23.650000000000002 145.83333333333334 46.500000000000007 7.2500000000000009 71.833333333333357 28.750000000000004 21.550000000000004 59.500000000000007 34.550000000000004
decision_type=10 2 2 10 8 10 10 10 2 10 8 10 10 2 10
left_child=1 5 7 6 -3 -1 -4 -2 14 10 11 -6 -5 -14 -8
right_child=2 4 3 12 9 -7 8 -9 -10 -11 -12 -13 13 -15 -16
leaf_value=-0.039493563381303769 -0.03073973920767685 -0.023419210787632858 -0.0043650930189103121 0.0086600221473753219 -0.020430786133311951 -0.01543463519733522 0.00049448687430595753 0.021546384434571644 0.02546779786924443 0.058658599152721508 0.0094836197530584615 0.054663686130386836 0.024482750530319182 0.051253842444756871 0.08630063011577907
leaf_count=24275 2516 6158 6114 1681 2974 5341 2930 243 2999 177 3984 116 6981 449 72
internal_value=0 -0.426864 0.292785 0.342926 -0.113271 -0.66584 0.155817 -0.37575 0.33685 0.0749481 0.0312631 -0.296685 0.477977 0.535072 0.0710468
internal_count=67010 43025 23985 21226 13409 29616 12115 2759 6001 7251 7074 3090 9111 7430 3002
shrinkage=0.05


Tree=22
num_leaves=16
num_cat=0
split_feature=3 0 4 0 2 2 4 0 9 6 2 3 2 0 2
split_gain=423.903 118.968 82.2145 40.5542 34.7407 32.5254 27.7886 26.3442 23.7566 22.3728 21.5156 21.4643 19.1999 18.5709 18.5455
threshold=75.833333333333357 52.500000000000007 131.83333333333334 47.500000000000007 24.150000000000002 21.050000000000004 145.16666666666671 38.500000000000007 1.0000000180025095e-35 6.0500000000000007 29.450000000000003 92.583333333333357 27.650000000000002 60.500000000000007 31.050000000000004
decision_type=8 2 10 2 10 10 10 2 2 8 10 10 8 2 10
left_child=1 4 3 8 -1 -3 7 -4 11 -8 -9 -2 -5 -7 -6
right_child=2 5 6 12 14 13 9 10 -10 -11 -12 -13 -14 -15 -16
leaf_value=-0.038764138646884966 -0.016886582250492617 -0.024196330810785215 -0.019823213242332393 0.0056661994867184366 -0.020357982519039371 0.007164922655566567 0.021832536107442322 0.01307714472720416 0.032373191190907286 0.045154364276004791 0.037654255897869443 0.045567352338387303 0.034334459275622196 0.045617486458656133 0.033241916916739792
leaf_count=26416 8484 1711 892 6156 6661 2616 2332 8103 464 794 826 100 631 422 402
internal_value=0 -0.491876 0.232568 0.000397973 -0.662385 0.0853182 0.377901 0.275736 -0.229575 0.560419 0.316251 -0.293203 0.187988 0.291131 -0.330077
internal_count=67010 38228 28782 15835 33479 4749 12947 9821 9048 3126 8929 8584 6787 3038 7063
shrinkage=0.05


Tree=23
num_leaves=16
num_cat=0
split_feature=4 3 0 0 6 4 2 3 9 0 0 0 2 2 8
split_gain=391.203 113.823 96.563 56.8808 37.6874 25.4212 24.3354 23.6371 23.1585 22.3126 22.0146 18.128 17.8191 16.1122 13.4439
threshold=117.25000000000001 83.166666666666671 43.500000000000007 52.500000000000007 5.8500000000000005 142.83333333333334 24.750000000000004 92.583333333333357 1.0000000180025095e-35 61.500000000000007 38.500000000000007 53.500000000000007 24.150000000000002 37.150000000000013 1.0000000180025095e-35
decision_type=8 10 2 2 10 10 10 10 2 2 2 2 10 8 2
left_child=3 2 6 12 5 11 -2 8 10 -5 -3 -4 -1 14 -8
right_child=1 7 4 9 -6 -7 13 -9 -10 -11 -12 -13 -14 -15 -16
leaf_value=-0.040508582952019222 -0.033325245230736572 -0.022232989153547589 -0.0074140089308201403 -0.01048138191411524 0.026088795779241936 0.043109625333846519 -0.014210715844156306 0.026216310859874505 0.034735503014264479 0.047313835327905271 0.012377420212857364 0.0099751937891754683 -0.020439244507496332 0.082785603999520244 0.047619027921472726
leaf_count=21061 7555 686 9143 3223 2499 302 3307 3058 901 286 7718 2728 4329 62 152
internal_value=0 0.175415 -0.0469436 -0.596368 0.137564 0.0250772 -0.462531 0.360034 0.264499 -0.089056 0.208066 -0.0198274 -0.72679 -0.153087 -0.209279
internal_count=67010 38111 25748 28899 14672 12173 11076 12363 9305 3509 8404 11871 25390 3521 3459
shrinkage=0.05


Tree=24
num_leaves=16
num_cat=0
split_feature=4 4 0 0 0 2 2 3 0 3 2 6 0 2 2
split_gain=361.051 101.556 71.6706 55.0841 30.49 30.7393 27.4225 22.0587 21.1739 19.447 16.6839 16.5017 15.9706 15.5343 14.904
threshold=117.25000000000001 131.83333333333334 40.500000000000007 51.500000000000007 55.500000000000007 23.750000000000004 27.550000000000004 87.833333333333357 61.500000000000007 100.83333333333336 30.050000000000004 7.2500000000000009 53.500000000000007 24.550000000000004 34.550000000000004
decision_type=8 10 2 2 2 10 8 10 2 10 10 10 2 10 10
left_child=3 2 10 13 5 -3 7 12 11 14 -2 -5 -4 -1 -7
right_child=1 4 6 8 -6 9 -8 -9 -10 -11 -12 -13 -14 -15 -16
leaf_value=-0.040135114407331994 -0.034135151475607847 0.0027906444598000658 -0.0088881496147055622 -0.014249123563955003 0.029819802101215816 0.014393481084399508 0.023008556180685952 0.022076055788080338 0.043391482057288579 0.040415437872322678 0.018544573612379725 0.070077810000468907 0.0068588390171579697 -0.019675233871805364 0.049255119593737698
leaf_count=21104 5893 5478 11750 3874 2086 6390 1825 849 286 411 331 67 2838 3568 260
internal_value=0 0.165848 -0.0594864 -0.583205 0.327692 0.257319 0.0544579 -0.015741 -0.128044 0.376025 -0.599307 -0.231657 -0.0743712 -0.728052 0.319683
internal_count=67010 38111 23486 28899 14625 12539 17262 15437 4227 7061 6224 3941 14588 24672 6650
shrinkage=0.05


end of trees

feature importances:
H25_age=107
H25_bmi=94
H25_dbp=82
H25_sbp=62
H25_a1c=19
H25_is_medicine=10
H25_dl=1

parameters:
[boosting: gbdt]
[objective: binary]
[metric: binary]
[tree_learner: serial]
[device_type: cpu]
[data: ]
[valid: ]
[num_iterations: 100]
[learning_rate: 0.05]
[num_leaves: 16]
[num_threads: 0]
[max_depth: -1]
[min_data_in_leaf: 20]
[min_sum_hessian_in_leaf: 1]
[bagging_fraction: 0.4]
[bagging_freq: 0]
[bagging_seed: 3]
[feature_fraction: 1]
[feature_fraction_seed: 2]
[early_stopping_round: 0]
[max_delta_step: 0]
[lambda_l1: 0]
[lambda_l2: 1]
[min_gain_to_split: 0]
[drop_rate: 0.1]
[max_drop: 50]
[skip_drop: 0.5]
[xgboost_dart_mode: 0]
[uniform_drop: 0]
[drop_seed: 4]
[top_rate: 0.2]
[other_rate: 0.1]
[min_data_per_group: 100]
[max_cat_threshold: 32]
[cat_l2: 10]
[cat_smooth: 10]
[max_cat_to_onehot: 4]
[top_k: 20]
[monotone_constraints: ]
[feature_contri: ]
[forcedsplits_filename: ]
[refit_decay_rate: 0.9]
[verbosity: 0]
[max_bin: 255]
[min_data_in_bin: 3]
[bin_construct_sample_cnt: 200000]
[histogram_pool_size: -1]
[data_random_seed: 1]
[output_model: LightGBM_model.txt]
[snapshot_freq: -1]
[input_model: ]
[output_result: LightGBM_predict_result.txt]
[initscore_filename: ]
[valid_data_initscores: ]
[pre_partition: 0]
[enable_bundle: 1]
[max_conflict_rate: 0]
[is_enable_sparse: 1]
[sparse_threshold: 0.8]
[use_missing: 1]
[zero_as_missing: 0]
[two_round: 0]
[save_binary: 0]
[enable_load_from_binary_file: 1]
[header: 0]
[label_column: ]
[weight_column: ]
[group_column: ]
[ignore_column: ]
[categorical_feature: ]
[predict_raw_score: 0]
[predict_leaf_index: 0]
[predict_contrib: 0]
[num_iteration_predict: -1]
[pred_early_stop: 0]
[pred_early_stop_freq: 10]
[pred_early_stop_margin: 10]
[convert_model_language: ]
[convert_model: gbdt_prediction.cpp]
[num_class: 1]
[is_unbalance: 0]
[scale_pos_weight: 1]
[sigmoid: 1]
[boost_from_average: 1]
[reg_sqrt: 0]
[alpha: 0.9]
[fair_c: 1]
[poisson_max_delta_step: 0.7]
[tweedie_variance_power: 1.5]
[max_position: 20]
[label_gain: ]
[metric_freq: 1]
[is_provide_training_metric: 0]
[eval_at: ]
[num_machines: 1]
[local_listen_port: 12400]
[time_out: 120]
[machine_list_filename: ]
[machines: ]
[gpu_platform_id: -1]
[gpu_device_id: -1]
[gpu_use_dp: 0]

end of parameters

pandas_categorical:[]
