tree
version=v2
num_class=1
num_tree_per_iteration=1
label_index=0
max_feature_idx=9
objective=binary sigmoid:1
feature_names=H25_age H25_sex H25_bmi H25_dbp H25_sbp H25_lhrate H25_a1c H25_dm H25_dl H25_is_medicine
feature_infos=[18:74] [1:2] [0:56.200000000000003] [0:130] [0:228] [0.097560975609756101:8.5500000000000007] [3:14.800000000000001] [0:1] [0:1] [0:2]
tree_sizes=1337 1349 1346 1354 1362 1359 1361 1360 1361 1365 1373 1360 1374 1355 1372 1357 1376 1369 1369 1373 1374 1364 1381 1385 1376

Tree=0
num_leaves=16
num_cat=0
split_feature=3 3 0 0 4 3 2 2 6 3 2 4 2 2 0
split_gain=4455.23 1258.65 460.033 413.479 323.544 271.387 144.143 113.971 103.835 95.6719 90.5007 79.1754 75.3665 71.6708 63.0213
threshold=89.583333333333357 79.166666666666671 56.500000000000007 56.500000000000007 139.25000000000003 95.833333333333357 24.450000000000003 26.950000000000003 5.8500000000000005 85.833333333333357 25.750000000000004 133.25000000000003 23.150000000000002 22.250000000000004 47.500000000000007
decision_type=10 10 2 2 10 10 8 8 8 10 8 10 10 8 2
left_child=1 3 4 10 7 8 11 9 -2 -3 -1 -5 -4 -7 -12
right_child=5 2 12 6 -6 13 -8 -9 -10 -11 14 -13 -14 -15 -16
leaf_value=-2.7734522006473457 -2.6126523780944484 -2.7409000065765459 -2.6457211705748831 -2.7275414773342743 -2.6275383074796435 -2.5629692126225518 -2.6004996479751217 -2.6809416463839839 -2.5253767174151092 -2.6983556133513842 -2.7595621091668034 -2.5987244752091212 -2.5508897260036099 -2.4491658377395655 -2.7116896152670726
leaf_count=36597 1643 8346 716 1841 1839 407 640 2601 1044 3159 3892 217 873 1483 1712
internal_value=0 -0.291834 0.656057 -0.662117 0.441047 3.96681 0.917709 0.225181 3.07729 0.0462388 -0.763455 0.370791 2.78542 5.19176 -0.268467
internal_count=67010 62433 17534 44899 15945 4577 2698 14106 2687 11505 42201 2058 1589 1890 5604
shrinkage=1


Tree=1
num_leaves=16
num_cat=0
split_feature=4 3 0 3 3 0 2 6 2 3 0 3 0 2 4
split_gain=3579.03 1144.71 410.94 251.802 250.781 157.283 134.955 131.834 121.884 88.7892 68.2151 66.3421 64.3367 54.0064 51.0226
threshold=139.25000000000003 81.250000000000014 56.500000000000007 99.166666666666671 89.583333333333357 55.500000000000007 24.150000000000002 5.8500000000000005 27.150000000000002 89.833333333333357 43.500000000000007 73.166666666666671 45.500000000000007 24.250000000000004 113.83333333333336
decision_type=10 10 2 10 10 2 8 8 8 10 2 10 2 8 10
left_child=1 2 8 7 5 12 14 10 11 -9 -2 -1 -3 -14 -4
right_child=3 4 6 -5 -6 -7 -8 9 -10 -11 -12 -13 13 -15 -16
leaf_value=-0.045400835595257004 0.049574719035418414 -0.00042398507333769018 -0.026571884580594285 0.2457758111952297 0.11138899567738665 0.095799511464880943 0.1081999338605513 0.12479321398452013 -0.00017239399569104756 0.21357560235916342 0.1193334167499972 -0.027403263625370808 0.014803698714843891 0.055928508500635125 0.03891602015671957
leaf_count=28151 771 4403 829 765 1514 1152 833 1029 3770 870 2249 13828 3135 2437 1274
internal_value=0 -0.318242 -0.62024 2.9344 0.770786 0.541949 0.851395 2.57815 -0.722584 3.38601 2.04098 -0.78911 0.36628 0.661453 0.269989
internal_count=67010 61326 48685 5684 12641 11127 2936 4919 45749 1899 3020 41979 9975 5572 2103
shrinkage=0.05


Tree=2
num_leaves=16
num_cat=0
split_feature=3 3 0 4 3 4 4 2 2 0 2 2 0 4 2
split_gain=3030.25 641.698 571.821 202.269 187.745 133.249 102.076 91.4174 85.3388 83.2609 73.2582 48.3133 47.535 47.4236 43.6819
threshold=83.166666666666671 89.583333333333357 53.500000000000007 125.83333333333336 76.833333333333357 139.25000000000003 147.25000000000003 22.850000000000005 27.050000000000004 56.500000000000007 24.150000000000002 23.750000000000004 46.500000000000007 139.25000000000003 20.350000000000005
decision_type=10 10 2 10 10 10 10 8 8 2 8 8 2 10 8
left_child=2 5 4 7 -1 9 11 -4 13 -2 -5 -3 -7 -6 -8
right_child=1 6 3 10 8 12 14 -9 -10 -11 -12 -13 -14 -15 -16
leaf_value=-0.042193622070654344 0.026640207687537151 0.075896588163526429 -0.021964041796508897 0.047409419039173929 -0.022851666174902061 0.053180114055202399 0.064505762138580003 0.037004257461639947 0.026720613547255967 0.1004448466841496 0.1206503535063131 0.12745689220942921 0.12236928968047792 0.042864367825312298 0.17312416732593761
leaf_count=34128 6845 1066 2681 1440 9992 643 153 1904 1990 589 876 1724 925 420 1634
internal_value=0 1.58679 -0.497696 0.596057 -0.675317 0.916054 2.63729 0.0753143 -0.234746 0.672893 1.54062 2.17193 1.90499 -0.392471 3.29723
internal_count=67010 13579 53431 6901 46530 9002 4577 4585 12402 7434 2316 2790 1568 10412 1787
shrinkage=0.05


Tree=3
num_leaves=16
num_cat=0
split_feature=3 0 4 3 4 3 2 3 2 6 0 4 3 0 9
split_gain=2610.42 532.229 468.178 208.324 138.163 103.865 97.627 87.8325 85.127 73.1424 70.0412 50.2876 44.8302 43.4107 41.2749
threshold=83.166666666666671 55.500000000000007 139.25000000000003 76.833333333333357 131.83333333333334 89.583333333333357 22.450000000000003 99.166666666666671 24.650000000000002 5.9500000000000011 47.500000000000007 123.16666666666667 71.166666666666671 47.500000000000007 1.0000000180025095e-35
decision_type=10 2 10 10 10 10 8 10 8 8 2 10 10 2 2
left_child=1 3 5 11 6 10 -3 9 -5 -4 -2 -1 -8 -10 -7
right_child=2 4 7 8 -6 14 12 -9 13 -11 -12 -13 -14 -15 -16
leaf_value=-0.043965088752615317 0.011158830510595869 -0.013600163764846818 0.081312604293440449 -0.021867187825992031 0.10772936441329622 0.072200385194822997 0.012633758350990202 0.16163031888726326 -0.0022480105914338181 0.1324948922584763 0.050089624642263589 -0.022169193158562361 0.077854189932626994 0.038449293544427235 0.17060399769033918
leaf_count=29629 3766 1723 2528 8575 845 1372 658 765 3046 1338 3668 6169 1053 1733 142
internal_value=0 -0.48398 1.40817 -0.623454 0.840836 0.839221 0.455015 2.2542 -0.178492 2.00831 0.620628 -0.80337 1.08219 0.258803 1.65881
internal_count=67010 53431 13579 49152 4279 8948 3434 4631 13354 3866 7434 35798 1711 4779 1514
shrinkage=0.05


Tree=4
num_leaves=16
num_cat=0
split_feature=3 0 3 3 2 0 2 4 3 4 4 4 9 2 2
split_gain=2268.34 498.933 362.005 178.782 145.105 92.5757 74.8988 70.2079 58.1764 50.4148 49.9025 42.9962 40.5235 39.4012 38.6588
threshold=83.166666666666671 53.500000000000007 89.583333333333357 76.833333333333357 24.150000000000002 47.500000000000007 28.950000000000003 122.25000000000001 95.833333333333357 135.83333333333334 141.16666666666671 139.25000000000003 1.0000000180025095e-35 23.650000000000002 27.150000000000002
decision_type=10 2 10 10 8 2 8 10 10 10 10 10 2 8 10
left_child=1 3 5 14 7 12 11 -3 -4 -6 13 -5 -2 -7 -1
right_child=2 4 8 6 9 10 -8 -9 -10 -11 -12 -13 -14 -15 -16
leaf_value=-0.043113511852128431 0.011506157360342772 -0.015904507579617349 0.080665604848791359 -0.019254439975472541 0.052022165862294661 0.025531541941688232 0.040827458649735762 0.034454591124864445 0.1187499460978037 0.12898852207687353 0.097174117524951503 0.038582011469510999 0.080730412181418174 0.064899703874974499 -0.012289755537825256
leaf_count=32051 4128 3014 2687 10907 1721 1836 1012 1844 1890 322 718 483 337 1983 2077
internal_value=0 -0.47044 1.26137 -0.648648 0.522963 0.759978 -0.218032 0.103716 1.96251 1.33062 1.12871 -0.322777 0.342919 0.930627 -0.82265
internal_count=67010 53431 13579 46530 6901 9002 12402 4858 4577 2043 4537 11390 4465 3819 34128
shrinkage=0.05


Tree=5
num_leaves=16
num_cat=0
split_feature=4 3 4 0 0 0 3 2 3 2 0 9 0 2 4
split_gain=2003.17 358.45 340.944 148.96 142.021 135.579 109.275 101.126 56.869 51.4541 47.7645 45.9397 44.8849 42.5151 36.1317
threshold=131.83333333333334 77.416666666666671 139.25000000000003 58.500000000000007 47.500000000000007 56.500000000000007 83.166666666666671 23.650000000000002 95.250000000000014 24.150000000000002 56.500000000000007 1.0000000180025095e-35 49.500000000000007 31.250000000000004 115.33333333333336
decision_type=10 10 10 2 2 2 10 8 10 8 2 2 2 10 10
left_child=1 5 3 6 11 12 9 -6 10 -2 -4 -3 -1 -14 -7
right_child=2 4 8 -5 7 14 -8 -9 -10 -11 -12 -13 13 -15 -16
leaf_value=-0.043583114810400475 -0.021487583622192823 -0.021250088099426589 0.06333148769979266 0.12058134761757788 -0.0001795493231229869 -0.012327232443845778 0.042855167274453335 0.049992757756491334 0.10715898998039937 0.022206109346673997 0.11337406299697744 0.047096739727771154 -0.025069551167100902 0.15269981136517896 0.040623503180488442
leaf_count=29193 2638 6725 3488 487 3339 1098 4395 2938 1565 2196 631 416 6929 42 930
internal_value=0 -0.479724 1.09381 0.588317 0.0767643 -0.719371 0.456039 0.499033 1.67821 -0.0126006 1.4378 -0.338041 -0.791785 -0.468025 0.275685
internal_count=67010 51610 15400 9716 13418 38192 9229 6277 5684 4834 4119 7141 36164 6971 2028
shrinkage=0.05


Tree=6
num_leaves=16
num_cat=0
split_feature=4 3 3 0 0 0 2 4 2 3 4 9 2 2 6
split_gain=1765.63 340.536 278.821 167.6 130.523 126.856 85.937 66.9116 55.4991 53.6261 46.9911 41.2667 41.0476 38.6082 35.1343
threshold=131.83333333333334 77.416666666666671 89.833333333333357 53.500000000000007 51.500000000000007 47.500000000000007 23.550000000000004 146.25000000000003 28.750000000000004 83.166666666666671 115.33333333333336 1.0000000180025095e-35 23.650000000000002 27.350000000000005 5.8500000000000005
decision_type=10 10 10 2 2 2 8 10 8 10 10 2 8 8 10
left_child=1 4 3 7 -1 11 -7 9 10 13 -6 -3 -4 -2 -5
right_child=2 5 12 14 8 6 -8 -9 -10 -11 -12 -13 -14 -15 -16
leaf_value=-0.041703075998110566 -0.013108800183955261 -0.020579314164984593 0.06001186525599661 0.057931773721952788 -0.028583042854925307 -0.00081202025579113404 0.045001061394229713 0.074318494722197162 0.095207465867038835 0.028558913069844358 0.0095311560878030572 0.043069260778322203 0.092851589113094379 0.03356894137621768 0.10693278287536707
leaf_count=32004 3876 6725 1499 1666 3416 3258 3019 567 173 3757 2599 416 2549 886 600
internal_value=0 -0.46622 0.994162 0.628555 -0.706563 0.072401 0.463747 0.359118 -0.143175 0.255821 -0.223036 -0.32612 1.6277 -0.0644455 1.44131
internal_count=67010 51610 15400 11352 38192 13418 6277 9086 6188 8519 6015 7141 4048 4762 2266
shrinkage=0.05


Tree=7
num_leaves=16
num_cat=0
split_feature=3 0 3 3 4 2 0 2 6 0 9 2 6 3 0
split_gain=1573.06 410.436 187.567 162.894 100.12 70.7045 60.0823 56.5765 39.2959 37.4884 35.9898 35.5215 34.8105 38.0969 33.409
threshold=83.166666666666671 53.500000000000007 89.583333333333357 75.833333333333357 116.16666666666667 26.150000000000002 54.500000000000007 22.450000000000003 6.9500000000000011 45.500000000000007 1.0000000180025095e-35 31.250000000000004 5.5500000000000007 100.25000000000001 56.500000000000007
decision_type=10 2 10 10 10 8 2 8 10 2 2 10 8 10 2
left_child=1 3 6 11 -3 9 8 -6 -2 -5 -7 -1 13 -4 -9
right_child=2 4 12 5 7 10 -8 14 -10 -11 -12 -13 -14 -15 -16
leaf_value=-0.04129048589426524 0.020318104829193159 -0.011846928260840321 0.043520531086580862 -0.032513479926430389 0.0092289802556063828 0.0059374994693715197 0.06271366193323033 0.029273411264136014 0.092385388770533303 -0.0071229031404446298 0.06843758776269547 0.031701330314809199 0.0815427989172684 0.095962101270379546 0.071890908173614529
leaf_count=31865 7464 2706 1678 6041 1701 2614 1297 1209 241 5281 410 319 2579 320 1285
internal_value=0 -0.433091 0.956762 -0.610675 0.436519 -0.23785 0.600651 0.765559 0.459542 -0.407949 0.302898 -0.808963 1.40727 1.09119 1.08787
internal_count=67010 53431 13579 46530 6901 14346 9002 4195 7705 11322 3024 32184 4577 1998 2494
shrinkage=0.05


Tree=8
num_leaves=16
num_cat=0
split_feature=4 3 4 0 0 0 2 3 2 2 0 9 4 3 6
split_gain=1423.18 302.66 196.286 123.527 104.883 92.149 69.9294 66.5833 48.6563 42.6347 37.6116 35.0402 33.8671 32.907 31.166
threshold=131.83333333333334 77.416666666666671 139.25000000000003 51.500000000000007 47.500000000000007 58.500000000000007 22.250000000000004 83.166666666666671 21.050000000000004 24.150000000000002 51.500000000000007 1.0000000180025095e-35 115.33333333333336 92.833333333333357 6.3500000000000005
decision_type=10 10 10 2 2 2 8 10 8 8 2 2 10 10 10
left_child=1 3 5 -1 11 7 -6 9 -5 -2 13 -3 -10 -4 -12
right_child=2 4 10 8 6 -7 -8 -9 12 -11 14 -13 -14 -15 -16
leaf_value=-0.040692789762839868 -0.020323861884569951 -0.019812802349541418 0.038240897787274956 -0.033806742045298412 -0.010832321305807954 0.088238369930658589 0.033297222300415805 0.032498402546721157 -0.014320415233513462 0.019431433786307063 0.071856432317065164 0.037342364678249723 0.024632586210565209 0.067348979390014357 0.13238696486561122
leaf_count=32004 2638 6725 2183 2225 2131 487 4146 4395 1990 2196 1752 416 1973 1545 204
internal_value=0 -0.442569 0.848262 -0.68196 0.0565505 0.469042 0.400838 0.361427 -0.134361 -0.0133424 1.2511 -0.313651 0.134451 1.06171 1.58343
internal_count=67010 51610 15400 38192 13418 9716 6277 9229 6188 4834 5684 7141 3963 3728 1956
shrinkage=0.05


Tree=9
num_leaves=16
num_cat=0
split_feature=4 3 4 0 0 0 3 2 4 2 4 0 9 2 6
split_gain=1267.56 287.021 161.851 122.056 94.0966 77.4597 63.4951 61.9415 51.5526 39.1524 34.7974 33.1236 31.6654 27.3705 26.5526
threshold=131.83333333333334 77.416666666666671 139.25000000000003 49.500000000000007 47.500000000000007 57.500000000000007 85.833333333333357 23.550000000000004 115.33333333333336 27.250000000000004 159.25000000000003 38.500000000000007 1.0000000180025095e-35 25.150000000000002 6.2500000000000009
decision_type=10 10 10 2 2 2 10 8 10 8 10 2 2 8 10
left_child=1 3 5 -1 12 6 9 -6 -5 14 11 -4 -3 -10 -2
right_child=2 4 10 8 7 -7 -8 -9 13 -11 -12 -13 -14 -15 -16
leaf_value=-0.04172160291653574 -0.010779189630327797 -0.019164313119434243 -0.016637403056622452 -0.027201872499351149 -0.0018211117767924475 0.070741152386233838 0.034380073877144743 0.036102421081938528 -0.0035666825528886379 0.033794139324760546 0.085299318266727875 0.054021288803647496 0.034445032102472697 0.037887080890434882 0.059681542995619875
leaf_count=29193 4613 6725 179 5088 3258 674 3129 3019 3092 1093 681 4824 416 819 207
internal_value=0 -0.429542 0.78041 -0.668946 0.0533865 0.437001 0.319478 0.374209 -0.22385 0.034994 1.13597 1.03767 -0.302293 0.132514 -0.142578
internal_count=67010 51610 15400 38192 13418 9716 9042 6277 8999 5913 5684 5003 7141 3911 4820
shrinkage=0.05


Tree=10
num_leaves=16
num_cat=0
split_feature=3 0 3 0 2 2 2 2 0 2 4 3 4 0 4
split_gain=1146.71 245.904 229.139 88.5959 70.5379 68.2135 54.2952 43.9726 40.4611 40.5847 36.4766 36.1398 31.9496 28.3884 28.2474
threshold=79.166666666666671 52.500000000000007 87.833333333333357 52.500000000000007 21.850000000000005 25.750000000000004 29.450000000000003 27.450000000000003 54.500000000000007 23.350000000000005 115.33333333333336 92.833333333333357 135.83333333333334 47.500000000000007 114.25000000000001
decision_type=10 2 10 2 8 8 8 8 2 8 10 10 10 2 10
left_child=1 5 3 6 -3 14 12 -5 9 -4 -6 -11 -2 -7 -1
right_child=2 4 8 7 10 13 -8 -9 -10 11 -12 -13 -14 -15 -16
leaf_value=-0.046533858969456283 -0.0076611163631876396 -0.018499917777931099 0.024724173744005803 0.028959597701546089 -0.0036153359462613513 -0.021001315099442031 0.044607375494702742 0.088590055854506397 0.072799491258259602 0.036025069916387341 0.038008282601950501 0.065194739384218103 0.016528716613782225 0.017590340613215728 -0.031939258202818892
leaf_count=17987 8239 2831 2037 2938 1426 3892 962 350 1169 2165 2305 1697 2554 1219 15239
internal_value=0 -0.531146 0.568544 0.255519 0.177913 -0.705149 0.0738984 0.733109 0.973498 0.863854 0.504356 1.03635 -0.0155608 -0.214949 -0.792352
internal_count=67010 44899 22111 15043 6562 38337 11755 3288 7068 5899 3731 3862 10793 5111 33226
shrinkage=0.05


Tree=11
num_leaves=16
num_cat=0
split_feature=4 3 3 0 0 0 2 2 4 6 0 0 0 2 4
split_gain=1038.93 202.097 185.51 126.233 81.2991 61.1842 53.7961 47.4499 40.6075 39.5513 36.7249 34.3661 33.1497 30.4128 26.1744
threshold=127.16666666666667 87.833333333333357 73.833333333333357 46.500000000000007 47.500000000000007 57.500000000000007 22.050000000000004 29.450000000000003 141.16666666666671 6.9500000000000011 57.500000000000007 54.500000000000007 56.500000000000007 23.750000000000004 135.83333333333334
decision_type=10 10 10 2 2 2 8 8 10 10 2 2 2 8 10
left_child=2 3 5 7 -4 -1 -6 14 9 10 -5 13 -8 -3 -2
right_child=1 11 4 8 6 -7 12 -9 -10 -11 -12 -13 -14 -15 -16
leaf_value=-0.040494546916986895 -0.02376190869757875 0.026731846406453253 -0.02270887658318942 0.011394000401172839 -0.018461424295967494 0.0088608217830576982 0.010754394613739669 0.037869186545604804 0.056960475195140969 0.084190266547154849 0.04694538267299897 0.069445545329248085 0.050256711716709285 0.050114381045519567 0.0030416144578650607
leaf_count=28290 4710 2041 8896 5555 2485 1106 3725 724 932 284 874 1073 753 3292 2270
internal_value=0 0.552149 -0.497213 0.258107 -0.140151 -0.754172 0.164921 -0.149099 0.565278 0.440727 0.372562 0.941352 0.398072 0.836973 -0.269069
internal_count=67010 21755 45255 15349 15859 29396 6963 7704 7645 6713 6429 6406 4478 5333 6980
shrinkage=0.05


Tree=12
num_leaves=16
num_cat=0
split_feature=3 0 3 0 2 2 0 2 9 4 4 4 9 6 3
split_gain=950.055 224.976 167.498 77.8918 66.8582 59.7774 46.2697 47.4345 37.6214 29.555 28.5714 28.2658 25.9136 25.6399 25.9142
threshold=79.166666666666671 52.500000000000007 89.583333333333357 46.500000000000007 25.750000000000004 21.750000000000004 60.500000000000007 24.150000000000002 1.0000000180025095e-35 115.33333333333336 114.25000000000001 133.83333333333334 1.0000000180025095e-35 5.9500000000000011 100.25000000000001
decision_type=10 2 10 2 8 8 2 8 2 10 10 10 2 8 10
left_child=1 4 3 8 10 -3 7 -5 11 -7 -1 -2 -6 14 -4
right_child=2 5 13 6 12 9 -8 -9 -10 -11 -12 -13 -14 -15 -16
leaf_value=-0.04590287210986907 -0.015602327106941885 -0.01817560090185141 0.031892092300327184 0.0087970412977313433 -0.015517343917732794 -0.0034899805906548394 0.07570423098370567 0.034767104351233251 0.045454696538271722 0.033496523032069007 -0.030758458860048122 0.009091884076158685 0.036125061312007267 0.060037152069573933 0.06357101092628123
leaf_count=17987 4930 2746 2599 4972 4585 1471 360 3937 526 2345 15239 2809 526 1492 486
internal_value=0 -0.505781 0.496911 0.285987 -0.681805 0.165481 0.491597 0.430115 -0.0159316 0.449938 -0.772452 -0.0956121 -0.191588 0.920663 0.768512
internal_count=67010 44899 22111 17534 38337 6562 9269 8909 8265 3816 33226 7739 5111 4577 3085
shrinkage=0.05


Tree=13
num_leaves=16
num_cat=0
split_feature=4 3 4 0 0 0 2 2 2 3 0 2 0 6 3
split_gain=864.585 172.091 152.222 87.9146 69.177 57.6047 46.4889 44.8465 39.739 33.0777 25.6576 25.4374 25.402 22.992 22.4332
threshold=127.16666666666667 73.833333333333357 139.25000000000003 45.500000000000007 47.500000000000007 57.500000000000007 29.350000000000005 22.050000000000004 23.650000000000002 85.833333333333357 56.500000000000007 28.650000000000002 60.500000000000007 6.1500000000000012 81.583333333333357
decision_type=10 10 10 2 2 2 10 8 8 10 2 8 2 8 10
left_child=1 5 3 6 11 -1 9 -6 12 -2 -9 -3 14 -4 -5
right_child=2 4 13 8 7 -7 -8 10 -10 -11 -12 -13 -14 -15 -16
leaf_value=-0.039518132053350669 -0.023743028282529922 -0.0254333726527914 0.035911164659732049 -0.01252128865474776 -0.017604131284707787 0.008289117075345704 0.037126682114720574 0.0094456547692797835 0.033824088671375346 0.0087807453333107032 0.043302941279372821 0.018195874217190832 0.06208235639631924 0.055451189850868811 0.016472477158172329
leaf_count=28290 4838 8248 4078 2011 2485 1106 710 3725 4612 1427 753 648 199 1606 2274
internal_value=0 -0.472862 0.48553 0.248287 -0.13088 -0.732348 -0.123672 0.145053 0.464426 -0.25649 0.351113 -0.42966 0.192493 0.836987 0.112496
internal_count=67010 45255 21755 16071 15859 29396 6975 6963 9096 6265 4478 8896 4484 5684 4285
shrinkage=0.05


Tree=14
num_leaves=16
num_cat=0
split_feature=3 0 3 4 0 2 2 0 9 3 2 6 5 1 4
split_gain=788.07 206.897 128.136 68.7239 61.4997 52.5816 50.0011 35.5371 35.5219 31.7574 22.0565 19.9116 19.8826 19.6203 19.2469
threshold=79.166666666666671 49.500000000000007 89.583333333333357 115.33333333333336 56.500000000000007 24.250000000000004 24.250000000000004 56.500000000000007 1.0000000180025095e-35 83.833333333333357 28.650000000000002 6.3500000000000005 2.1962535014005611 1.5000000000000002 122.25000000000001
decision_type=10 2 10 10 2 8 8 2 2 10 8 10 10 2 10
left_child=1 6 4 10 5 9 -1 11 13 -2 -3 -5 -13 -7 -8
right_child=2 3 -4 7 -6 8 14 -9 -10 -11 -12 12 -14 -15 -16
leaf_value=-0.041787135750651988 -0.016605857756337338 -0.024686852523896605 0.039777102502258806 -0.002742616522284809 0.039534768828591249 0.009761850628250435 -0.029476649478132472 0.033439070457211062 0.049413800343285359 0.0075764892130092314 0.057321220923024711 0.10309755211071472 -0.0019354121870820747 0.04051728357781461 -0.0048790919358110887
leaf_count=25671 4473 5148 4577 4241 1589 5504 4827 1547 927 4270 130 131 143 771 3061
internal_value=0 -0.480353 0.436059 0.00450148 0.251727 0.162515 -0.714756 0.268396 0.38209 -0.0549086 -0.432986 0.0292122 1.04078 0.274321 -0.375863
internal_count=67010 44899 22111 11340 17534 15945 33559 6062 7202 8743 5278 4515 274 6275 7888
shrinkage=0.05


Tree=15
num_leaves=16
num_cat=0
split_feature=4 3 4 0 0 0 2 2 2 2 3 2 4 0 0
split_gain=720.349 159.373 117.376 72.7496 59.7766 55.51 49.5263 39.519 38.7358 31.1634 27.9028 22.7971 20.8427 22.4909 19.945
threshold=127.16666666666667 73.833333333333357 139.25000000000003 45.500000000000007 47.500000000000007 49.500000000000007 29.050000000000004 29.350000000000005 22.050000000000004 23.650000000000002 85.833333333333357 28.650000000000002 159.25000000000003 38.500000000000007 60.500000000000007
decision_type=10 10 10 2 2 2 10 10 8 8 10 8 10 2 2
left_child=1 5 3 7 11 -1 -7 10 -6 14 -2 -3 13 -4 -5
right_child=2 4 12 9 8 6 -8 -9 -10 -11 -12 -13 -14 -15 -16
leaf_value=-0.04256265798378385 -0.022744700770858987 -0.024253937704638708 -0.020986216213164904 0.0049236867312001682 -0.016892627937537062 -0.019875901387511628 0.10909671629456111 0.032862880010951001 0.015908984829251165 0.029703021305696166 0.007059249811823644 0.016786114491164888 0.056353828054090262 0.034468245772457655 0.053338113573959803
leaf_count=22952 4838 8248 179 4285 2485 6349 95 710 4478 4612 1427 648 681 4824 199
internal_value=0 -0.44864 0.428455 0.220134 -0.121296 -0.710034 -0.328691 -0.121195 0.131201 0.4117 -0.247444 -0.406746 0.728246 0.658068 0.171032
internal_count=67010 45255 21755 16071 15859 29396 6444 6975 6963 9096 6265 8896 5684 5003 4484
shrinkage=0.05


Tree=16
num_leaves=16
num_cat=0
split_feature=3 0 3 2 2 0 2 0 2 3 3 4 9 8 4
split_gain=656.981 189.647 99.9526 62.4015 49.5082 46.7467 34.0201 31.1834 27.4251 23.4601 22.444 21.0429 20.6155 19.6233 18.7276
threshold=79.166666666666671 49.500000000000007 87.833333333333357 21.850000000000005 24.250000000000004 53.500000000000007 26.250000000000004 55.500000000000007 27.950000000000003 85.833333333333357 95.833333333333357 125.83333333333336 1.0000000180025095e-35 1.0000000180025095e-35 117.25000000000001
decision_type=10 2 10 8 8 2 8 2 8 10 10 10 2 2 10
left_child=1 4 5 14 -1 6 9 11 -7 -2 12 -5 -4 -8 -3
right_child=2 3 10 7 -6 8 13 -9 -10 -11 -12 -13 -14 -15 -16
leaf_value=-0.040903827291403322 -0.0096404908504859905 -0.03426720029709724 0.022198617464741294 -0.010519821686051631 -0.017503429467154021 0.021277612870747063 0.012803160708445629 0.029223828227765054 0.073881239761430004 0.014147586841696917 0.042105443592292964 0.022759388176097489 0.05186881754856907 0.054434392526234478 -0.0046641136551091025
leaf_count=25671 7520 3136 4662 3291 7888 2514 2689 1910 212 1756 1890 1134 516 352 1869
internal_value=0 -0.45561 0.38509 0.00452967 -0.691733 0.177784 0.0554541 0.250596 0.533837 -0.0779924 0.627824 0.0027023 0.511237 0.373677 -0.422443
internal_count=67010 44899 22111 11340 33559 15043 12317 6335 2726 9276 7068 4425 5178 3041 5005
shrinkage=0.05


Tree=17
num_leaves=16
num_cat=0
split_feature=4 3 4 0 0 0 2 3 2 2 0 2 3 6 6
split_gain=602.719 147.569 91.3334 62.0566 53.7528 51.5403 42.1274 35.8322 33.1806 33.0837 32.5261 22.9055 21.0909 19.2573 18.3306
threshold=127.16666666666667 73.833333333333357 139.25000000000003 42.500000000000007 49.500000000000007 47.500000000000007 29.050000000000004 85.833333333333357 27.350000000000005 22.050000000000004 58.500000000000007 29.450000000000003 82.833333333333357 6.2500000000000009 6.1500000000000012
decision_type=10 10 10 2 2 2 10 10 8 8 2 10 10 10 8
left_child=1 4 3 11 -1 12 -6 8 10 -7 13 -2 -3 -5 -4
right_child=2 5 14 7 6 9 -8 -9 -10 -11 -12 -13 -14 -15 -16
leaf_value=-0.041725714243140734 -0.018828365045980761 -0.025829994759314412 0.026846750486829298 -0.006825169001877302 -0.018925121984078558 -0.01606823395895577 0.09528275588837927 0.028219823157953475 0.034018772677296243 0.014398257103704532 0.036774010727690515 0.023414866549278698 0.0018883158789537548 0.037347374970201984 0.043477399890964115
leaf_count=22952 3935 7338 4078 6131 6349 2485 95 3555 1162 4478 478 465 1558 345 1606
internal_value=0 -0.425039 0.380287 0.196544 -0.687735 -0.111715 -0.310528 0.320246 0.153574 0.119286 0.033736 -0.247649 -0.383812 -0.0739933 0.638406
internal_count=67010 45255 21755 16071 29396 15859 6444 11671 8116 6963 6954 4400 8896 6476 5684
shrinkage=0.05


Tree=18
num_leaves=16
num_cat=0
split_feature=4 3 4 0 0 0 2 3 2 0 2 2 2 0 4
split_gain=547.165 141.173 79.4415 55.4809 53.0347 47.3611 36.7449 31.0543 29.7882 29.3671 22.6677 20.8581 20.6242 17.6145 16.9247
threshold=127.16666666666667 73.833333333333357 139.25000000000003 42.500000000000007 49.500000000000007 47.500000000000007 29.050000000000004 85.833333333333357 22.050000000000004 53.500000000000007 28.950000000000003 29.450000000000003 28.650000000000002 57.500000000000007 147.25000000000003
decision_type=10 10 10 2 2 2 10 10 8 2 8 10 8 2 10
left_child=1 4 3 11 -1 12 13 9 -7 10 -5 -2 -3 -6 -4
right_child=2 5 14 7 6 8 -8 -9 -10 -11 -12 -13 -14 -15 -16
leaf_value=-0.041264233159573727 -0.01819149304113429 -0.022502670922006054 0.022504655702976009 -0.0063145501819222866 -0.02559422859488162 -0.015494957332143242 0.084939800460687956 0.026239119786028248 0.013516257289779078 0.023102316010584063 0.032845914844445108 0.021862127878673001 0.016602179244687428 0.0045927424832181924 0.037036439874045479
leaf_count=22952 3935 8248 3151 5676 5264 2485 95 3555 4478 1922 518 465 648 1085 2533
internal_value=0 -0.412317 0.356744 0.185339 -0.675302 -0.106898 -0.299261 0.300586 0.112699 0.145122 -0.0300251 -0.237985 -0.371357 -0.36599 0.594504
internal_count=67010 45255 21755 16071 29396 15859 6444 11671 6963 8116 6194 4400 8896 6349 5684
shrinkage=0.05


Tree=19
num_leaves=16
num_cat=0
split_feature=3 0 4 3 0 6 2 0 2 2 2 0 6 3 2
split_gain=501.293 168.768 70.1083 69.1784 40.4997 34.1794 31.0073 28.5765 24.5637 24.1226 20.1216 19.6559 16.6576 17.4045 15.0155
threshold=79.166666666666671 47.500000000000007 114.25000000000001 89.583333333333357 44.500000000000007 5.7500000000000009 24.250000000000004 60.500000000000007 26.850000000000005 24.150000000000002 28.650000000000002 55.500000000000007 5.9500000000000011 99.166666666666671 33.150000000000013
decision_type=10 2 10 10 2 10 10 2 10 8 8 2 8 10 10
left_child=1 6 10 4 8 11 -1 9 -2 -6 -3 -4 13 -5 -8
right_child=3 2 5 12 7 -7 14 -9 -10 -11 -12 -13 -14 -15 -16
leaf_value=-0.040889634668773718 -0.013311037445315236 -0.027412474414192894 -0.0085974505425709443 0.017249533748854722 0.0043421335937234304 0.028607383782799159 -0.022451381103422083 0.051424091995421521 0.015554649046346881 0.020487291395491294 0.042294564459503282 0.017314560767573407 0.038929789709031964 0.039670961271272599 0.039604327741425763
leaf_count=22706 4589 6744 5190 2485 6186 2100 6535 360 1330 5069 177 1262 1492 600 185
internal_value=0 -0.419167 -0.0612313 0.321687 0.186595 0.161911 -0.706004 0.292124 -0.100751 0.252017 -0.489639 -0.0107625 0.571305 0.457468 -0.39889
internal_count=67010 44899 15473 22111 17534 8552 29426 11615 5919 11255 6921 6452 4577 3085 6720
shrinkage=0.05


Tree=20
num_leaves=16
num_cat=0
split_feature=4 0 4 0 2 3 2 0 2 2 3 3 0 3 0
split_gain=463.081 112.141 77.4528 60.0408 58.8521 43.6924 32.9782 27.6218 26.3827 25.3825 18.7836 18.271 17.3753 17.9086 17.065
threshold=125.83333333333336 47.500000000000007 139.25000000000003 41.500000000000007 21.850000000000005 82.833333333333357 23.650000000000002 57.500000000000007 29.750000000000004 31.650000000000002 72.833333333333357 73.833333333333357 60.500000000000007 81.583333333333357 54.500000000000007
decision_type=10 2 10 2 8 10 8 2 10 10 10 10 2 10 2
left_child=1 5 3 8 -3 10 12 9 -2 11 -1 -6 13 -5 -8
right_child=2 4 -4 6 7 -7 14 -9 -10 -11 -12 -13 -14 -15 -16
leaf_value=-0.042828814706425605 -0.023809310690598412 -0.026522287986280181 0.026296682849006325 -0.013310336011767846 -0.018780216203735819 0.0059843953186452681 0.014478446497699932 0.028988811474665185 0.025196320757900209 0.087588774896210142 -0.025988232032839051 0.004736577438316663 0.038857027238318416 0.0072518772295130573 0.033825087921000849
leaf_count=18788 3992 6491 5684 3851 3591 1118 6489 1024 401 84 7295 3361 245 3423 1173
internal_value=0 -0.431724 0.288555 0.138157 -0.132685 -0.679359 0.233141 0.0822834 -0.336266 -0.0417238 -0.7452 -0.0809238 0.031586 -0.0179664 0.380696
internal_count=67010 41752 25258 19574 14551 27201 15181 8060 4393 7036 26083 6952 7519 7274 7662
shrinkage=0.05


Tree=21
num_leaves=16
num_cat=0
split_feature=4 3 0 0 2 2 0 2 3 0 0 6 2 4 6
split_gain=424.381 100.329 88.8771 83.387 44.2628 41.5915 28.0711 25.765 21.8926 20.0853 19.411 19.0008 17.3416 20.0684 15.8439
threshold=121.16666666666667 85.833333333333357 48.500000000000007 52.500000000000007 29.050000000000004 21.850000000000005 41.500000000000007 27.250000000000004 79.833333333333357 54.500000000000007 61.500000000000007 6.1500000000000012 22.350000000000005 149.16666666666671 6.1500000000000012
decision_type=10 10 2 2 8 8 2 8 10 2 2 10 8 10 10
left_child=2 3 8 4 6 -4 -2 14 -1 12 11 -7 -3 -14 -5
right_child=1 9 5 7 -6 10 -8 -9 -10 -11 -12 -13 13 -15 -16
leaf_value=-0.039660190886883315 -0.027858885183282112 0.0054936322134508074 -0.027430032842034064 0.010292780138562177 0.021927562485510369 -0.0041048057226336573 -0.0059926228944331313 0.049107459163841384 -0.010883218710532612 0.03447819317126611 0.057761154091569539 0.038023725346001937 0.01692414093128489 0.035484860388420358 0.041317581039738899
leaf_count=23206 5039 1991 4713 3572 1526 4521 11675 503 1487 1540 186 485 5036 1087 443
internal_value=0 0.220985 -0.5129 0.0278621 -0.146281 -0.158634 -0.231535 0.394414 -0.732491 0.426196 0.0840303 0.017216 0.36329 0.432398 0.289068
internal_count=67010 32412 34598 22758 18240 9905 16714 4518 24693 9654 5192 5006 8114 6123 4015
shrinkage=0.05


Tree=22
num_leaves=16
num_cat=0
split_feature=4 4 0 0 0 2 4 6 3 9 0 8 6 3 0
split_gain=391.753 123.354 71.0545 54.4832 33.152 31.1804 29.5094 26.6568 25.6199 24.6738 22.3626 21.1114 17.3034 15.6641 14.9265
threshold=117.25000000000001 131.83333333333334 46.500000000000007 53.500000000000007 55.500000000000007 26.650000000000002 147.25000000000003 9.7500000000000018 82.833333333333357 1.0000000180025095e-35 38.500000000000007 1.0000000180025095e-35 6.4500000000000011 83.166666666666671 61.500000000000007
decision_type=10 10 2 2 2 8 10 10 10 2 2 2 10 10 2
left_child=3 2 7 11 6 -4 9 8 -2 10 -3 -1 14 -12 -5
right_child=1 4 5 12 -6 -7 -8 -9 -10 -11 13 -13 -14 -15 -16
leaf_value=-0.03817460318983637 -0.025886286400391641 -0.028424304961449754 0.0012226178083083164 -0.012969570204692081 0.032029364004451298 0.027344034609671455 0.026616534026681949 0.1435976773850135 -0.00051303351846932463 0.031573576015490122 -0.0022151453245002322 0.009926615518296272 0.063150148473125847 0.012888479042769956 0.03907019160824917
leaf_count=23913 10894 673 9294 2529 2082 1592 2030 26 2267 1064 4306 718 135 5245 242
internal_value=0 0.169158 -0.0737715 -0.613204 0.348029 0.130717 0.27834 -0.362084 -0.377896 0.190158 0.133082 -0.730494 -0.0507094 0.169495 -0.141449
internal_count=67010 39473 24073 27537 15400 10886 13318 13187 13161 11288 10224 24631 2906 9551 2771
shrinkage=0.05


Tree=23
num_leaves=16
num_cat=0
split_feature=4 4 0 0 4 2 0 9 8 9 3 6 6 2 2
split_gain=361.863 109.76 65.0584 52.6348 29.277 28.8588 25.9409 25.3321 20.291 20.028 18.5534 19.1169 18.4854 17.3725 15.3988
threshold=117.25000000000001 131.83333333333334 46.500000000000007 53.500000000000007 145.16666666666671 30.650000000000002 42.500000000000007 1.0000000180025095e-35 1.0000000180025095e-35 1.0000000180025095e-35 83.166666666666671 6.3500000000000005 6.1500000000000012 23.650000000000002 20.750000000000004
decision_type=10 10 2 2 10 8 2 2 2 2 10 10 8 8 8
left_child=3 2 7 8 6 -4 9 10 -1 -3 11 -2 -6 -8 -5
right_child=1 4 5 14 12 -7 13 -9 -10 -11 -12 -13 -14 -15 -16
leaf_value=-0.037627164618515924 -0.027693447046322317 -0.0076992003026943139 0.0039133651314139954 -0.02911870384119622 0.020130264208981397 0.051263441044264585 0.0069553558877741926 0.023912962041375906 0.0093659568631657662 0.054440522040801055 -0.0022672648612492847 0.057235826863320363 0.041075902248705082 0.021094893079212248 0.0076038521589022762
leaf_count=23913 10709 2948 10530 1013 2318 356 4184 617 718 139 1724 137 821 4990 1893
internal_value=0 0.159934 -0.0703816 -0.600087 0.327081 0.123535 0.23577 -0.349874 -0.718888 -0.0754032 -0.41161 -0.522338 0.521985 0.309689 -0.0479202
internal_count=67010 39473 24073 27537 15400 10886 12261 13187 24631 3087 12570 10846 3139 9174 2906
shrinkage=0.05


Tree=24
num_leaves=16
num_cat=0
split_feature=3 0 3 0 4 2 2 0 2 6 3 9 2 6 6
split_gain=335.13 114.721 52.9176 37.0514 36.5714 36.244 29.5646 19.0441 18.6939 16.3747 16.0501 17.133 15.381 15.3416 14.8954
threshold=77.416666666666671 49.500000000000007 87.833333333333357 52.500000000000007 115.33333333333336 24.150000000000002 29.450000000000003 38.500000000000007 27.450000000000003 5.7500000000000009 85.833333333333357 1.0000000180025095e-35 21.750000000000004 8.3500000000000032 7.4500000000000011
decision_type=10 2 10 2 10 10 8 2 8 10 10 2 8 8 10
left_child=1 5 3 6 -3 14 7 -2 -5 -7 11 -9 -6 -14 -1
right_child=2 4 -4 8 12 9 -8 10 -10 -11 -12 -13 13 -15 -16
leaf_value=-0.039244905389709234 -0.036730664778460452 -0.019021033420357786 0.019413679409266856 0.012195419774193391 -0.0091000350884230721 -0.02157717297743382 0.023194578701299068 -0.0093439204773863686 0.042261513302103842 0.012716410361519338 0.0108031343001009 0.019412493419800895 0.022249961721545777 -0.014217005638995096 0.082687436824213367
leaf_count=23872 950 5088 7068 3747 1669 5560 1182 10321 436 1209 1980 787 2546 539 56
internal_value=0 -0.418503 0.216583 0.0859497 -0.0285825 -0.648013 -0.0268713 -0.0922996 0.330601 -0.293421 -0.055711 -0.132332 0.189309 0.329329 -0.77546
internal_count=67010 40539 26471 19403 9842 30697 15220 14038 4183 6769 13088 11108 4754 3085 23928
shrinkage=0.05


end of trees

feature importances:
H25_age=98
H25_bmi=92
H25_dbp=76
H25_sbp=64
H25_a1c=25
H25_is_medicine=15
H25_dl=3
H25_sex=1
H25_lhrate=1

parameters:
[boosting: gbdt]
[objective: binary]
[metric: binary]
[tree_learner: serial]
[device_type: cpu]
[data: ]
[valid: ]
[num_iterations: 100]
[learning_rate: 0.05]
[num_leaves: 16]
[num_threads: 0]
[max_depth: -1]
[min_data_in_leaf: 20]
[min_sum_hessian_in_leaf: 1]
[bagging_fraction: 0.4]
[bagging_freq: 0]
[bagging_seed: 3]
[feature_fraction: 1]
[feature_fraction_seed: 2]
[early_stopping_round: 0]
[max_delta_step: 0]
[lambda_l1: 0]
[lambda_l2: 1]
[min_gain_to_split: 0]
[drop_rate: 0.1]
[max_drop: 50]
[skip_drop: 0.5]
[xgboost_dart_mode: 0]
[uniform_drop: 0]
[drop_seed: 4]
[top_rate: 0.2]
[other_rate: 0.1]
[min_data_per_group: 100]
[max_cat_threshold: 32]
[cat_l2: 10]
[cat_smooth: 10]
[max_cat_to_onehot: 4]
[top_k: 20]
[monotone_constraints: ]
[feature_contri: ]
[forcedsplits_filename: ]
[refit_decay_rate: 0.9]
[verbosity: 0]
[max_bin: 255]
[min_data_in_bin: 3]
[bin_construct_sample_cnt: 200000]
[histogram_pool_size: -1]
[data_random_seed: 1]
[output_model: LightGBM_model.txt]
[snapshot_freq: -1]
[input_model: ]
[output_result: LightGBM_predict_result.txt]
[initscore_filename: ]
[valid_data_initscores: ]
[pre_partition: 0]
[enable_bundle: 1]
[max_conflict_rate: 0]
[is_enable_sparse: 1]
[sparse_threshold: 0.8]
[use_missing: 1]
[zero_as_missing: 0]
[two_round: 0]
[save_binary: 0]
[enable_load_from_binary_file: 1]
[header: 0]
[label_column: ]
[weight_column: ]
[group_column: ]
[ignore_column: ]
[categorical_feature: ]
[predict_raw_score: 0]
[predict_leaf_index: 0]
[predict_contrib: 0]
[num_iteration_predict: -1]
[pred_early_stop: 0]
[pred_early_stop_freq: 10]
[pred_early_stop_margin: 10]
[convert_model_language: ]
[convert_model: gbdt_prediction.cpp]
[num_class: 1]
[is_unbalance: 0]
[scale_pos_weight: 1]
[sigmoid: 1]
[boost_from_average: 1]
[reg_sqrt: 0]
[alpha: 0.9]
[fair_c: 1]
[poisson_max_delta_step: 0.7]
[tweedie_variance_power: 1.5]
[max_position: 20]
[label_gain: ]
[metric_freq: 1]
[is_provide_training_metric: 0]
[eval_at: ]
[num_machines: 1]
[local_listen_port: 12400]
[time_out: 120]
[machine_list_filename: ]
[machines: ]
[gpu_platform_id: -1]
[gpu_device_id: -1]
[gpu_use_dp: 0]

end of parameters

pandas_categorical:[]
